1619722652.766289 10.5
1619722652.893605 16.8
1619722653.019743 16.0
1619722653.144654 17.6
1619722653.269688 16.9
1619722653.394764 16.2
1619722653.521745 14.7
1619722653.643787 11.7
1619722653.762802 17.2
1619722653.909060 7.97
1619722654.037358 15.0
1619722654.167170 15.8
1619722654.292265 17.8
1619722654.418276 9.69
1619722654.538312 15.5
1619722654.663409 14.9
1619722654.789445 17.6
1619722654.914491 16.5
1619722655.039083 16.5
1619722655.164113 15.3
1619722655.290186 13.0
1619722655.412823 15.8
1619722655.537416 17.4
1619722655.663235 15.7
1619722655.788333 17.3
1619722655.914545 17.1
1619722656.040345 16.4
1619722656.164587 16.9
1619722656.289513 13.8
1619722656.410776 11.2
1619722656.535588 17.5
1619722656.660800 17.9
1619722656.786832 17.4
1619722656.913662 13.4
1619722657.037068 14.9
1619722657.167642 16.7
1619722657.292749 12.9
1619722657.413070 17.4
1619722657.538788 17.3
1619722657.664396 17.4
1619722657.792421 17.1
1619722657.917439 16.3
1619722658.042619 14.6
1619722658.167641 17.4
1619722658.293509 14.5
1619722658.416562 15.2
1619722658.540584 17.2
1619722658.665649 16.5
1619722658.791661 14.1
1619722658.915656 15.9
1619722659.040265 15.8
1619722659.180967 17.5
1619722659.313766 15.6
1619722659.440507 16.2
1619722659.590848 17.7
1619722659.717939 11.7
1619722659.837000 17.0
1619722659.963045 14.7
1619722660.095926 19.0
1619722660.223137 17.4
1619722660.349207 17.2
1619722660.476637 21.4
1619722660.606734 18.3
1619722660.732730 21.2
1619722660.863722 23.1
1619722660.994755 23.2
1619722661.127769 16.0
1619722661.252056 22.6
1619722661.390814 23.0
1619722661.520843 17.8
1619722661.646880 20.9
1619722661.776906 21.7
1619722661.906935 20.7
1619722662.035084 22.2
1619722662.167003 21.3
1619722662.297166 17.7
1619722662.422058 21.9
1619722662.552246 20.8
1619722662.680248 23.5
1619722672.920933 74.8
1619722673.104478 73.7
1619722683.396060 11.0
1619722683.515138 11.1
1619722683.639239 9.04
1619722683.761951 10.0
1619722683.878983 6.18
1619722683.994045 8.57
1619722684.111195 10.3
1619722684.247230 8.81
1619722684.363671 5.01
1619722684.479310 7.38
1619722684.597248 9.33
1619722684.717299 10.0
1619722684.839822 8.03
1619722684.955476 6.54
1619722685.069570 7.33
1619722685.186148 9.79
1619722685.303608 9.51
1619722685.422894 8.29
1619722685.539541 6.55
1619722685.654496 8.48
1619722685.771243 8.12
1619722685.888732 8.85
1619722686.006249 9.65
1619722686.124627 7.90
1619722686.240977 8.15
1619722686.357921 9.22
1619722686.477985 10.0
1619722686.596429 9.40
1619722686.713952 7.75
1619722686.831481 8.04
1619722686.948155 8.18
1619722687.064810 4.50
1619722687.178889 9.64
1619722687.297240 7.71
1619722687.413927 5.84
1619722687.527757 6.59
1619722687.646784 6.92
1619722687.768174 6.17
1619722687.894620 7.82
1619722688.009567 5.72
1619722688.122736 10.5
1619722688.241324 9.55
1619722688.358146 9.41
1619722688.478053 4.84
1619722688.590413 9.49
1619722688.708837 5.50
1619722688.821878 10.1
1619722688.941082 9.06
1619722689.065484 8.53
1619722689.183949 6.80
1619722689.298008 11.0
1619722689.417288 8.51
1619722689.533719 7.55
1619722689.653155 5.46
1619722689.766398 9.34
1619722689.883257 4.90
1619722689.995640 8.52
1619722690.113166 10.1
1619722690.240586 13.4
1619722690.400208 7.15
1619722690.522673 6.18
1619722690.640111 9.37
1619722690.756806 9.44
1619722690.878598 7.06
1619722690.993771 8.41
1619722691.109584 6.60
1619722691.229294 10.0
1619722691.346954 10.1
1619722691.469494 7.82
1619722691.585341 9.02
1619722691.702790 5.79
1619722691.816012 8.76
1619722691.932802 8.99
1619722692.056030 8.42
1619722692.172164 9.64
1619722692.289705 10.0
1619722692.409583 8.52
1619722692.526630 9.67
1619722692.657664 11.1
1619722692.779107 5.72
1619722692.893012 246
1619722703.356364 7.68
1619722703.504460 8.90
1619722703.621386 8.97
1619722703.738454 8.05
1619722703.854511 8.11
1619722703.971169 6.43
1619722704.102783 8.07
1619722704.218640 5.03
1619722704.331858 7.06
1619722704.447461 8.22
1619722704.563835 7.94
1619722704.693057 7.65
1619722704.808659 7.79
1619722704.925832 5.78
1619722705.040658 9.53
1619722705.159257 7.06
1619722705.286327 8.75
1619722705.404549 8.64
1619722705.518578 7.74
1619722705.634090 4.47
1619722705.748084 7.42
1619722705.866856 8.59
1619722705.984054 7.80
1619722706.099857 7.19
1619722706.215438 5.25
1619722706.331133 7.33
1619722706.447664 7.84
1619722706.562934 7.87
1619722706.680273 6.41
1619722706.794397 7.96
1619722706.922964 8.07
1619722707.038429 7.84
1619722707.153110 7.27
1619722707.267729 5.36
1619722707.380145 7.99
1619722707.495732 8.22
1619722707.612244 5.35
1619722707.726945 7.25
1619722707.842580 6.99
1619722707.958985 5.37
1619722708.072957 8.20
1619722708.189731 5.50
1619722708.309273 5.60
1619722708.423196 7.66
1619722708.538859 6.54
1619722708.654682 5.23
1619722708.768381 7.84
1619722708.900066 8.45
1619722709.017228 7.16
1619722709.132318 7.63
1619722709.248103 8.03
1619722709.370741 3.62
1619722709.488379 7.79
1619722709.604384 4.12
1619722709.717444 7.35
1619722709.833169 5.39