1619685765.080017 13.3
1619685765.212671 17.0
1619685765.337999 16.1
1619685765.462601 11.5
1619685765.582846 16.0
1619685765.707423 16.0
1619685765.832600 16.7
1619685765.958830 15.9
1619685766.083251 17.0
1619685766.210600 17.5
1619685766.337985 13.3
1619685766.460437 16.6
1619685766.587040 17.4
1619685766.717945 14.6
1619685766.841310 16.9
1619685766.967782 15.9
1619685767.094069 16.3
1619685767.220272 16.7
1619685767.351572 16.7
1619685767.477788 15.8
1619685767.603181 16.3
1619685767.729037 16.6
1619685767.855317 16.4
1619685767.980493 16.4
1619685768.105993 15.8
1619685768.231252 17.0
1619685768.357591 16.9
1619685768.482729 16.5
1619685768.611398 13.3
1619685768.733101 17.0
1619685768.858912 17.1
1619685768.984778 15.4
1619685769.109406 16.7
1619685769.235118 14.6
1619685769.359148 14.7
1619685769.482982 14.8
1619685769.607887 16.3
1619685769.733348 14.7
1619685769.859572 12.7
1619685769.981037 16.2
1619685770.108911 14.1
1619685770.232710 13.4
1619685770.355792 14.2
1619685770.479081 15.3
1619685770.608484 13.1
1619685770.731421 13.5
1619685770.860252 16.2
1619685771.001700 15.9
1619685771.127622 13.1
1619685771.249991 15.2
1619685771.374832 17.8
1619685771.501764 17.9
1619685771.631962 14.4
1619685771.756759 15.3
1619685771.882606 12.7
1619685772.013144 16.3
1619685772.145050 17.0
1619685772.271507 17.7
1619685772.398098 13.5
1619685772.521160 14.2
1619685772.645020 17.5
1619685772.772188 16.2
1619685772.898323 13.9
1619685773.022373 12.9
1619685773.147241 16.5
1619685773.275536 15.6
1619685773.401147 15.1
1619685773.526127 16.1
1619685773.669579 17.2
1619685773.795878 16.0
1619685773.920357 16.6
1619685774.046086 16.3
1619685774.171425 16.5
1619685774.296753 17.3
1619685774.423984 15.7
1619685774.548666 15.4
1619685774.673186 16.0
1619685774.797988 12.8
1619685774.928823 15.8
1619685775.058560 13.9
1619685775.180947 508
1619685775.799063 1160
1619685777.073807 2422
1619685799.832695 423
1619685800.364308 439
1619685800.911742 445
1619685801.467939 438
1619685802.018802 440
1619685802.569964 448
1619685803.125510 443
1619685803.677668 445
1619685804.232143 447
1619685804.789291 4257
1619685809.157613 6272
1619685815.540252 476
1619685816.126253 505
1619685816.740366 291
1619685817.139956 236
1619685817.484544 238
1619685817.836482 222
1619685818.167844 207
1619685818.482957 210
1619685818.803410 211
1619685819.124677 215
1619685819.448829 203
1619685819.759942 212
1619685820.080041 201
1619685820.390377 196
1619685820.697236 202