1619719214.982957 20.2
1619719215.117212 14.6
1619719215.254516 17.2
1619719215.380011 17.1
1619719215.504572 16.1
1619719215.631546 13.4
1619719215.753581 17.3
1619719215.878659 15.8
1619719216.003872 13.5
1619719216.136890 12.8
1619719216.263890 14.1
1619719216.387912 15.6
1619719216.512010 14.1
1619719216.636018 16.8
1619719216.764002 12.5
1619719216.887608 13.7
1619719217.023593 14.1
1619719217.147638 15.0
1619719217.272817 17.3
1619719217.399273 17.6
1619719217.524120 15.2
1619719217.649397 11.7
1619719217.768210 16.3
1619719217.893835 16.8
1619719218.019275 13.8
1619719218.146917 13.2
1619719218.269962 14.1
1619719218.394063 14.6
1619719218.519549 16.5
1619719218.644542 14.7
1619719218.768585 14.5
1619719218.892593 16.0
1619719219.017614 16.7
1619719219.144089 17.5
1619719219.273970 16.5
1619719219.410991 17.0
1619719219.536962 14.5
1619719219.660061 15.1
1619719219.785493 15.7
1619719219.908171 15.2
1619719220.043152 16.9
1619719220.168349 11.7
1619719220.293140 16.9
1619719220.419032 15.9
1619719220.544374 14.3
1619719220.667500 16.4
1619719220.793503 17.1
1619719220.918518 17.3
1619719221.044901 17.2
1619719221.173962 14.1
1619719221.295142 15.7
1619719221.419221 15.5
1619719221.544367 16.8
1619719221.671345 14.5
1619719221.801808 16.7
1619719221.930330 13.9
1619719222.052326 16.6
1619719222.176440 16.8
1619719222.302026 11.9
1619719222.438435 15.8
1619719222.567642 15.5
1619719222.693296 15.0
1619719222.819285 14.9
1619719222.944491 16.1
1619719223.070409 13.0
1619719223.195401 16.0
1619719223.320446 16.2
1619719223.446497 16.4
1619719223.571533 13.3
1619719223.693636 13.6
1619719223.818872 14.7
1619719223.946778 15.9
1619719224.081043 15.2
1619719224.211555 13.5
1619719224.333904 17.0
1619719224.459991 17.0
1619719224.586904 15.4
1619719224.710221 11.8
1619719224.847829 13.5
1619719224.969825 16.4
1619719225.095126 326
1619719225.532474 177
1619719225.819883 219
1619719226.158770 174
1619719226.442586 104
1619719226.656352 32.0
1619719226.797402 12.5
1619719226.917406 5.90
1619719237.142528 83.2
1619719237.334546 73.7
1619719237.516746 38.6
1619719247.770879 8.69
1619719247.889398 7.71
1619719248.004818 8.24
1619719248.123380 8.24
1619719248.240495 9.43
1619719248.359219 10.3
1619719248.478343 9.51
1619719248.599510 6.26
1619719248.718201 5.82
1619719248.831508 7.67
1619719248.946643 7.57
1619719249.063619 7.51
1619719249.180677 9.53
1619719249.298621 8.72
1619719249.415638 10.9
1619719249.538703 6.55
1619719249.654540 7.69
1619719249.770965 9.80
1619719249.889844 10.1
1619719250.012380 9.66
1619719250.139789 7.17
1619719250.254938 5.70
1619719250.368858 8.97
1619719250.486483 9.30
1619719250.608608 8.45
1619719250.733874 6.96
1619719250.850927 4.97
1619719250.967033 9.25
1619719251.086448 9.56
1619719251.207680 8.47
1619719251.334169 6.93
1619719251.451073 6.22
1619719251.568644 7.84
1619719251.686836 10.1
1619719251.806972 8.92
1619719251.931822 5.96
1619719252.048260 5.44
1619719252.163482 7.91
1619719252.281204 8.40
1619719252.398032 8.00
1619719252.532543 5.92
1619719252.648976 5.25
1619719252.764975 7.68
1619719252.881356 9.71
1619719253.001781 7.78
1619719253.137124 7.73
1619719253.254762 7.18
1619719253.371463 6.55
1619719253.486356 5.54
1619719253.600686 21.7
1619719253.774218 7.69
1619719253.890901 8.07
1619719254.009642 6.95
1619719254.126354 7.06
1619719254.241848 9.40
1619719254.360309 8.77
1619719254.478296 8.02
1619719254.595321 5.00
1619719254.711123 8.63
1619719254.828186 8.88
1619719254.948092 8.23
1619719265.176760 4.48
1619719265.289912 7.43
1619719265.405347 10.4
1619719265.532318 9.33
1619719265.650277 12.7
1619719265.771707 8.95
1619719265.891774 5.07
1619719266.007832 7.81
1619719266.127558 11.9
1619719266.249078 4.76
1619719266.367566 48.1
1619719266.580705 5.42
1619719266.695797 6.34
1619719266.810555 5.28
1619719266.933292 5.61
1619719267.048554 8.04
1619719267.164915 9.37
1619719267.282534 5.00
1619719267.398120 8.67
1619719267.521650 6.57
1619719267.638158 8.54
1619719267.756474 6.15
1619719267.873598 8.63
1619719267.992137 8.34
1619719268.108295 10.7
1619719268.228802 7.26
1619719268.343868 7.94
1619719268.460601 6.75
1619719268.576456 10.7
1619719268.703928 5.79
1619719268.822837 9.85
1619719268.942283 7.18
1619719269.058816 8.85
1619719269.177720 5.13
1619719269.290161 4.52
1619719269.403488 6.99
1619719269.518301 6.35
1619719269.633125 7.34
1619719269.749339 8.45
1619719269.866811 7.48
1619719269.985259 7.30
1619719270.102043 6.78
1619719270.219189 6.10
1619719270.334877 7.67
1619719270.452069 9.05
1619719270.575293 7.62
1619719270.691663 8.91
1619719270.808924 9.77
1619719270.927354 8.39
1619719271.045509 8.38
1619719271.178158 7.54
1619719271.296248 10.4
1619719271.416750 10.9
1619719271.537579 7.33
1619719271.663051 9.30
1619719271.805390 7.30
1619719271.921916 8.79
1619719272.040924 9.96
1619719272.160627 7.51
1619719272.276865 8.29
1619719272.395494 4.54
1619719272.509919 3.30
1619719272.622884 8.76
1619719272.745167 5.93
1619719272.858633 6.36
1619719272.979552 6.42