1619718104.745687, 0
1619718104.782098, 0
1619718104.801716, 0
1619718104.821137, 0
1619718104.857944, 2
1619718104.893246, 2
1619718104.916814, 2
1619718104.940378, 1
1619718104.958510, 2
1619718104.977297, 1
1619718104.993302, 1
1619718105.009303, 3
1619718105.026317, 1
1619718105.042462, 1
1619718105.061381, 3
1619718105.082953, 2
1619718105.098667, 2
1619718105.116948, 3
1619718105.134024, 2
1619718105.151042, 2
1619718105.167954, 3
1619718105.185628, 3
1619718105.202074, 3
1619718105.222042, 4
1619718105.241126, 5
1619718105.257179, 4
1619718105.275020, 5
1619718105.291010, 4
1619718105.308061, 4
1619718105.324058, 4
1619718105.341030, 3
1619718105.359845, 1
1619718105.379057, 3
1619718105.395136, 1
1619718105.412164, 0
1619718105.431152, 1
1619718105.459350, 1
1619718105.478104, 2
1619718105.496250, 2
1619718105.515207, 1
1619718105.532157, 1
1619718105.550031, 2
1619718105.568230, 1
1619718105.585709, 2
1619718105.603092, 3
1619718105.625267, 1
1619718105.645359, 2
1619718105.662064, 3
1619718105.678229, 2
1619718105.695436, 3
1619718105.716518, 3
1619718105.737086, 4
1619718105.755390, 3
1619718105.772718, 4
1619718105.795422, 5
1619718105.816429, 4
1619718105.840430, 4
1619718105.859532, 4
1619718105.880540, 3
1619718105.905902, 3
1619718105.924936, 2
1619718105.945254, 2
1619718105.963034, 1
1619718105.981591, 4
1619718105.999720, 2
1619718106.020841, 2
1619718106.037560, 3
1619718106.075915, 3
1619718106.095516, 4
1619718106.112641, 4
1619718106.130574, 3
1619718106.146602, 5
1619718106.169546, 2
1619718106.186367, 4
1619718106.203425, 3
1619718106.220586, 2
1619718106.236476, 2
1619718106.252666, 3
1619718106.271410, 2
1619718106.287490, 4
1619718106.314486, 2
1619718106.331637, 2
1619718106.348675, 2
1619718106.365697, 2
1619718106.382149, 2
1619718106.402709, 2
1619718106.418947, 3
1619718106.435784, 4
1619718106.462976, 4
1619718106.486925, 4
1619718106.505796, 3
1619718106.523732, 4
1619718106.541812, 4
1619718106.558823, 5
1619718106.586912, 3
1619718106.602789, 3
1619718106.621812, 2
1619718106.639788, 2
1619718106.676488, 2
1619718106.703026, 3
1619718106.721907, 2
1619718106.737227, 1
1619718106.755045, 2
1619718106.772057, 3
1619718106.792513, 3
1619718106.811469, 3
1619718106.830886, 3
1619718106.850917, 4
1619718106.871945, 4
1619718106.889641, 4
1619718106.906804, 4
1619718106.923943, 4
1619718106.945709, 3
1619718106.962943, 2
1619718106.979312, 0
1619718106.996447, 3
1619718107.012842, 2
1619718107.031476, 2
1619718107.051163, 2
1619718107.067507, 2
1619718107.084603, 4
1619718107.104299, 2
1619718107.121239, 2
1619718107.145359, 3
1619718107.165423, 3
1619718107.181279, 4
1619718107.198495, 3
1619718107.220344, 5
1619718107.237408, 4
1619718107.275188, 4
1619718107.296282, 2
1619718107.313836, 0
1619718107.332714, 1
1619718107.351197, 3
1619718107.368698, 2
1619718107.387402, 1
1619718107.405185, 2
1619718107.422349, 3
1619718107.438694, 3
1619718107.455124, 2
1619718107.473108, 2
1619718107.489414, 3
1619718107.508251, 3
1619718107.525385, 3
1619718107.541671, 4
1619718107.559600, 4
1619718107.579084, 4
1619718107.595512, 3
1619718107.614146, 2
1619718107.632499, 1
1619718107.651267, 2
1619718107.668820, 2
1619718107.686312, 1
1619718107.703941, 1
1619718107.723348, 2
1619718107.741246, 2
1619718107.760822, 3
1619718107.777461, 2
1619718107.796129, 2
1619718107.814412, 2
1619718107.832639, 3
1619718107.870575, 4
1619718107.888784, 5
1619718107.909657, 4
1619718107.929789, 3
1619718107.974833, 1
1619718108.011938, 2
1619718108.047016, 1
1619718108.064957, 2
1619718108.082078, 3
1619718108.097741, 2
1619718108.113938, 2
1619718108.131815, 3
1619718108.149544, 3
1619718108.166920, 1
1619718108.184041, 2
1619718108.201152, 3
1619718108.217630, 2
1619718108.234675, 3
1619718108.251848, 2
1619718108.268583, 4
1619718108.286908, 3
1619718108.304165, 4
1619718108.322511, 4
1619718108.338943, 4
1619718108.356997, 2
1619718108.380362, 3
1619718108.397518, 1
1619718108.414566, 1
1619718108.434026, 2
1619718108.469248, 1
1619718108.498783, 2
1619718108.516216, 3
1619718108.539127, 3
1619718108.560475, 2
1619718108.577517, 2
1619718108.594019, 3
1619718108.611820, 3
1619718108.627804, 4
1619718108.644426, 4
1619718108.664551, 3
1619718108.681637, 4
1619718108.699505, 5
1619718108.717658, 2
1619718108.736305, 3
1619718108.753324, 2
1619718108.770606, 2
1619718108.786806, 1
1619718108.804764, 2
1619718108.826340, 2
1619718108.844530, 2
1619718108.864169, 2
1619718108.880996, 2
1619718108.900601, 4
1619718108.923342, 3
1619718108.949803, 4
1619718108.972569, 5
1619718108.995932, 4
1619718109.022998, 4
1619718109.041811, 2
1619718109.072154, 2
1619718109.094675, 2
1619718109.121506, 2
1619718109.142430, 1
1619718109.163169, 2
1619718109.181268, 3
1619718109.201424, 3
1619718109.219173, 3
1619718109.236681, 3
1619718109.254870, 3
1619718109.271044, 3
1619718109.285885, 3
1619718109.302708, 4
1619718109.318380, 5
1619718109.337088, 4
1619718109.352920, 4
1619718109.372324, 4
1619718109.389076, 1
1619718109.407353, 2
1619718109.426301, 2
1619718109.443725, 2
1619718109.465991, 2
1619718109.482836, 1
1619718109.499648, 1
1619718109.518568, 2
1619718109.536215, 3
1619718109.557971, 4
1619718109.577918, 3
1619718109.597343, 2
1619718109.615191, 3
1619718109.633528, 4
1619718109.684034, 4
1619718109.704676, 4
1619718109.721484, 4
1619718109.739001, 4
1619718109.759943, 2
1619718109.777475, 2
1619718109.798984, 0
1619718109.818142, 0
1619718109.839437, 0
1619718109.860925, 1
1619718109.878975, 0
1619718109.902558, 3
1619718109.923904, 2
1619718109.941907, 2
1619718109.962356, 1
1619718109.978971, 1
1619718110.000745, 2
1619718110.027066, 2
1619718110.044499, 2
1619718110.066657, 1
1619718110.085547, 3
1619718110.102392, 2
1619718110.118630, 4
1619718110.135195, 4
1619718110.151851, 3
1619718110.168104, 5
1619718110.185076, 4
1619718110.206483, 5
1619718110.223659, 3
1619718110.241088, 0
1619718110.283042, 1
1619718110.300523, 3
1619718110.318775, 2
1619718110.336326, 2
1619718110.354195, 2
1619718110.373008, 1
1619718110.391179, 2
1619718110.408429, 3
1619718110.426615, 4
1619718110.444241, 2
1619718110.461099, 3
1619718110.478629, 5
1619718110.496120, 4
1619718110.515045, 4
1619718110.533270, 5
1619718110.551405, 4
1619718110.570640, 5
1619718110.587817, 2
1619718110.606054, 1
1619718110.623559, 1
1619718110.641823, 3
1619718110.659249, 3
1619718110.676650, 2
1619718110.695852, 2
1619718110.713154, 2
1619718110.732089, 3
1619718110.749682, 2
1619718110.769840, 2
1619718110.786444, 4
1619718110.805643, 3
1619718110.825820, 3
1619718110.844688, 4
1619718110.884076, 4
1619718110.908670, 3
1619718110.928354, 1
1619718110.944241, 2
1619718110.960695, 1
1619718110.976601, 2
1619718110.996466, 2
1619718111.015316, 3
1619718111.034493, 2
1619718111.052692, 1
1619718111.072057, 3
1619718111.091840, 2
1619718111.110381, 3
1619718111.131867, 3
1619718111.148910, 2
1619718111.168652, 3
1619718111.188101, 5
1619718111.205953, 5
1619718111.229156, 4
1619718111.248370, 4
1619718111.267185, 3
1619718111.288201, 3
1619718111.308856, 2
1619718111.330410, 3
1619718111.348563, 3
1619718111.366945, 1
1619718111.385743, 2
1619718111.401976, 4
1619718111.420211, 2
1619718111.436728, 3
1619718111.472568, 4
1619718111.491398, 2
1619718111.509787, 4
1619718111.526336, 3
1619718111.552812, 3
1619718111.570358, 4
1619718111.586889, 2
1619718111.604653, 1
1619718111.621754, 2
1619718111.638330, 1
1619718111.655443, 2
1619718111.671937, 2
1619718111.694184, 2
1619718111.715109, 1
1619718111.732300, 2
1619718111.751653, 4
1619718111.768545, 2
1619718111.786157, 3
1619718111.806562, 3
1619718111.827624, 3
1619718111.847207, 5
1619718111.867913, 4
1619718111.885010, 4
1619718111.906197, 4
1619718111.924493, 3
1619718111.944218, 2
1619718111.961886, 2
1619718111.979792, 1
1619718111.997010, 1
1619718112.014592, 2
1619718112.034193, 2
1619718112.064468, 2
1619718112.086005, 4
1619718112.109701, 3
1619718112.127153, 3
1619718112.145080, 3
1619718112.163961, 3
1619718112.181828, 5
1619718112.200220, 4
1619718112.220336, 5
1619718112.238302, 3
1619718112.254318, 2
1619718112.271774, 2
1619718112.293512, 1
1619718112.312608, 2
1619718112.330902, 2
1619718112.351052, 2
1619718112.369291, 2
1619718112.388462, 3
1619718112.408324, 1
1619718112.423237, 3
1619718112.442899, 3
1619718112.458770, 2
1619718112.476820, 4
1619718112.494994, 3
1619718112.511618, 3
1619718112.531270, 4
1619718112.548359, 4
1619718112.566723, 3
1619718112.594000, 5
1619718112.612433, 2
1619718112.630092, 1
1619718112.647864, 1
1619718112.670779, 1
1619718112.692740, 2
1619718112.717170, 2
1619718112.735300, 2
1619718112.752351, 3
1619718112.782083, 4
1619718112.801797, 4
1619718112.819596, 3
1619718112.837542, 5
1619718112.860197, 3
1619718112.882361, 4
1619718112.905777, 2
1619718112.928650, 1
1619718112.946885, 2
1619718112.965846, 3
1619718112.983227, 1
1619718113.000732, 1
1619718113.019447, 3
1619718113.035636, 3
1619718113.055509, 4
1619718113.073132, 2
1619718113.091500, 4
1619718113.110016, 2
1619718113.125788, 3
1619718113.141657, 3
1619718113.158256, 3
1619718113.177122, 3
1619718113.193955, 4
1619718113.212293, 5
1619718113.232203, 3
1619718113.252688, 1
1619718113.276700, 0
1619718113.299698, 1
1619718113.317609, 2
1619718113.337121, 2
1619718113.356223, 1
1619718113.376248, 2
1619718113.395114, 3
1619718113.422348, 0
1619718113.450557, 2
1619718113.472665, 1
1619718113.506626, 1
1619718113.531339, 1
1619718113.549090, 4
1619718113.566903, 2
1619718113.584191, 0
1619718113.605283, 0
1619718113.622695, 4
1619718113.638659, 2
1619718113.655103, 1
1619718113.671458, 1
1619718113.688596, 3
1619718113.705703, 4
1619718113.726683, 3
1619718113.743190, 2
1619718113.759037, 3
1619718113.776471, 3
1619718113.794966, 3
1619718113.814921, 2
1619718113.832041, 4
1619718113.848430, 4
1619718113.893510, 1
1619718113.913873, 2
1619718113.930267, 3
1619718113.966565, 1
1619718113.995009, 1
1619718114.012325, 1
1619718114.031755, 4
1619718114.048167, 2
1619718114.066260, 4
1619718114.083586, 1
1619718114.099933, 3
1619718114.117685, 3
1619718114.138440, 2
1619718114.154433, 3
1619718114.172842, 4
1619718114.190218, 4
1619718114.207562, 4
1619718114.224189, 5
1619718114.241316, 4
1619718114.257220, 5
1619718114.273035, 2
1619718114.290143, 2
1619718114.306035, 1
1619718114.321664, 0
1619718114.338147, 0
1619718114.356470, 2
1619718114.372236, 2
1619718114.389900, 3
1619718114.409724, 0
1619718114.425915, 0
1619718114.443028, 3
1619718114.460356, 0
1619718114.486049, 4
1619718114.502047, 2
1619718114.519587, 0
1619718114.535522, 3
1619718114.552931, 1
1619718114.572171, 2
1619718114.592266, 3
1619718114.611508, 2
1619718114.629451, 4
1619718114.648759, 3
1619718114.667465, 3
1619718114.684922, 3
1619718114.700635, 5
1619718114.716381, 4
1619718114.733879, 4
1619718114.751206, 4
1619718114.771141, 2
1619718114.788520, 0
1619718114.846885, 0
1619718114.866506, 2
1619718114.886981, 2
1619718114.903284, 3
1619718114.921645, 2
1619718114.938817, 2
1619718114.954459, 1
1619718114.974284, 3
1619718114.993332, 2
1619718115.011795, 2
1619718115.027613, 2
1619718115.043518, 4
1619718115.061514, 4
1619718115.100867, 4
1619718115.118773, 4
1619718115.134563, 5
1619718115.150457, 5
1619718115.169744, 3
1619718115.186541, 2
1619718115.203725, 3
1619718115.220258, 1
1619718115.236471, 1
1619718115.253972, 3
1619718115.271666, 2
1619718115.290608, 3
1619718115.308142, 1
1619718115.325085, 2
1619718115.343686, 3
1619718115.360525, 3
1619718115.374920, 4
1619718115.389808, 4
1619718115.405581, 4
1619718115.422865, 4
1619718115.437840, 5
1619718115.452388, 4
1619718115.467525, 5
1619718115.481489, 4
1619718115.494805, 4
1619718115.508760, 3
1619718115.521480, 3
1619718115.536728, 1
1619718115.552292, 3
1619718115.568527, 2
1619718115.583736, 2
1619718115.600239, 3
1619718115.616713, 2
1619718115.634543, 3
1619718115.651627, 3
1619718115.676476, 3
1619718115.697884, 3
1619718115.712781, 3
1619718115.726821, 3
1619718115.743215, 4
1619718115.769291, 5
1619718115.783814, 4
1619718115.805717, 2
1619718115.824385, 3
1619718115.889685, 0
1619718115.905590, 0
1619718115.925835, 1
1619718115.943477, 3
1619718115.960754, 3
1619718115.974738, 2
1619718115.991866, 0
1619718116.011553, 3
1619718116.025527, 2
1619718116.040511, 3
1619718116.057230, 3
1619718116.074390, 3
1619718116.091511, 3
1619718116.108735, 4
1619718116.124649, 4
1619718116.140428, 5
1619718116.158157, 4
1619718116.173700, 5
1619718116.189543, 4
1619718116.204674, 2
1619718116.222505, 3
1619718116.236378, 3
1619718116.253728, 2
1619718116.288193, 2
1619718116.304303, 1
1619718116.317583, 3
1619718116.333757, 3
1619718116.350270, 2
1619718116.368242, 4
1619718116.385374, 3
1619718116.401702, 3
1619718116.425385, 3
1619718116.442394, 4
1619718116.460306, 5
1619718116.478707, 5
1619718116.495254, 2
1619718116.510762, 3
1619718116.529568, 3
1619718116.553123, 2
1619718116.573980, 2
1619718116.594497, 1
1619718116.611041, 2
1619718116.634537, 3
1619718116.668260, 3
1619718116.688581, 2
1619718116.706921, 1
1619718116.729696, 3
1619718116.746318, 2
1619718116.764639, 3
1619718116.783742, 4
1619718116.801451, 4
1619718116.821410, 5
1619718116.838158, 3
1619718116.857005, 1
1619718116.904148, 2
1619718116.931390, 1
1619718116.953095, 2
1619718116.977742, 2
1619718116.998633, 1
1619718117.017672, 2
1619718117.034127, 3
1619718117.057567, 3
1619718117.073885, 2
1619718117.093193, 2
1619718117.112365, 4
1619718117.130195, 3
1619718117.146209, 4
1619718117.163794, 4
1619718117.187136, 5
1619718117.206722, 4
1619718117.225360, 3
1619718117.243097, 4
1619718117.260900, 1
1619718117.291398, 1
1619718117.310190, 3
1619718117.328410, 2
1619718117.346378, 1
1619718117.363207, 3
1619718117.381520, 3
1619718117.399768, 2
1619718117.428210, 4
1619718117.450767, 2
1619718117.471903, 3
1619718117.502342, 5
1619718117.521689, 4
1619718117.547042, 4
1619718117.565095, 1
1619718117.624050, 1
1619718117.641610, 2
1619718117.660680, 2
1619718117.676149, 4
1619718117.705532, 2
1619718117.731091, 1
1619718117.749424, 1
1619718117.769840, 2
1619718117.787591, 2
1619718117.805707, 2
1619718117.826921, 2
1619718117.853126, 3
1619718117.879051, 4
1619718117.898029, 1
1619718117.916419, 5
1619718117.935832, 3
1619718117.965284, 3
1619718117.985808, 2
1619718118.004683, 2
1619718118.025415, 3
1619718118.043253, 2
1619718118.062651, 3
1619718118.109822, 4
1619718118.128234, 4
1619718118.143966, 5
1619718118.160552, 4
1619718118.180594, 5
1619718118.198835, 4
1619718118.216613, 3
1619718118.235584, 3
1619718118.259069, 2
1619718118.278574, 1
1619718118.296504, 2
1619718118.317998, 2
1619718118.341860, 1
1619718118.359088, 1
1619718118.387128, 2
1619718118.406772, 2
1619718118.423493, 3
1619718118.441998, 3
1619718118.458514, 4
1619718118.485773, 3
1619718118.515658, 1
1619718118.533391, 0
1619718118.556429, 3
1619718118.573597, 2
1619718118.590491, 4
1619718118.608400, 3
1619718118.627345, 1
1619718118.643890, 3
1619718118.660500, 2
1619718118.715381, 2
1619718118.740715, 3
1619718118.757287, 5
1619718118.779456, 3
1619718118.799133, 3
1619718118.819534, 3
1619718118.842696, 3
1619718118.858928, 5
1619718118.876529, 4
1619718118.898126, 2
1619718118.917202, 0
1619718118.937728, 1
1619718118.955302, 3
1619718118.973812, 3
1619718118.990184, 0
1619718119.008067, 1
1619718119.027280, 3
1619718119.046121, 2
1619718119.070075, 2
1619718119.090428, 3
1619718119.110880, 3
1619718119.134289, 4
1619718119.163198, 4
1619718119.185655, 5
1619718119.208015, 4
1619718119.226165, 4
1619718119.246945, 1
1619718119.264230, 1
1619718119.300244, 2
1619718119.327008, 1
1619718119.343515, 2
1619718119.360580, 3
1619718119.382971, 2
1619718119.401924, 3
1619718119.417974, 4
1619718119.436175, 2
1619718119.455119, 5
1619718119.478575, 2
1619718119.499628, 2
1619718119.517954, 1
1619718119.535963, 3
1619718119.554965, 1
1619718119.572863, 1
1619718119.591357, 2
1619718119.608246, 3
1619718119.632364, 3
1619718119.653302, 3
1619718119.672439, 2
1619718119.689595, 2
1619718119.705902, 2
1619718119.731243, 2
1619718119.752480, 3
1619718119.774008, 3
1619718119.790258, 3
1619718119.809007, 5
1619718119.825809, 5
1619718119.855709, 5
1619718119.875259, 4
1619718119.916677, 1
1619718119.936244, 1
1619718119.953492, 1
1619718119.978801, 1
1619718119.994597, 2
1619718120.011337, 1
1619718120.029558, 2
1619718120.053753, 2
1619718120.072707, 2
1619718120.089839, 4
1619718120.111435, 4
1619718120.127525, 3
1619718120.143279, 3
1619718120.166800, 5
1619718120.186813, 4
1619718120.204877, 5
1619718120.223152, 5
1619718120.243017, 5
1619718120.260214, 2
1619718120.283454, 2
1619718120.303719, 2
1619718120.321462, 3
1619718120.338652, 0
1619718120.356519, 2
1619718120.374397, 3
1619718120.394437, 2
1619718120.412685, 2
1619718120.432966, 3
1619718120.451056, 3
1619718120.469534, 3
1619718120.503576, 2
1619718120.523364, 4
1619718120.541532, 4
1619718120.558663, 4
1619718120.584443, 3
1619718120.604191, 2
1619718120.621555, 3
1619718120.643133, 0
1619718120.659279, 3
1619718120.675557, 1
1619718120.692497, 1
1619718120.708483, 3
1619718120.724314, 4
1619718120.742608, 2
1619718120.762976, 2
1619718120.780209, 3
1619718120.798026, 2
1619718120.819661, 2
1619718120.838292, 3
1619718120.858687, 4
1619718120.876576, 4
1619718120.892667, 4
1619718120.910079, 5
1619718120.931012, 4
1619718120.950273, 4
1619718120.968699, 4
1619718120.988129, 2
1619718121.007056, 3
1619718121.023720, 1
1619718121.039559, 4
1619718121.056785, 1
1619718121.074879, 1
1619718121.103732, 1
1619718121.123048, 3
1619718121.140515, 3
1619718121.161687, 2
1619718121.178564, 2
1619718121.199177, 4
1619718121.224437, 3
1619718121.242191, 4
1619718121.264590, 4
1619718121.283753, 4
1619718121.303832, 4
1619718121.322694, 5
1619718121.342336, 3
1619718121.364856, 2
1619718121.383101, 1
1619718121.400739, 0
1619718121.420629, 1
1619718121.439530, 0
1619718121.457642, 2
1619718121.474787, 1
1619718121.495332, 0
1619718121.512188, 0
1619718121.532702, 3
1619718121.552009, 2
1619718121.570259, 2
1619718121.587476, 1
1619718121.604305, 2
1619718121.620704, 4
1619718121.637752, 1
1619718121.660312, 2
1619718121.678677, 3
1619718121.695284, 3
1619718121.713034, 3
1619718121.733204, 3
1619718121.751656, 2
1619718121.769620, 4
1619718121.787108, 3
1619718121.804098, 3
1619718121.822736, 4
1619718121.841945, 4
1619718121.859338, 4
1619718121.876752, 4
1619718121.893627, 3
1619718121.918992, 1
1619718121.939534, 0
1619718121.957349, 2
1619718121.977449, 2
1619718121.994384, 2
1619718122.011525, 1
1619718122.027675, 1
1619718122.051772, 3
1619718122.070185, 3
1619718122.088386, 1
1619718122.110442, 3
1619718122.126551, 3
1619718122.142597, 3
1619718122.159589, 5
1619718122.176721, 5
1619718122.193695, 4
1619718122.211642, 3
1619718122.234939, 2
1619718122.254699, 1
1619718122.272820, 3
1619718122.299586, 4
1619718122.322410, 2
1619718122.346231, 3
1619718122.365286, 1
1619718122.384263, 2
1619718122.400238, 3
1619718122.422051, 2
1619718122.439594, 3
1619718122.462383, 4
1619718122.479418, 4
1619718122.496620, 4
1619718122.517398, 4
1619718122.537771, 5
1619718122.557935, 3
1619718122.574608, 3
1619718122.601789, 2
1619718122.620114, 3
1619718122.637323, 3
1619718122.663423, 4
1619718122.681363, 2
1619718122.700195, 2
1619718122.722657, 1
1619718122.740943, 2
1619718122.761346, 4
1619718122.780643, 2
1619718122.798900, 4
1619718122.815048, 3
1619718122.834906, 4
1619718122.853780, 5
1619718122.871737, 4
1619718122.893576, 4
1619718122.921820, 4
1619718122.942679, 4
1619718122.963370, 1
1619718122.983513, 1
1619718123.003465, 2
1619718123.021188, 5
1619718123.038328, 2
1619718123.059204, 1
1619718123.082010, 2
1619718123.100532, 2
1619718123.118237, 4
1619718123.135384, 4
1619718123.162669, 3
1619718123.188607, 4
1619718123.205993, 4
1619718123.223092, 4
1619718123.239310, 4
1619718123.263926, 4
1619718123.284013, 5
1619718123.302526, 2
1619718123.322643, 2
1619718123.339772, 1
1619718123.358378, 2
1619718123.378258, 2
1619718123.395502, 3
1619718123.412557, 2
1619718123.432568, 1
1619718123.449021, 3
1619718123.472456, 3
1619718123.504411, 4
1619718123.530704, 3
1619718123.547106, 4
1619718123.564904, 3
1619718123.590114, 4
1619718123.613291, 1
1619718123.638110, 1
1619718123.655430, 2
1619718123.672982, 4
1619718123.690062, 1
1619718123.707295, 1
1619718123.723935, 3
1619718123.741394, 3
1619718123.757694, 2
1619718123.779043, 3
1619718123.799505, 3
1619718123.820759, 3
1619718123.842157, 2
1619718123.861427, 4
1619718123.886210, 3
1619718123.911456, 5
1619718123.934716, 3
1619718123.955095, 4
1619718123.973933, 3
1619718123.999323, 4
1619718124.020521, 2
1619718124.040304, 1
1619718124.060697, 1
1619718124.078498, 2
1619718124.111573, 2
1619718124.138116, 2
1619718124.158359, 2
1619718124.176276, 4
1619718124.197381, 2
1619718124.215574, 3
1619718124.235381, 3
1619718124.259087, 3
1619718124.279632, 3
1619718124.309681, 5
1619718124.329826, 3
1619718124.349328, 2
1619718124.369097, 4
1619718124.391081, 2
1619718124.409169, 2
1619718124.438133, 2
1619718124.459080, 2
1619718124.476313, 3
1619718124.504387, 1
1619718124.529325, 0
1619718124.552473, 2
1619718124.574872, 3
1619718124.593650, 4
1619718124.616430, 4
1619718124.636805, 4
1619718124.658052, 4
1619718124.676261, 4
1619718124.717897, 2
1619718124.740524, 1
1619718124.764216, 1
1619718124.786731, 2
1619718124.807126, 2
1619718124.828428, 2
1619718124.846584, 2
1619718124.867071, 2
1619718124.884777, 2
1619718124.914244, 2
1619718124.945908, 3
1619718124.967956, 3
1619718124.988209, 2
1619718125.006348, 2
1619718125.023058, 4
1619718125.040628, 4
1619718125.063128, 1
1619718125.081289, 2
1619718125.098777, 4
1619718125.116084, 2
1619718125.133019, 2
1619718125.151355, 2
1619718125.170292, 4
1619718125.188916, 2
1619718125.206184, 2
1619718125.226550, 2
1619718125.242678, 4
1619718125.263731, 3
1619718125.282654, 4
1619718125.319680, 5
1619718125.339886, 5
1619718125.363117, 4
1619718125.383652, 5
1619718125.401156, 3
1619718125.419733, 2
1619718125.436897, 2
1619718125.462190, 1
1619718125.485481, 2
1619718125.507088, 2
1619718125.524847, 2
1619718125.540548, 4
1619718125.557969, 3
1619718125.576487, 2
1619718125.593897, 3
1619718125.615040, 3
1619718125.636145, 4
1619718125.653742, 3
1619718125.670705, 3
1619718125.690415, 5
1619718125.707250, 5
1619718125.725600, 4
1619718125.742348, 5
1619718125.762817, 2
1619718125.779710, 2
1619718125.799351, 3
1619718125.820451, 1
1619718125.838750, 1
1619718125.861976, 1
1619718125.882003, 3
1619718125.910571, 4
1619718125.939459, 2
1619718125.956963, 4
1619718125.975264, 4
1619718125.992847, 3
1619718126.011946, 4
1619718126.030948, 5
1619718126.049657, 5
1619718126.071436, 4
1619718126.087976, 4
1619718126.110477, 4
1619718126.128699, 2
1619718126.150031, 2
1619718126.168937, 1
1619718126.185875, 1
1619718126.212640, 2
1619718126.231595, 2
1619718126.249919, 4
1619718126.267480, 2
1619718126.284445, 2
1619718126.305530, 2
1619718126.323582, 2
1619718126.340240, 3
1619718126.357067, 3
1619718126.373585, 3
1619718126.396407, 4
1619718126.428426, 4
1619718126.459687, 4
1619718126.478020, 2
1619718126.494181, 1
1619718126.523827, 1
1619718126.539968, 3
1619718126.558281, 2
1619718126.574442, 1
1619718126.594109, 1
1619718126.618436, 3
1619718126.638621, 2
1619718126.655406, 2
1619718126.677228, 3
1619718126.696313, 3
1619718126.715739, 3
1619718126.737257, 5
1619718126.754707, 3
1619718126.779427, 4
1619718126.800534, 5
1619718126.819469, 5
1619718126.842643, 2
1619718126.859288, 2
1619718126.875786, 3
1619718126.894466, 2
1619718126.911631, 2
1619718126.940070, 2
1619718126.956984, 1
1619718126.974240, 3
1619718126.989790, 2
1619718127.006120, 3
1619718127.035115, 2
1619718127.055917, 2
1619718127.072206, 2
1619718127.106612, 3
1619718127.135565, 3
1619718127.155783, 4
1619718127.175297, 5
1619718127.200268, 4
1619718127.221229, 4
1619718127.240920, 1
1619718127.259952, 2
1619718127.277266, 1
1619718127.294439, 0
1619718127.315681, 0
1619718127.335273, 0
1619718127.359304, 3
1619718127.376155, 2
1619718127.395806, 0
1619718127.414179, 3
1619718127.431903, 2
1619718127.454988, 1
1619718127.472709, 1
1619718127.489776, 1
1619718127.509172, 3
1619718127.528933, 4
1619718127.546510, 2
1619718127.582079, 3
1619718127.605724, 3
1619718127.623965, 2
1619718127.646495, 3
1619718127.670483, 3
1619718127.691693, 4
1619718127.736787, 5
1619718127.760214, 1
1619718127.784723, 0
1619718127.804363, 2
1619718127.824773, 4
1619718127.847127, 2
1619718127.869184, 1
1619718127.902171, 2
1619718127.923288, 4
1619718127.945067, 3
1619718127.969346, 4
1619718127.986678, 4
1619718128.009687, 3
1619718128.026618, 5
1619718128.056115, 4
1619718128.074638, 4
1619718128.092316, 1
1619718128.108544, 1
1619718128.125102, 1
1619718128.146962, 3
1619718128.165234, 1
1619718128.186419, 2
1619718128.207476, 2
1619718128.224907, 3
1619718128.241802, 2
1619718128.260753, 2
1619718128.283669, 0
1619718128.325546, 3
1619718128.347882, 4
1619718128.365368, 4
1619718128.385056, 4
1619718128.404977, 5
1619718128.431015, 4
1619718128.451766, 4
1619718128.472598, 4
1619718128.490289, 1
1619718128.517302, 2
1619718128.537872, 2
1619718128.554937, 3
1619718128.581515, 1
1619718128.603388, 1
1619718128.622056, 3
1619718128.641070, 4
1619718128.660094, 2
1619718128.680368, 2
1619718128.700100, 3
1619718128.717976, 4
1619718128.736463, 5
1619718128.757423, 4
1619718128.776154, 4
1619718128.795229, 4
1619718128.811485, 3
1619718128.828197, 1
1619718128.845158, 1
1619718128.862814, 1
1619718128.880670, 2
1619718128.900091, 1
1619718128.930171, 3
1619718128.950862, 3
1619718128.970935, 2
1619718128.989829, 3
1619718129.008239, 3
1619718129.026819, 2
1619718129.043516, 3
1619718129.067760, 4
1619718129.094673, 4
1619718129.112186, 5
1619718129.144549, 4
1619718129.162035, 4
1619718129.181420, 2
1619718129.201597, 1
1619718129.219975, 0
1619718129.240738, 1
1619718129.259228, 4
1619718129.276799, 2
1619718129.296517, 3
1619718129.315322, 3
1619718129.336890, 2
1619718129.357330, 2
1619718129.376819, 3
1619718129.396688, 3
1619718129.415578, 3
1619718129.440494, 4
1619718129.460518, 3
1619718129.478405, 2
1619718129.504534, 1
1619718129.525727, 1
1619718129.547062, 3
1619718129.566747, 4
1619718129.589373, 1
1619718129.609953, 2
1619718129.627430, 3
1619718129.651383, 1
1619718129.670484, 3
1619718129.688509, 3
1619718129.705127, 2
1619718129.723372, 4
1619718129.745241, 4
1619718129.761446, 4
1619718129.780593, 4
1619718129.798890, 4
1619718129.821857, 4
1619718129.842290, 2
1619718129.867356, 2
1619718129.886943, 1
1619718129.908210, 0
1619718129.930688, 2
1619718129.954714, 1
1619718129.972073, 2
1619718129.993321, 2
1619718130.018067, 2
1619718130.039115, 3
1619718130.060361, 4
1619718130.079325, 4
1619718130.103236, 5
1619718130.149015, 5
1619718130.175009, 4
1619718130.192217, 5
1619718130.211142, 1
1619718130.229560, 1
1619718130.250924, 2
1619718130.270378, 3
1619718130.287261, 0
1619718130.306126, 3
1619718130.322994, 4
1619718130.340354, 2
1619718130.356916, 3
1619718130.373500, 3
1619718130.389641, 2
1619718130.406591, 3
1619718130.428296, 2
1619718130.446439, 3
1619718130.463111, 4
1619718130.481251, 4
1619718130.502733, 5
1619718130.520762, 4
1619718130.537444, 3
1619718130.569822, 2
1619718130.591328, 3
1619718130.608038, 1
1619718130.636046, 1
1619718130.653100, 0
1619718130.673413, 1
1619718130.702708, 0
1619718130.720801, 1
1619718130.752387, 3
1619718130.770119, 2
1619718130.794558, 1
1619718130.812101, 1
1619718130.835307, 3
1619718130.852983, 1
1619718130.869663, 2
1619718130.889257, 3
1619718130.907262, 3
1619718130.925566, 3
1619718130.941758, 1
1619718130.959118, 4
1619718130.975324, 3
1619718130.996589, 3
1619718131.016335, 2
1619718131.036423, 5
1619718131.055937, 4
1619718131.073292, 4
1619718131.099076, 2
1619718131.117927, 3
1619718131.135351, 1
1619718131.160139, 1
1619718131.176788, 1
1619718131.192217, 2
1619718131.212264, 2
1619718131.232649, 3
1619718131.252395, 2
1619718131.270027, 2
1619718131.300070, 2
1619718131.341501, 2
1619718131.362476, 3
1619718131.379213, 4
1619718131.395334, 5
1619718131.413548, 4
1619718131.431084, 5
1619718131.451265, 4
1619718131.469077, 4
1619718131.486063, 5
1619718131.505411, 4
1619718131.522373, 1
1619718131.538301, 2
1619718131.554495, 1
1619718131.573366, 2
1619718131.590171, 2
1619718131.613363, 3
1619718131.635138, 1
1619718131.653317, 2
1619718131.671837, 2
1619718131.688538, 3
1619718131.707493, 2
1619718131.724213, 3
1619718131.740306, 3
1619718131.758519, 2
1619718131.784577, 3
1619718131.803235, 4
1619718131.820806, 5
1619718131.838540, 4
1619718131.856605, 4
1619718131.887922, 2
1619718131.909416, 1
1619718131.949846, 2
1619718131.974234, 1
1619718131.992409, 3
1619718132.010998, 3
1619718132.027224, 3
1619718132.052560, 2
1619718132.069593, 3
1619718132.088416, 4
1619718132.105707, 3
1619718132.122649, 4
1619718132.139031, 4
1619718132.155507, 5
1619718132.181788, 4
1619718132.198953, 5
1619718132.219197, 1
1619718132.236299, 1
1619718132.256011, 1
1619718132.281601, 2
1619718132.303016, 2
1619718132.335330, 3
1619718132.371473, 3
1619718132.388635, 2
1619718132.408551, 2
1619718132.426023, 2
1619718132.446981, 4
1619718132.464724, 4
1619718132.482433, 5
1619718132.502192, 4
1619718132.541337, 4
1619718132.561149, 5
1619718132.579359, 2
1619718132.598563, 3
1619718132.616606, 3
1619718132.632916, 1
1619718132.649099, 1
1619718132.669793, 2
1619718132.687206, 3
1619718132.702948, 1
1619718132.718502, 1
1619718132.734924, 1
1619718132.752721, 2
1619718132.770395, 3
1619718132.788883, 3
1619718132.805370, 4
1619718132.824087, 3
1619718132.840518, 5
1619718132.859381, 3
1619718132.875176, 5
1619718132.890794, 4
1619718132.907210, 4
1619718132.923089, 4
1619718132.940541, 3
1619718132.960775, 1
1619718132.979247, 1
1619718132.998173, 1
1619718133.023176, 2
1619718133.040148, 3
1619718133.059746, 4
1619718133.079882, 2
1619718133.096663, 4
1619718133.128488, 4
1619718133.148568, 2
1619718133.171850, 3
1619718133.194232, 4
1619718133.216441, 5
1619718133.238466, 4
1619718133.259428, 4
1619718133.305929, 2
1619718133.359708, 1
1619718133.381271, 2
1619718133.402279, 3
1619718133.424754, 3
1619718133.444902, 2
1619718133.462691, 2
1619718133.480454, 1
1619718133.503546, 1
1619718133.530379, 2
1619718133.549567, 3
1619718133.569113, 4
1619718133.586621, 4
1619718133.603041, 4
1619718133.623424, 4
1619718133.639175, 3
1619718133.658287, 2
1619718133.677050, 2
1619718133.699505, 0
1619718133.716719, 2
1619718133.743635, 2
1619718133.765169, 2
1619718133.782869, 3
1619718133.802490, 3
1619718133.820539, 2
1619718133.837429, 1
1619718133.855851, 2
1619718133.877513, 2
1619718133.894236, 4
1619718133.911001, 4
1619718133.931385, 5
1619718133.948397, 3
1619718133.969365, 4
1619718133.987162, 4
1619718134.004827, 5
1619718134.022987, 2
1619718134.040763, 4
1619718134.060200, 1
1619718134.089072, 2
1619718134.106176, 2
1619718134.123176, 1
1619718134.139059, 1
1619718134.154975, 2
1619718134.176897, 2
1619718134.193974, 2
1619718134.211056, 2
1619718134.230542, 3
1619718134.246958, 4
1619718134.263152, 3
1619718134.278825, 4
1619718134.296049, 3
1619718134.318595, 3
1619718134.344469, 2
1619718134.364482, 1
1619718134.387398, 2
1619718134.405732, 1
1619718134.422642, 1
1619718134.441729, 1
1619718134.473647, 2
1619718134.492819, 1
1619718134.512376, 3
1619718134.531327, 3
1619718134.549626, 4
1619718134.572622, 3
1619718134.599413, 3
1619718134.618675, 4
1619718134.635721, 4
1619718134.656683, 4
1619718134.673132, 3
1619718134.690140, 2
1619718134.707323, 1
1619718134.724691, 1
1619718134.741042, 2
1619718134.757493, 2
1619718134.774002, 1
1619718134.790468, 3
1619718134.807259, 2
1619718134.823049, 2
1619718134.841366, 2
1619718134.860868, 3
1619718134.879396, 1
1619718134.898305, 2
1619718134.919875, 4
1619718134.961840, 4
1619718134.986995, 2
1619718135.003861, 4
1619718135.021505, 3
1619718135.079322, 2
1619718135.102102, 2
1619718135.120733, 2
1619718135.142966, 2
1619718135.159407, 2
1619718135.179759, 2
1619718135.199473, 3
1619718135.216696, 3
1619718135.236884, 2
1619718135.253212, 3
1619718135.275926, 3
1619718135.292955, 2
1619718135.309358, 4
1619718135.329087, 4
1619718135.345072, 4
1619718135.360703, 4
1619718135.376750, 4
1619718135.392644, 1
1619718135.409343, 1
1619718135.425146, 3
1619718135.442128, 2
1619718135.458846, 1
1619718135.474505, 2
1619718135.490263, 2
1619718135.513990, 3
1619718135.556711, 3
1619718135.578031, 4
1619718135.595055, 2
1619718135.617821, 2
1619718135.634871, 4
1619718135.656997, 4
1619718135.674734, 5
1619718135.693108, 3
1619718135.716839, 5
1619718135.744894, 1
1619718135.762776, 2
1619718135.779869, 3
1619718135.796861, 3
1619718135.817511, 2
1619718135.836964, 2
1619718135.856172, 3
1619718135.886723, 3
1619718135.905474, 3
1619718135.923638, 4
1619718135.943847, 2
1619718135.965761, 3
1619718135.986908, 3
1619718136.007133, 4
1619718136.032117, 4
1619718136.052792, 3
1619718136.078699, 5
1619718136.102253, 2
1619718136.139527, 1
1619718136.164536, 2
1619718136.183614, 1
1619718136.205773, 3
1619718136.223496, 1
1619718136.253497, 3
1619718136.272687, 2
1619718136.290128, 2
1619718136.308663, 0
1619718136.326818, 1
1619718136.347242, 1
1619718136.368145, 2
1619718136.390417, 3
1619718136.409776, 3
1619718136.425794, 3
1619718136.451291, 3
1619718136.473863, 3
1619718136.491566, 4
1619718136.513340, 4
1619718136.532249, 4
1619718136.559191, 5
1619718136.577502, 5
1619718136.596568, 5
1619718136.615581, 3
1619718136.635360, 2
1619718136.656336, 2
1619718136.676294, 4
1619718136.693053, 2
1619718136.712173, 3
1619718136.758082, 1
1619718136.774667, 2
1619718136.791039, 3
1619718136.809413, 3
1619718136.825851, 3
1619718136.849548, 3
1619718136.870632, 3
1619718136.889604, 4
1619718136.913860, 5
1619718136.935637, 5
1619718136.955873, 5
1619718136.973671, 4
1619718136.990902, 3
1619718137.007515, 2
1619718137.024553, 3
1619718137.041435, 2
1619718137.059869, 3
1619718137.090320, 2
1619718137.107561, 2
1619718137.129650, 2
1619718137.149666, 3
1619718137.168330, 3
1619718137.190484, 3
1619718137.210938, 4
1619718137.228505, 4
1619718137.247794, 4
1619718137.267227, 4
1619718137.294358, 5
1619718137.313232, 1
1619718137.367384, 1
1619718137.387563, 2
1619718137.405853, 2
1619718137.424317, 2
1619718137.441297, 0
1619718137.458832, 2
1619718137.476195, 4
1619718137.495063, 2
1619718137.512185, 3
1619718137.537820, 4
1619718137.558826, 5
1619718137.578359, 4
1619718137.606489, 4
1619718137.624479, 4
1619718137.642689, 4
1619718137.660598, 3
1619718137.677365, 2
1619718137.703028, 2
1619718137.722721, 2
1619718137.752666, 2
1619718137.775755, 3
1619718137.792304, 2
1619718137.809859, 2
1619718137.825642, 3
1619718137.842758, 3
1619718137.868832, 4
1619718137.887284, 3
1619718137.906298, 4
1619718137.948943, 4
1619718137.976669, 3
1619718137.993588, 3
1619718138.022472, 2
1619718138.042467, 2
1619718138.061824, 1
1619718138.083596, 0
1619718138.101931, 1
1619718138.122982, 1
1619718138.140742, 3
1619718138.160420, 3
1619718138.179449, 2
1619718138.196591, 3
1619718138.218901, 3
1619718138.236217, 4
1619718138.253722, 4
1619718138.272206, 5
1619718138.288620, 4
1619718138.307607, 4
1619718138.324526, 4
1619718138.340295, 4
1619718138.356147, 1
1619718138.373169, 1
1619718138.392151, 3
1619718138.409216, 0
1619718138.425028, 2
1619718138.441392, 2
1619718138.461821, 3
1619718138.484162, 3
1619718138.502466, 2
1619718138.520107, 3
1619718138.543959, 4
1619718138.565471, 3
1619718138.594180, 4
1619718138.620166, 4
1619718138.640223, 4
1619718138.667788, 5
1619718138.684384, 3
1619718138.702342, 1
1619718138.724098, 3
1619718138.740527, 1
1619718138.762769, 2
1619718138.782473, 2
1619718138.801562, 2
1619718138.820653, 2
1619718138.836960, 3
1619718138.858174, 5
1619718138.874371, 1
1619718138.896719, 4
1619718138.915156, 4
1619718138.934114, 4
1619718138.957197, 2
1619718138.974252, 2
1619718138.990019, 2
1619718139.009002, 1
1619718139.026028, 2
1619718139.045869, 2
1619718139.065475, 2
1619718139.089728, 2
1619718139.108207, 2
1619718139.124612, 3
1619718139.142939, 2
1619718139.166660, 2
1619718139.190314, 3
1619718139.207491, 3
1619718139.234400, 3
1619718139.257332, 3
1619718139.274395, 3
1619718139.292256, 5
1619718139.317295, 2
1619718139.337126, 1
1619718139.353787, 3
1619718139.380091, 1
1619718139.398454, 2
1619718139.417479, 3
1619718139.438573, 3
1619718139.456467, 3
1619718139.475274, 3
1619718139.499200, 2
1619718139.516358, 2
1619718139.534630, 4
1619718139.553792, 4
1619718139.570861, 5
1619718139.586771, 5
1619718139.605089, 4
1619718139.627316, 3
1619718139.650397, 2
1619718139.671409, 3
1619718139.688313, 2
1619718139.706561, 1
1619718139.725513, 4
1619718139.763562, 2
1619718139.780652, 3
1619718139.801195, 3
1619718139.821707, 3
1619718139.839113, 2
1619718139.855512, 3
1619718139.873266, 4
1619718139.889660, 4
1619718139.908102, 5
1619718139.931492, 5
1619718139.950074, 3
1619718139.967865, 3
1619718139.985123, 2
1619718140.003610, 2
1619718140.021577, 1
1619718140.042444, 2
1619718140.062129, 2
1619718140.082379, 3
1619718140.106068, 1
1619718140.122455, 3
1619718140.142966, 3
1619718140.159382, 3
1619718140.175276, 2
1619718140.192262, 3
1619718140.207948, 3
1619718140.228502, 4
1619718140.245441, 5
1619718140.274551, 4
1619718140.292104, 2
1619718140.308574, 1
1619718140.343298, 2
1619718140.364449, 3
1619718140.387973, 2
1619718140.404512, 2
1619718140.421404, 3
1619718140.441925, 2
1619718140.459482, 1
1619718140.475969, 4
1619718140.494360, 3
1619718140.511415, 3
1619718140.539905, 4
1619718140.559700, 4
1619718140.576786, 5
1619718140.592592, 3
1619718140.608936, 4
1619718140.624681, 5
1619718140.641766, 2
1619718140.667433, 1
1619718140.687046, 3
1619718140.705352, 3
1619718140.729033, 1
1619718140.748151, 2
1619718140.765797, 3
1619718140.788570, 4
1619718140.805929, 2
1619718140.834270, 4
1619718140.850584, 4
1619718140.869564, 3
1619718140.891688, 3
1619718140.908303, 5
1619718140.934585, 4
1619718140.963433, 2
1619718140.985150, 2
1619718141.007440, 1
1619718141.024210, 2
1619718141.049143, 2
1619718141.069226, 2
1619718141.086951, 2
1619718141.105924, 3
1619718141.122946, 3
1619718141.139944, 3
1619718141.156996, 4
1619718141.181875, 3
1619718141.204385, 4
1619718141.222368, 3
1619718141.239085, 3
1619718141.255498, 4
1619718141.273093, 3
1619718141.289459, 4
1619718141.305863, 4
1619718141.322964, 4
1619718141.338571, 4
1619718141.356311, 3
1619718141.381737, 2
1619718141.400436, 0
1619718141.418228, 1
1619718141.442526, 1
1619718141.460578, 3
1619718141.477404, 3
1619718141.497163, 2
1619718141.514134, 3
1619718141.537116, 3
1619718141.573333, 3
1619718141.591438, 4
1619718141.623423, 5
1619718141.646243, 4
1619718141.663982, 5
1619718141.683292, 5
1619718141.702197, 5
1619718141.720742, 3
1619718141.739979, 5
1619718141.759643, 3
1619718141.780716, 1
1619718141.798586, 1
1619718141.817538, 3
1619718141.835455, 1
1619718141.852989, 1
1619718141.882472, 2
1619718141.901004, 3
1619718141.918594, 4
1619718141.938851, 2
1619718141.955254, 5
1619718141.978193, 3
1619718141.997208, 4
1619718142.015004, 5
1619718142.041437, 4
1619718142.062378, 4
1619718142.081350, 5
1619718142.106369, 3
1619718142.128252, 4
1619718142.170017, 3
1619718142.187047, 2
1619718142.204865, 3
1619718142.221503, 1
1619718142.238508, 3
1619718142.256839, 2
1619718142.273876, 2
1619718142.298890, 3
1619718142.320853, 3
1619718142.338844, 3
1619718142.355260, 1
1619718142.372835, 5
1619718142.390055, 5
1619718142.407810, 5
1619718142.424290, 3
1619718142.440487, 5
1619718142.456600, 1
1619718142.474186, 1
1619718142.492879, 1
1619718142.519766, 3
1619718142.537348, 2
1619718142.554425, 1
1619718142.574715, 2
1619718142.591195, 3
1619718142.611218, 4
1619718142.629249, 3
1619718142.646951, 3
1619718142.666045, 4
1619718142.685849, 4
1619718142.703647, 5
1619718142.722565, 5
1619718142.750114, 4
1619718142.769363, 4
1619718142.786461, 2
1619718142.804228, 2
1619718142.819897, 1
1619718142.836283, 0
1619718142.854609, 0
1619718142.871699, 3
1619718142.889765, 1
1619718142.905753, 1
1619718142.931645, 0
1619718142.950262, 2
1619718142.968450, 2
1619718142.990358, 3
1619718143.007277, 1
1619718143.026850, 3
1619718143.055183, 2
1619718143.072219, 1
1619718143.089167, 4
1619718143.111204, 4
1619718143.130216, 2
1619718143.150182, 2
1619718143.175275, 3
1619718143.195200, 4
1619718143.215231, 3
1619718143.242304, 4
1619718143.262582, 5
1619718143.280460, 5
1619718143.307213, 3
1619718143.322971, 4
1619718143.339684, 2
1619718143.373570, 3
1619718143.397873, 3
1619718143.423845, 4
1619718143.447371, 2
1619718143.466436, 1
1619718143.484412, 5
1619718143.500660, 2
1619718143.519894, 2
1619718143.540573, 3
1619718143.557445, 2
1619718143.573251, 1
1619718143.589413, 3
1619718143.621749, 4
1619718143.642769, 4
1619718143.660482, 4
1619718143.676380, 3
1619718143.693466, 4
1619718143.715443, 2
1619718143.735558, 2
1619718143.755455, 2
1619718143.772766, 2
1619718143.788646, 2
1619718143.812909, 4
1619718143.832236, 2
1619718143.851944, 2
1619718143.874981, 3
1619718143.900534, 3
1619718143.919373, 4
1619718143.936495, 4
1619718143.961933, 4
1619718143.984645, 3
1619718144.003884, 4
1619718144.022240, 3
1619718144.042466, 2
1619718144.063487, 1
1619718144.081159, 1
1619718144.108338, 4
1619718144.125851, 2
1619718144.144302, 2
1619718144.165269, 2
1619718144.184635, 3
1619718144.202937, 2
1619718144.219219, 3
1619718144.237267, 2
1619718144.256608, 2
1619718144.273007, 3
1619718144.289210, 4
1619718144.306262, 5
1619718144.333537, 4
1619718144.352396, 4
1619718144.370662, 2
1619718144.387427, 2
1619718144.404800, 2
1619718144.426715, 2
1619718144.446471, 3
1619718144.466138, 3
1619718144.486316, 2
1619718144.505572, 2
1619718144.524904, 2
1619718144.555944, 4
1619718144.579023, 2
1619718144.601207, 4
1619718144.619366, 4
1619718144.643021, 4
1619718144.665640, 5
1619718144.686886, 3
1619718144.709050, 4
1619718144.726285, 1
1619718144.776126, 2
1619718144.800154, 1
1619718144.820659, 2
1619718144.836516, 3
1619718144.853052, 2
1619718144.871421, 2
1619718144.892585, 3
1619718144.909058, 2
1619718144.925690, 2
1619718144.943191, 2
1619718144.959817, 3
1619718144.975643, 4
1619718144.992332, 3
1619718145.014999, 5
1619718145.034810, 3
1619718145.053599, 4
1619718145.075120, 3
1619718145.091732, 4
1619718145.109006, 2
1619718145.131304, 1
1619718145.161493, 1
1619718145.182359, 3
1619718145.204429, 3
1619718145.221645, 1
1619718145.238448, 3
1619718145.256200, 3
1619718145.272699, 3
1619718145.291294, 2
1619718145.308842, 2
1619718145.325423, 3
1619718145.343817, 4
1619718145.361283, 4
1619718145.384607, 4
1619718145.403397, 4
1619718145.422679, 4
1619718145.440674, 4
1619718145.457253, 3
1619718145.477421, 2
1619718145.493955, 1
1619718145.510650, 2
1619718145.529939, 3
1619718145.548616, 3
1619718145.570445, 2
1619718145.587141, 2
1619718145.602849, 2
1619718145.623855, 3
1619718145.642303, 3
1619718145.658851, 5
1619718145.675489, 4
1619718145.694622, 3
1619718145.714037, 4
1619718145.733526, 4
1619718145.776365, 4
1619718145.796266, 2
1619718145.813100, 2
1619718145.834958, 1
1619718145.852580, 1
1619718145.870674, 3
1619718145.890870, 1
1619718145.907260, 3
1619718145.926160, 2
1619718145.942367, 1
1619718145.962842, 2
1619718145.982358, 2
1619718146.001429, 4
1619718146.022662, 2
1619718146.038962, 3
1619718146.062017, 4
1619718146.080820, 5
1619718146.099332, 4
1619718146.119552, 4
1619718146.144720, 3
1619718146.163403, 1
1619718146.180638, 1
1619718146.198609, 0
1619718146.218603, 1
1619718146.237369, 1
1619718146.253659, 0
1619718146.270861, 2
1619718146.287266, 1
1619718146.304510, 1
1619718146.321583, 1
1619718146.342070, 1
1619718146.377733, 1
1619718146.399678, 0
1619718146.417721, 4
1619718146.434827, 3
1619718146.453700, 1
1619718146.470828, 3
1619718146.489165, 2
1619718146.506851, 3
1619718146.530542, 2
1619718146.550259, 3
1619718146.568394, 3
1619718146.586258, 3
1619718146.603446, 3
1619718146.621396, 4
1619718146.638900, 4
1619718146.657007, 4
1619718146.679502, 3
1619718146.699104, 2
1619718146.719551, 2
1619718146.742513, 1
1619718146.761422, 3
1619718146.780242, 2
1619718146.799803, 3
1619718146.818101, 1
1619718146.834186, 4
1619718146.853498, 2
1619718146.874778, 2
1619718146.892809, 3
1619718146.909343, 3
1619718146.927564, 3
1619718146.943542, 4
1619718146.966351, 4
1619718146.994351, 5
1619718147.015693, 4
1619718147.034517, 3
1619718147.054235, 4
1619718147.075734, 2
1619718147.091606, 0
1619718147.114791, 0
1619718147.132414, 2
1619718147.150933, 0
1619718147.169066, 1
1619718147.185685, 1
1619718147.206795, 1
1619718147.223369, 3
1619718147.240023, 1
1619718147.260374, 1
1619718147.277542, 2
1619718147.297819, 3
1619718147.315964, 2
1619718147.335208, 3
1619718147.362919, 3
1619718147.385188, 2
1619718147.403366, 2
1619718147.420548, 2
1619718147.439631, 4
1619718147.459155, 2
1619718147.475195, 4
1619718147.495103, 4
1619718147.513325, 4
1619718147.531483, 5
1619718147.552568, 4
1619718147.590714, 1
1619718147.611455, 2
1619718147.630148, 1
1619718147.647615, 2
1619718147.665616, 2
1619718147.686695, 3
1619718147.707340, 1
1619718147.725572, 4
1619718147.744965, 2
1619718147.761881, 4
1619718147.779906, 3
1619718147.803001, 4
1619718147.821035, 4
1619718147.838562, 3
1619718147.855075, 3
1619718147.870732, 3
1619718147.886861, 5
1619718147.907164, 4
1619718147.925247, 4
1619718147.947574, 4
1619718147.964307, 2
1619718147.981744, 2
1619718148.002954, 2
1619718148.019940, 2
1619718148.042322, 1
1619718148.062155, 1
1619718148.079902, 3
1619718148.105425, 3
1619718148.127153, 3
1619718148.143636, 3
1619718148.181712, 3
1619718148.200815, 2
1619718148.218667, 4
1619718148.236782, 4
1619718148.254034, 4
1619718148.272870, 4
1619718148.289458, 5
1619718148.311237, 4
1619718148.331943, 5
1619718148.349833, 2
1619718148.368618, 1
1619718148.385646, 2
1619718148.404513, 2
1619718148.421146, 1
1619718148.437043, 2
1619718148.454817, 4
1619718148.475587, 1
1619718148.494880, 1
1619718148.512303, 3
1619718148.530332, 3
1619718148.549148, 2
1619718148.570789, 3
1619718148.596128, 2
1619718148.614936, 4
1619718148.634946, 2
1619718148.654155, 2
1619718148.671622, 1
1619718148.693814, 2
1619718148.712684, 3
1619718148.730713, 1
1619718148.752059, 1
1619718148.770496, 3
1619718148.790824, 3
1619718148.818177, 3
1619718148.836101, 2
1619718148.852949, 3
1619718148.872570, 3
1619718148.889038, 4
1619718148.911506, 5
1619718148.929567, 4
1619718148.946702, 4
1619718148.973019, 5
1619718148.994768, 5
1619718149.011351, 1
1619718149.037041, 1
1619718149.057416, 1
1619718149.073513, 0
1619718149.089446, 0
1619718149.105318, 0
1619718149.129924, 2
1619718149.149634, 2
1619718149.166776, 3
1619718149.196550, 3
1619718149.215435, 2
1619718149.233338, 3
1619718149.262277, 3
1619718149.280718, 3
1619718149.298405, 2
1619718149.323745, 3
1619718149.342592, 2
1619718149.362741, 2
1619718149.397239, 3
1619718149.420351, 3
1619718149.436831, 3
1619718149.459255, 4
1619718149.478055, 3
1619718149.498303, 4
1619718149.524668, 4
1619718149.549280, 1
1619718149.567191, 1
1619718149.584920, 1
1619718149.603072, 3
1619718149.621329, 2
1619718149.641666, 2
1619718149.659086, 1
1619718149.677447, 4
1619718149.694437, 3
1619718149.712632, 3
1619718149.732780, 3
1619718149.752423, 4
1619718149.770520, 2
1619718149.787021, 3
1619718149.805920, 4
1619718149.823770, 3
1619718149.840430, 2
1619718149.867152, 1
1619718149.885972, 0
1619718149.903092, 1
1619718149.920636, 4
1619718149.937818, 1
1619718149.955195, 3
1619718149.982480, 2
1619718150.008063, 3
1619718150.025677, 2
1619718150.053876, 2
1619718150.070073, 2
1619718150.088539, 2
1619718150.106650, 3
1619718150.123305, 3
1619718150.141930, 3
1619718150.160345, 4
1619718150.180404, 5
1619718150.200256, 4
1619718150.218857, 3
1619718150.236086, 4
1619718150.256461, 1
1619718150.273694, 2
1619718150.298030, 1
1619718150.317764, 1
1619718150.336470, 2
1619718150.354987, 3
1619718150.372176, 2
1619718150.395636, 2
1619718150.415440, 3
1619718150.436555, 3
1619718150.456236, 3
1619718150.475451, 3
1619718150.492408, 3
1619718150.518469, 4
1619718150.537237, 4
1619718150.556112, 4
1619718150.590809, 3
1619718150.613619, 2
1619718150.630991, 1
1619718150.649114, 1
1619718150.668777, 2
1619718150.688266, 2
1619718150.705409, 1
1619718150.730102, 2
1619718150.749808, 3
1619718150.767770, 5
1619718150.787762, 3
1619718150.806012, 3
1619718150.822010, 3
1619718150.838530, 4
1619718150.856154, 5
1619718150.873269, 4
1619718150.889002, 5
1619718150.906070, 4
1619718150.923681, 3
1619718150.940316, 2
1619718150.956121, 2
1619718150.973731, 1
1619718150.991070, 2
1619718151.007717, 2
1619718151.031088, 2
1619718151.050472, 2
1619718151.068699, 2
1619718151.090168, 3
1619718151.108336, 3
1619718151.129240, 2
1619718151.146608, 3
1619718151.174725, 2
1619718151.205079, 4
1619718151.221661, 4
1619718151.239744, 4
1619718151.268757, 2
1619718151.288979, 1
1619718151.304878, 1
1619718151.324684, 4
1619718151.341813, 3
1619718151.360407, 1
1619718151.376649, 3
1619718151.392455, 3
1619718151.408475, 3
1619718151.429380, 4
1619718151.447399, 2
1619718151.467797, 3
1619718151.485083, 4
1619718151.504712, 4
1619718151.522689, 5
1619718151.539849, 5
1619718151.562635, 4
1619718151.581290, 4
1619718151.599626, 5
1619718151.622465, 2
1619718151.640539, 1
1619718151.668103, 1
1619718151.688887, 0
1619718151.706365, 1
1619718151.730226, 1
1619718151.749026, 0
1619718151.784860, 0
1619718151.805553, 0
1619718151.824394, 1
1619718151.844576, 3
1619718151.865056, 2
1619718151.883089, 3
1619718151.902623, 2
1619718151.919783, 2
1619718151.945110, 3
1619718151.963816, 3
1619718151.983339, 3
1619718152.003970, 2
1619718152.022444, 3
1619718152.045592, 3
1619718152.068821, 4
1619718152.086227, 4
1619718152.111204, 5
1619718152.139643, 2
1619718152.158629, 1
1619718152.177797, 0
1619718152.203163, 0
1619718152.223621, 3
1619718152.240005, 1
1619718152.272412, 2
1619718152.288890, 2
1619718152.305888, 1
1619718152.327407, 2
1619718152.344233, 3
1619718152.387674, 2
1619718152.408081, 0
1619718152.428900, 0
1619718152.451427, 2
1619718152.472476, 2
1619718152.490373, 3
1619718152.514269, 4
1619718152.533437, 4
1619718152.553568, 4
1619718152.583366, 5
1619718152.602488, 5
1619718152.620561, 5
1619718152.648030, 4
1619718152.668279, 2
1619718152.687780, 1
1619718152.710174, 2
1619718152.726050, 1
1619718152.751554, 2
1619718152.769715, 2
1619718152.786820, 0
1619718152.802785, 0
1619718152.820236, 0
1619718152.846869, 0
1619718152.864226, 4
1619718152.882135, 2
1619718152.900272, 0
1619718152.917220, 0
1619718152.937088, 2
1619718152.960317, 2
1619718152.979090, 4
1619718153.002202, 2
1619718153.022299, 3
1619718153.039719, 3
1619718153.057569, 2
1619718153.074375, 3
1619718153.105092, 3
1619718153.126035, 4
1619718153.146690, 3
1619718153.166295, 1
1619718153.183396, 1
1619718153.205037, 3
1619718153.222426, 2
1619718153.242844, 2
1619718153.260989, 2
1619718153.285159, 0
1619718153.314186, 2
1619718153.332807, 3
1619718153.348605, 2
1619718153.364489, 3
1619718153.384076, 4
1619718153.400823, 2
1619718153.417304, 3
1619718153.435199, 3
1619718153.451385, 4
1619718153.472324, 4
1619718153.491007, 4
1619718153.508682, 5
1619718153.528606, 2
1619718153.544577, 1
1619718153.560512, 1
1619718153.603196, 2
1619718153.622086, 2
1619718153.640466, 1
1619718153.657732, 2
1619718153.675104, 4
1619718153.693942, 2
1619718153.712109, 3
1619718153.736427, 3
1619718153.761722, 3
1619718153.780510, 5
1619718153.799038, 5
1619718153.816323, 4
1619718153.836200, 4
1619718153.852160, 4
1619718153.870959, 3
1619718153.888312, 3
1619718153.905209, 2
1619718153.923830, 2
1619718153.939660, 1
1619718153.956694, 2
1619718153.978398, 2
1619718153.995618, 4
1619718154.014008, 3
1619718154.030603, 3
1619718154.055795, 3
1619718154.073732, 4
1619718154.092203, 4
1619718154.109870, 4
1619718154.133769, 3
1619718154.151071, 4
1619718154.176063, 4
1619718154.197487, 4
1619718154.216048, 1
1619718154.232782, 1
1619718154.252007, 1
1619718154.272536, 0
1619718154.288502, 2
1619718154.304381, 0
1619718154.323810, 2
1619718154.341863, 1
1619718154.359305, 1
1619718154.375378, 0
1619718154.403079, 0
1619718154.421150, 2
1619718154.438491, 1
1619718154.458975, 2
1619718154.484545, 4
1619718154.546060, 3
1619718154.580779, 3
1619718154.605332, 2
1619718154.628562, 3
1619718154.647532, 3
1619718154.667663, 3
1619718154.691098, 5
1619718154.710126, 3
1619718154.731190, 2
1619718154.749222, 1
1619718154.773840, 2
1619718154.807009, 1
1619718154.839048, 3
1619718154.856717, 3
1619718154.872673, 1
1619718154.909401, 3
1619718154.939955, 2
1619718154.959445, 3
1619718154.977291, 4
1619718154.997257, 3
1619718155.017820, 4
1619718155.043413, 3
1619718155.063443, 5
1619718155.080424, 5
1619718155.102904, 5
1619718155.120913, 4
1619718155.138352, 2
1619718155.155523, 2
1619718155.174074, 1
1619718155.190642, 1
1619718155.217698, 3
1619718155.236550, 1
1619718155.253828, 4
1619718155.269772, 3
1619718155.286196, 3
1619718155.307455, 3
1619718155.325616, 4
1619718155.344267, 4
1619718155.365938, 3
1619718155.393405, 4
1619718155.415931, 4
1619718155.436286, 3
1619718155.453410, 4
1619718155.474246, 5
1619718155.492146, 3
1619718155.514940, 2
1619718155.537411, 2
1619718155.556211, 3
1619718155.576553, 2
1619718155.593590, 1
1619718155.615339, 1
1619718155.637392, 2
1619718155.657057, 3
1619718155.676249, 3
1619718155.693016, 3
1619718155.720656, 3
1619718155.742448, 2
1619718155.759575, 4
1619718155.775538, 3
1619718155.791417, 5
1619718155.806681, 4
1619718155.822516, 4
1619718155.838497, 5
1619718155.854393, 3
1619718155.870317, 2
1619718155.888802, 2
1619718155.905687, 2
1619718155.924222, 3
1619718155.941891, 3
1619718155.968018, 2
1619718156.003917, 1
1619718156.027330, 3
1619718156.043978, 4
1619718156.062046, 2
1619718156.081905, 3
1619718156.101496, 4
1619718156.122229, 4
1619718156.139210, 4
1619718156.155343, 3
1619718156.172547, 5
1619718156.187795, 4
1619718156.203915, 1
1619718156.225091, 1
1619718156.243234, 0
1619718156.259132, 1
1619718156.277633, 2
1619718156.294354, 2
1619718156.314637, 3
1619718156.334952, 1
1619718156.354719, 2
1619718156.375474, 3
1619718156.392796, 3
1619718156.408373, 3
1619718156.425689, 4
1619718156.441577, 3
1619718156.457576, 4
1619718156.473246, 4
1619718156.491473, 4
1619718156.508468, 1
1619718156.526186, 1
1619718156.545727, 1
1619718156.564560, 0
1619718156.594137, 2
1619718156.623211, 2
1619718156.639823, 3
1619718156.664357, 3
1619718156.686776, 3
1619718156.704224, 1
1619718156.721575, 3
1619718156.737378, 4
1619718156.756564, 5
1619718156.773553, 4
1619718156.789535, 4
1619718156.808409, 4
1619718156.824222, 4
1619718156.840196, 4
1619718156.856003, 2
1619718156.872793, 1
1619718156.890525, 2
1619718156.906848, 1
1619718156.924753, 1
1619718156.941132, 3
1619718156.956798, 1
1619718156.973782, 1
1619718156.997739, 2
1619718157.015711, 4
1619718157.034143, 3
1619718157.052856, 3
1619718157.069789, 3
1619718157.087198, 3
1619718157.104764, 3
1619718157.122732, 4
1619718157.138783, 4
1619718157.158765, 3
1619718157.175804, 4
1619718157.201293, 5
1619718157.221768, 3
1619718157.243991, 4
1619718157.260848, 1
1619718157.277779, 1
1619718157.294827, 3
1619718157.312965, 1
1619718157.333360, 1
1619718157.354043, 3
1619718157.373921, 4
1619718157.391818, 2
1619718157.407813, 1
1619718157.426002, 3
1619718157.443972, 3
1619718157.462593, 3
1619718157.482582, 2
1619718157.500735, 3
1619718157.523179, 4
1619718157.540270, 4
1619718157.557394, 3
1619718157.572576, 3
1619718157.588948, 4
1619718157.605138, 3
1619718157.622005, 2
1619718157.648991, 1
1619718157.672640, 3
1619718157.689927, 1
1619718157.713121, 2
1619718157.736223, 2
1619718157.754776, 2
1619718157.773907, 2
1619718157.789838, 3
1619718157.809751, 2
1619718157.825740, 3
1619718157.842831, 4
1619718157.860117, 4
1619718157.887145, 3
1619718157.907024, 3
1619718157.924284, 5
1619718157.941276, 3
1619718157.957247, 4
1619718157.976134, 4
1619718157.993578, 3
1619718158.014320, 3
1619718158.035406, 3
1619718158.053368, 2
1619718158.074510, 0
1619718158.096532, 0
1619718158.114391, 1
1619718158.133103, 2
1619718158.154416, 3
1619718158.173146, 3
1619718158.192345, 2
1619718158.210396, 1
1619718158.226986, 2
1619718158.242968, 3
1619718158.259017, 2
1619718158.279050, 1
1619718158.301059, 2
1619718158.318954, 3
1619718158.334500, 1
1619718158.351445, 3
1619718158.372608, 2
1619718158.402503, 2
1619718158.424142, 3
1619718158.440557, 4
1619718158.463500, 3
1619718158.481574, 4
1619718158.501240, 4
1619718158.523287, 2
1619718158.540348, 2
1619718158.559272, 2
1619718158.576340, 2
1619718158.594194, 2
1619718158.611357, 2
1619718158.628443, 2
1619718158.651272, 2
1619718158.672227, 2
1619718158.690205, 4
1619718158.708215, 2
1619718158.725218, 4
1619718158.741124, 3
1619718158.758309, 3
1619718158.773584, 2
1619718158.790319, 4
1619718158.809253, 5
1619718158.825235, 4
1619718158.840776, 3
1619718158.857271, 4
1619718158.875181, 4
1619718158.892868, 2
1619718158.913286, 1
1619718158.931926, 1
1619718158.951606, 1
1619718158.972389, 3
1619718159.000807, 3
1619718159.021133, 2
1619718159.040239, 3
1619718159.059333, 4
1619718159.080607, 3
1619718159.101340, 3
1619718159.128515, 4
1619718159.151725, 4
1619718159.170463, 5
1619718159.191480, 5
1619718159.208641, 4
1619718159.231273, 4
1619718159.249215, 2
1619718159.268767, 2
1619718159.287469, 3
1619718159.304987, 1
1619718159.326128, 1
1619718159.346279, 2
1619718159.365611, 2
1619718159.386077, 3
1619718159.404575, 4
1619718159.422431, 2
1619718159.446390, 2
1619718159.467484, 3
1619718159.487143, 3
1619718159.504274, 3
1619718159.523731, 3
1619718159.540949, 4
1619718159.562894, 4
1619718159.587587, 5
1619718159.623370, 4
1619718159.652614, 5
1619718159.673548, 2
1619718159.691398, 0
1619718159.710140, 1
1619718159.726336, 1
1619718159.742515, 1
1619718159.765970, 1
1619718159.788296, 1
1619718159.805482, 0
1619718159.821804, 2
1619718159.837992, 1
1619718159.854061, 1
1619718159.873883, 1
1619718159.893017, 1
1619718159.911414, 0
1619718159.928202, 2
1619718159.947800, 3
1619718159.966476, 3
1619718159.985896, 2
1619718160.003916, 3
1619718160.022655, 2
1619718160.039812, 3
1619718160.057569, 4
1619718160.073769, 4
1619718160.093581, 2
1619718160.110963, 4
1619718160.129653, 4
1619718160.146689, 3
1619718160.165972, 5
1619718160.183953, 1
1619718160.209850, 1
1619718160.228894, 3
1619718160.249760, 3
1619718160.270373, 2
1619718160.290447, 2
1619718160.308469, 1
1619718160.324523, 2
1619718160.352393, 2
1619718160.370083, 3
1619718160.387302, 3
1619718160.408634, 2
1619718160.424622, 4
1619718160.440945, 4
1619718160.456957, 4
1619718160.475831, 3
1619718160.493030, 4
1619718160.513981, 4
1619718160.535437, 4
1619718160.552430, 3
1619718160.570572, 2
1619718160.592373, 2
1619718160.609548, 2
1619718160.631395, 1
1619718160.650139, 1
1619718160.667093, 3
1619718160.686630, 3
1619718160.704414, 2
1619718160.723016, 2
1619718160.740243, 3
1619718160.762137, 4
1619718160.781778, 4
1619718160.808975, 5
1619718160.832991, 4
1619718160.853553, 3
1619718160.880665, 4
1619718160.899941, 1
1619718160.917632, 1
1619718160.933819, 3
1619718160.952891, 3
1619718160.974388, 1
1619718160.994653, 1
1619718161.013957, 2
1619718161.031554, 3
1619718161.053741, 2
1619718161.072271, 2
1619718161.087524, 2
1619718161.105180, 3
1619718161.131751, 3
1619718161.151118, 4
1619718161.168844, 4
1619718161.186954, 4
1619718161.205102, 5
1619718161.221456, 5
1619718161.239019, 3
1619718161.256674, 2
1619718161.273601, 0
1619718161.288820, 2
1619718161.304982, 2
1619718161.323472, 4
1619718161.341848, 2
1619718161.362974, 1
1619718161.381571, 4
1619718161.423836, 2
1619718161.440664, 2
1619718161.457681, 3
1619718161.473652, 3
1619718161.491969, 4
1619718161.510782, 4
1619718161.529194, 4
1619718161.556390, 5
1619718161.579777, 2
1619718161.598575, 1
1619718161.616833, 2
1619718161.635243, 2
1619718161.653692, 0
1619718161.669634, 3
1619718161.687332, 2
1619718161.705730, 3
1619718161.722579, 2
1619718161.747825, 2
1619718161.768109, 2
1619718161.785609, 4
1619718161.803231, 3
1619718161.820172, 3
1619718161.839447, 4
1619718161.857941, 4
1619718161.874767, 4
1619718161.893333, 5
1619718161.909618, 3
1619718161.925759, 3
1619718161.941809, 2
1619718161.967508, 1
1619718161.984648, 1
1619718162.008553, 4
1619718162.031102, 3
1619718162.051657, 2
1619718162.069319, 1
1619718162.086166, 3
1619718162.103851, 3
1619718162.120752, 2
1619718162.140220, 2
1619718162.156942, 4
1619718162.181575, 3
1619718162.206019, 3
1619718162.223701, 4
1619718162.245006, 4
1619718162.262831, 5
1619718162.279854, 4
1619718162.302544, 5
1619718162.324324, 1
1619718162.341701, 1
1619718162.363662, 1
1619718162.383756, 0
1619718162.401515, 3
1619718162.420850, 0
1619718162.437694, 0
1619718162.459053, 1
1619718162.476798, 1
1619718162.497601, 2
1619718162.520959, 1
1619718162.541087, 2
1619718162.557954, 4
1619718162.576016, 1
1619718162.593594, 2
1619718162.628743, 1
1619718162.645889, 3
1619718162.668956, 3
1619718162.686070, 2
1619718162.705365, 3
1619718162.721463, 4
1619718162.737006, 2
1619718162.753780, 4
1619718162.772321, 4
1619718162.791489, 4
1619718162.808307, 4
1619718162.825222, 5
1619718162.841275, 2
1619718162.864758, 5
1619718162.885214, 2
1619718162.902415, 1
1619718162.918497, 1
1619718162.935397, 2
1619718162.951466, 2
1619718162.968428, 1
1619718162.985483, 3
1619718163.003744, 3
1619718163.0216