1619716436.308112, 0
1619716436.340218, 1
1619716436.359436, 0
1619716436.375597, 6
1619716436.395631, 0
1619716436.412882, 6
1619716436.431352, 5
1619716436.449198, 9
1619716436.477962, 8
1619716436.499709, 10
1619716436.520775, 7
1619716436.539777, 10
1619716436.557866, 7
1619716436.576921, 10
1619716436.594825, 9
1619716436.615246, 9
1619716436.635798, 3
1619716436.657214, 4
1619716436.674393, 3
1619716436.692702, 3
1619716436.714555, 2
1619716436.730620, 3
1619716436.748621, 4
1619716436.773571, 3
1619716436.799610, 6
1619716436.820545, 3
1619716436.839109, 4
1619716436.856640, 5
1619716436.875717, 5
1619716436.893060, 5
1619716436.909159, 4
1619716436.929642, 6
1619716436.947056, 7
1619716436.964369, 6
1619716436.983602, 5
1619716437.000269, 8
1619716437.019138, 6
1619716437.037209, 8
1619716437.054105, 7
1619716437.070119, 6
1619716437.085130, 7
1619716437.104180, 9
1619716437.124178, 9
1619716437.143055, 8
1619716437.163948, 9
1619716437.184152, 10
1619716437.205693, 9
1619716437.224079, 9
1619716437.243955, 9
1619716437.262337, 8
1619716437.282837, 3
1619716437.302337, 2
1619716437.323629, 2
1619716437.342112, 3
1619716437.360301, 3
1619716437.383226, 4
1619716437.422537, 6
1619716437.446022, 4
1619716437.464234, 5
1619716437.483020, 5
1619716437.502083, 6
1619716437.520133, 5
1619716437.537093, 6
1619716437.556214, 7
1619716437.578253, 7
1619716437.599779, 7
1619716437.619073, 8
1619716437.637103, 10
1619716437.654274, 7
1619716437.671165, 6
1619716437.688191, 7
1619716437.705262, 1
1619716437.723273, 2
1619716437.740449, 2
1619716437.760334, 3
1619716437.776281, 1
1619716437.792393, 2
1619716437.810277, 4
1619716437.828418, 4
1619716437.848383, 2
1619716437.865333, 3
1619716437.883555, 5
1619716437.902471, 4
1619716437.922050, 5
1619716437.940393, 5
1619716437.958795, 5
1619716437.977798, 6
1619716438.003674, 6
1619716438.026490, 6
1619716438.047941, 7
1619716438.066929, 7
1619716438.085772, 6
1619716438.102037, 8
1619716438.118956, 8
1619716438.135194, 9
1619716438.152774, 8
1619716438.172449, 9
1619716438.189501, 10
1619716438.207243, 8
1619716438.225026, 9
1619716438.241196, 9
1619716438.258136, 10
1619716438.276651, 9
1619716438.293821, 9
1619716438.311622, 9
1619716438.328491, 8
1619716438.346395, 4
1619716438.363080, 3
1619716438.382247, 2
1619716438.399828, 3
1619716438.420032, 4
1619716438.438968, 3
1619716438.459012, 5
1619716438.477761, 4
1619716438.497100, 4
1619716438.520484, 5
1619716438.539821, 5
1619716438.563499, 7
1619716438.580865, 6
1619716438.608872, 7
1619716438.644307, 7
1619716438.666205, 7
1619716438.683689, 8
1619716438.701849, 8
1619716438.719288, 8
1619716438.738437, 8
1619716438.759854, 9
1619716438.779995, 9
1619716438.798885, 8
1619716438.819086, 9
1619716438.838163, 9
1619716438.858499, 2
1619716438.879814, 3
1619716438.898557, 3
1619716438.917945, 4
1619716438.935013, 2
1619716438.951203, 3
1619716438.968178, 3
1619716438.985386, 4
1619716439.002410, 5
1619716439.019416, 4
1619716439.035605, 3
1619716439.051825, 5
1619716439.068651, 5
1619716439.084886, 6
1619716439.104708, 6
1619716439.122087, 6
1619716439.141706, 6
1619716439.160678, 7
1619716439.182985, 8
1619716439.218327, 8
1619716439.247242, 9
1619716439.268856, 9
1619716439.286433, 10
1619716439.303190, 8
1619716439.319298, 9
1619716439.336262, 8
1619716439.353046, 9
1619716439.372139, 7
1619716439.389550, 3
1619716439.407140, 3
1619716439.424323, 2
1619716439.443611, 4
1619716439.464649, 4
1619716439.480970, 2
1619716439.497354, 3
1619716439.516379, 5
1619716439.536708, 4
1619716439.564430, 5
1619716439.585686, 5
1619716439.606590, 4
1619716439.632345, 5
1619716439.669830, 6
1619716439.720481, 8
1619716439.736777, 7
1619716439.752247, 7
1619716439.775209, 8
1619716439.794086, 8
1619716439.817215, 9
1619716439.835312, 10
1619716439.852170, 10
1619716439.868375, 9
1619716439.885626, 8
1619716439.902222, 10
1619716439.919278, 8
1619716439.935921, 7
1619716439.951891, 9
1619716439.967453, 7
1619716439.983446, 2
1619716440.000387, 2
1619716440.017322, 2
1619716440.033565, 2
1619716440.051327, 3
1619716440.066838, 3
1619716440.082340, 3
1619716440.097872, 3
1619716440.113422, 3
1619716440.130094, 4
1619716440.146120, 4
1619716440.162321, 4
1619716440.181874, 4
1619716440.201543, 6
1619716440.218680, 5
1619716440.236940, 6
1619716440.251969, 5
1619716440.270108, 6
1619716440.285623, 7
1619716440.301640, 7
1619716440.323870, 7
1619716440.344897, 9
1619716440.381140, 8
1619716440.414655, 8
1619716440.442024, 8
1619716440.467704, 8
1619716440.488277, 8
1619716440.513671, 8
1619716440.531039, 6
1619716440.548116, 3
1619716440.566195, 3
1619716440.584170, 2
1619716440.602125, 2
1619716440.618795, 3
1619716440.636603, 4
1619716440.653595, 3
1619716440.669039, 3
1619716440.686207, 5
1619716440.703116, 4
1619716440.719560, 4
1619716440.738907, 4
1619716440.756828, 5
1619716440.774685, 5
1619716440.792145, 4
1619716440.809784, 7
1619716440.827491, 7
1619716440.846436, 6
1619716440.864253, 7
1619716440.882871, 7
1619716440.899463, 7
1619716440.918876, 9
1619716440.935035, 9
1619716440.951618, 8
1619716440.970291, 9
1619716440.987969, 9
1619716441.013564, 9
1619716441.042236, 8
1619716441.060616, 8
1619716441.078250, 9
1619716441.095437, 7
1619716441.112584, 3
1619716441.129623, 3
1619716441.146330, 3
1619716441.163443, 3
1619716441.180177, 2
1619716441.197468, 2
1619716441.214125, 2
1619716441.231873, 3
1619716441.250124, 3
1619716441.268619, 5
1619716441.286039, 5
1619716441.305456, 5
1619716441.323069, 6
1619716441.341326, 6
1619716441.358958, 6
1619716441.376214, 7
1619716441.393267, 7
1619716441.409622, 7
1619716441.428313, 7
1619716441.448560, 7
1619716441.470460, 8
1619716441.489486, 8
1619716441.508236, 8
1619716441.527649, 8
1619716441.543725, 9
1619716441.560658, 9
1619716441.578413, 9
1619716441.599460, 9
1619716441.625643, 10
1619716441.644836, 8
1619716441.661412, 8
1619716441.678015, 9
1619716441.694874, 6
1619716441.712409, 3
1619716441.731897, 2
1619716441.748300, 2
1619716441.765429, 2
1619716441.781524, 3
1619716441.798073, 4
1619716441.816616, 3
1619716441.834386, 5
1619716441.854286, 5
1619716441.872451, 5
1619716441.889018, 6
1619716441.908502, 6
1619716441.927071, 6
1619716441.946680, 6
1619716441.962725, 6
1619716441.980424, 7
1619716441.996521, 6
1619716442.013031, 8
1619716442.031229, 8
1619716442.049556, 8
1619716442.069497, 8
1619716442.088026, 7
1619716442.107977, 9
1619716442.128162, 9
1619716442.148423, 10
1619716442.168686, 9
1619716442.188253, 8
1619716442.231576, 10
1619716442.257427, 6
1619716442.277422, 2
1619716442.296394, 2
1619716442.315033, 2
1619716442.331840, 2
1619716442.349948, 3
1619716442.367161, 3
1619716442.388002, 4
1619716442.407602, 4
1619716442.426939, 4
1619716442.445751, 4
1619716442.466454, 4
1619716442.485640, 5
1619716442.504533, 5
1619716442.525520, 4
1619716442.544876, 6
1619716442.564843, 7
1619716442.583173, 7
1619716442.601920, 6
1619716442.620693, 8
1619716442.639231, 8
1619716442.658078, 7
1619716442.674685, 10
1619716442.691795, 8
1619716442.712566, 8
1619716442.729926, 10
1619716442.745589, 10
1619716442.761966, 9
1619716442.777652, 10
1619716442.793670, 9
1619716442.824712, 9
1619716442.845781, 9
1619716442.862396, 5
1619716442.880508, 4
1619716442.896684, 2
1619716442.914083, 2
1619716442.931295, 2
1619716442.950596, 3
1619716442.969983, 4
1619716442.986581, 4
1619716443.002661, 4
1619716443.019296, 4
1619716443.035905, 6
1619716443.055904, 4
1619716443.073565, 5
1619716443.091861, 6
1619716443.108645, 6
1619716443.125887, 6
1619716443.144622, 7
1619716443.161968, 7
1619716443.178361, 8
1619716443.194989, 8
1619716443.211594, 8
1619716443.228936, 8
1619716443.245720, 9
1619716443.263929, 9
1619716443.281338, 8
1619716443.296810, 9
1619716443.313468, 8
1619716443.334012, 9
1619716443.353389, 8
1619716443.371118, 2
1619716443.389446, 2
1619716443.407602, 4
1619716443.443620, 1
1619716443.461235, 3
1619716443.479084, 3
1619716443.499794, 3
1619716443.517834, 3
1619716443.537260, 4
1619716443.555568, 5
1619716443.575979, 5
1619716443.603081, 6
1619716443.624261, 5
1619716443.644563, 6
1619716443.666820, 5
1619716443.687287, 6
1619716443.706067, 8
1619716443.720858, 7
1619716443.737154, 8
1619716443.757071, 9
1619716443.779912, 7
1619716443.796979, 9
1619716443.816411, 9
1619716443.835273, 10
1619716443.852619, 9
1619716443.870037, 10
1619716443.888413, 9
1619716443.906045, 8
1619716443.923291, 9
1619716443.942179, 7
1619716443.962280, 4
1619716443.980579, 3
1619716443.998688, 3
1619716444.035291, 3
1619716444.056799, 3
1619716444.075551, 3
1619716444.092977, 4
1619716444.112734, 5
1619716444.131974, 4
1619716444.152650, 5
1619716444.171951, 5
1619716444.190674, 5
1619716444.210607, 6
1619716444.231532, 6
1619716444.248876, 6
1619716444.265483, 8
1619716444.283177, 7
1619716444.299782, 8
1619716444.317575, 8
1619716444.334159, 8
1619716444.352924, 7
1619716444.371220, 9
1619716444.388464, 9
1619716444.407866, 8
1619716444.425632, 8
1619716444.443323, 9
1619716444.467877, 8
1619716444.487819, 9
1619716444.510400, 7
1619716444.531884, 2
1619716444.551349, 2
1619716444.576397, 2
1619716444.592472, 3
1619716444.615560, 2
1619716444.647635, 4
1619716444.666047, 5
1619716444.683310, 4
1619716444.698597, 4
1619716444.715312, 4
1619716444.731814, 4
1619716444.748524, 5
1619716444.767332, 5
1619716444.783389, 6
1619716444.801575, 5
1619716444.822615, 6
1619716444.840757, 6
1619716444.861063, 8
1619716444.882446, 8
1619716444.899612, 8
1619716444.916837, 9
1619716444.932885, 8
1619716444.948545, 9
1619716444.965660, 8
1619716444.983880, 9
1619716445.001605, 10
1619716445.018699, 10
1619716445.037653, 9
1619716445.054218, 10
1619716445.071206, 9
1619716445.090781, 9
1619716445.107952, 7
1619716445.125254, 3
1619716445.146047, 2
1619716445.163453, 3
1619716445.180445, 3
1619716445.197416, 4
1619716445.214018, 4
1619716445.234559, 3
1619716445.255590, 4
1619716445.275049, 6
1619716445.294933, 4
1619716445.317516, 5
1619716445.335174, 6
1619716445.355094, 6
1619716445.373397, 6
1619716445.392627, 7
1619716445.424283, 8
1619716445.447524, 8
1619716445.468006, 7
1619716445.484311, 8
1619716445.504194, 9
1619716445.527184, 9
1619716445.545271, 8
1619716445.567433, 9
1619716445.586194, 10
1619716445.607091, 9
1619716445.627188, 9
1619716445.645322, 9
1619716445.664712, 7
1619716445.684064, 2
1619716445.704754, 2
1619716445.722248, 2
1619716445.740748, 4
1619716445.760064, 3
1619716445.779233, 3
1619716445.803361, 4
1619716445.824660, 4
1619716445.849550, 6
1619716445.871312, 5
1619716445.889380, 5
1619716445.916643, 5
1619716445.932816, 5
1619716445.949627, 7
1619716445.965662, 8
1619716445.982849, 7
1619716446.000048, 6
1619716446.015969, 7
1619716446.031461, 7
1619716446.047500, 8
1619716446.062518, 8
1619716446.078204, 8
1619716446.093912, 8
1619716446.112026, 7
1619716446.127668, 10
1619716446.144380, 8
1619716446.160327, 9
1619716446.176073, 9
1619716446.190778, 9
1619716446.208218, 10
1619716446.223172, 9
1619716446.237470, 9
1619716446.254388, 9
1619716446.273168, 9
1619716446.287509, 5
1619716446.301538, 5
1619716446.314375, 2
1619716446.333153, 3
1619716446.354675, 4
1619716446.378587, 3
1619716446.394873, 3
1619716446.411113, 3
1619716446.431703, 3
1619716446.458028, 5
1619716446.488713, 5
1619716446.508448, 6
1619716446.532452, 6
1619716446.551495, 6
1619716446.575392, 6
1619716446.595228, 7
1619716446.613429, 7
1619716446.629024, 6
1619716446.646167, 7
1619716446.661896, 6
1619716446.677723, 8
1619716446.693763, 8
1619716446.709847, 8
1619716446.727593, 9
1619716446.745259, 9
1619716446.761313, 10
1619716446.777970, 9
1619716446.795836, 8
1619716446.816687, 8
1619716446.837859, 8
1619716446.858021, 7
1619716446.877526, 2
1619716446.895545, 2
1619716446.913657, 4
1619716446.934307, 3
1619716446.957230, 2
1619716446.982877, 3
1619716447.002916, 4
1619716447.023403, 3
1619716447.057720, 5
1619716447.083992, 5
1619716447.107827, 5
1619716447.129782, 7
1619716447.149222, 6
1619716447.172987, 7
1619716447.200419, 8
1619716447.220110, 7
1619716447.239470, 8
1619716447.261100, 8
1619716447.282993, 9
1619716447.301968, 8
1619716447.319226, 8
1619716447.336414, 8
1619716447.353542, 10
1619716447.369589, 9
1619716447.385698, 9
1619716447.403138, 9
1619716447.420540, 9
1619716447.437522, 10
1619716447.454365, 9
1619716447.470415, 6
1619716447.487048, 2
1619716447.505327, 2
1619716447.523766, 2
1619716447.541432, 2
1619716447.561218, 3
1619716447.577650, 3
1619716447.593221, 4
1619716447.610317, 4
1619716447.628665, 5
1619716447.644667, 5
1619716447.661905, 5
1619716447.681247, 6
1619716447.699388, 6
1619716447.716582, 5
1619716447.734487, 7
1619716447.753372, 8
1619716447.770891, 7
1619716447.791388, 8
1619716447.814461, 7
1619716447.831337, 8
1619716447.849580, 8
1619716447.867220, 9
1619716447.884933, 9
1619716447.901702, 9
1619716447.918885, 9
1619716447.936164, 9
1619716447.952660, 9
1619716447.971425, 9
1619716447.987219, 9
1619716448.004214, 9
1619716448.024606, 10
1619716448.042378, 9
1619716448.060097, 9
1619716448.076155, 9
1619716448.092735, 3
1619716448.108441, 2
1619716448.126082, 2
1619716448.146573, 3
1619716448.167067, 4
1619716448.186985, 4
1619716448.212509, 4
1619716448.247455, 4
1619716448.273901, 5
1619716448.293998, 5
1619716448.313830, 6
1619716448.333793, 6
1619716448.352686, 6
1619716448.373637, 7
1619716448.393120, 6
1619716448.412256, 7
1619716448.430538, 7
1619716448.463536, 8
1619716448.488575, 8
1619716448.511665, 8
1619716448.532482, 9
1619716448.552542, 8
1619716448.572557, 9
1619716448.591766, 7
1619716448.612685, 8
1619716448.634932, 10
1619716448.653787, 8
1619716448.671478, 1
1619716448.689077, 3
1619716448.708963, 2
1619716448.731757, 3
1619716448.749883, 5
1619716448.768764, 4
1619716448.788308, 3
1619716448.806848, 3
1619716448.839613, 5
1619716448.862899, 5
1619716448.883367, 5
1619716448.900257, 5
1619716448.920258, 8
1619716448.937489, 7
1619716448.958660, 6
1619716448.978400, 7
1619716448.996616, 8
1619716449.014239, 8
1619716449.030842, 7
1619716449.047192, 8
1619716449.064157, 8
1619716449.079342, 7
1619716449.097218, 9
1619716449.113838, 8
1619716449.129892, 10
1619716449.145720, 10
1619716449.167287, 9
1619716449.183850, 9
1619716449.200885, 10
1619716449.219028, 8
1619716449.237371, 7
1619716449.254973, 5
1619716449.274439, 4
1619716449.292083, 2
1619716449.309754, 2
1619716449.327563, 3
1619716449.344758, 2
1619716449.361335, 4
1619716449.379292, 2
1619716449.398553, 4
1619716449.419166, 4
1619716449.438993, 5
1619716449.461255, 6
1619716449.481060, 8
1619716449.503860, 6
1619716449.520779, 6
1619716449.541515, 6
1619716449.560452, 6
1619716449.579714, 7
1619716449.596819, 7
1619716449.612926, 8
1619716449.628514, 7
1619716449.645153, 9
1619716449.662841, 8
1619716449.683953, 9
1619716449.700956, 10
1619716449.718107, 9
1619716449.736414, 10
1619716449.755997, 9
1619716449.783394, 8
1619716449.821632, 8
1619716449.842947, 9
1619716449.862675, 7
1619716449.881499, 3
1619716449.899697, 2
1619716449.917415, 2
1619716449.934026, 3
1619716449.952507, 4
1619716449.969539, 3
1619716449.988379, 4
1619716450.007017, 5
1619716450.030948, 5
1619716450.055229, 5
1619716450.072745, 4
1619716450.089508, 6
1619716450.106176, 6
1619716450.123896, 6
1619716450.141009, 6
1619716450.156627, 7
1619716450.173718, 6
1619716450.190956, 7
1619716450.207580, 7
1619716450.230968, 8
1619716450.249574, 8
1619716450.266436, 8
1619716450.281952, 8
1619716450.298599, 10
1619716450.314626, 10
1619716450.331760, 9
1619716450.349459, 10
1619716450.366677, 10
1619716450.383252, 9
1619716450.399860, 8
1619716450.416605, 9
1619716450.432187, 8
1619716450.450272, 4
1619716450.468212, 1
1619716450.488519, 3
1619716450.506206, 4
1619716450.524668, 4
1619716450.548278, 3
1619716450.582566, 5
1619716450.604386, 4
1619716450.632477, 3
1619716450.659173, 5
1619716450.680249, 6
1619716450.697270, 7
1619716450.716444, 6
1619716450.733649, 7
1619716450.750171, 7
1619716450.766211, 8
1619716450.782940, 7
1619716450.799457, 8
1619716450.821176, 9
1619716450.837666, 7
1619716450.854328, 8
1619716450.871022, 9
1619716450.887128, 9
1619716450.906384, 8
1619716450.923937, 10
1619716450.941953, 10
1619716450.959962, 8
1619716450.979287, 10
1619716451.000253, 7
1619716451.017892, 2
1619716451.035531, 2
1619716451.053486, 2
1619716451.070899, 3
1619716451.087498, 2
1619716451.112417, 3
1619716451.129119, 4
1619716451.148625, 4
1619716451.166394, 5
1619716451.191920, 6
1619716451.253537, 6
1619716451.270201, 5
1619716451.286936, 5
1619716451.303516, 7
1619716451.319398, 6
1619716451.336255, 7
1619716451.353668, 7
1619716451.369802, 8
1619716451.385156, 7
1619716451.401281, 8
1619716451.416646, 8
1619716451.432762, 8
1619716451.450552, 9
1619716451.467874, 9
1619716451.484529, 9
1619716451.503776, 10
1619716451.524339, 8
1619716451.541058, 8
1619716451.559187, 8
1619716451.577256, 10
1619716451.594104, 5
1619716451.612481, 2
1619716451.629230, 1
1619716451.645319, 2
1619716451.665913, 2
1619716451.682844, 3
1619716451.703125, 4
1619716451.719894, 2
1619716451.737645, 3
1619716451.755926, 4
1619716451.773191, 4
1619716451.792728, 5
1619716451.815379, 3
1619716451.844227, 6
1619716451.866806, 5
1619716451.885552, 7
1619716451.903070, 6
1619716451.920942, 7
1619716451.937762, 7
1619716451.957351, 7
1619716451.982024, 7
1619716452.001698, 7
1619716452.020204, 8
1619716452.040367, 9
1619716452.062610, 8
1619716452.082427, 9
1619716452.099449, 9
1619716452.118495, 10
1619716452.137037, 8
1619716452.158766, 8
1619716452.176575, 6
1619716452.195564, 4
1619716452.212507, 2
1619716452.230734, 3
1619716452.247847, 3
1619716452.266991, 3
1619716452.284008, 3
1619716452.300275, 3
1619716452.317510, 4
1619716452.333280, 4
1619716452.349563, 5
1619716452.366122, 5
1619716452.382656, 5
1619716452.400455, 5
1619716452.416687, 5
1619716452.448287, 6
1619716452.468627, 6
1619716452.486245, 7
1619716452.504683, 7
1619716452.522981, 8
1619716452.543230, 6
1619716452.559609, 7
1619716452.576837, 8
1619716452.594904, 8
1619716452.611858, 7
1619716452.629635, 9
1619716452.646408, 8
1619716452.663165, 8
1619716452.680260, 9
1619716452.696564, 9
1619716452.712623, 9
1619716452.729425, 9
1619716452.752811, 9
1619716452.771102, 7
1619716452.787751, 3
1619716452.804724, 2
1619716452.822279, 2
1619716452.841101, 3
1619716452.857954, 3
1619716452.875966, 2
1619716452.892118, 3
1619716452.908351, 3
1619716452.925886, 4
1619716452.943067, 4
1619716452.963313, 5
1619716452.980799, 4
1619716452.999962, 5
1619716453.018010, 6
1619716453.043129, 6
1619716453.062387, 6
1619716453.079558, 5
1619716453.096825, 6
1619716453.113128, 7
1619716453.129312, 7
1619716453.145706, 7
1619716453.162337, 9
1619716453.178807, 8
1619716453.199096, 8
1619716453.217641, 9
1619716453.240626, 9
1619716453.256621, 10
1619716453.273645, 8
1619716453.290918, 9
1619716453.307130, 9
1619716453.324031, 8
1619716453.341231, 9
1619716453.359499, 8
1619716453.376235, 7
1619716453.392960, 2
1619716453.411504, 3
1619716453.428231, 2
1619716453.445540, 3
1619716453.464355, 4
1619716453.481026, 4
1619716453.499982, 4
1619716453.516708, 5
1619716453.532825, 4
1619716453.549245, 5
1619716453.566199, 5
1619716453.583380, 5
1619716453.601051, 7
1619716453.620820, 5
1619716453.641971, 8
1619716453.669963, 7
1619716453.688248, 8
1619716453.705357, 7
1619716453.722499, 8
1619716453.742006, 8
1619716453.760692, 8
1619716453.784130, 8
1619716453.804889, 9
1619716453.825108, 9
1619716453.847747, 9
1619716453.866714, 9
1619716453.884879, 9
1619716453.906394, 10
1619716453.925217, 9
1619716453.942902, 4
1619716453.961249, 4
1619716453.982575, 4
1619716453.999577, 3
1619716454.016642, 2
1619716454.033669, 3
1619716454.052798, 4
1619716454.072774, 3
1619716454.090352, 5
1619716454.108303, 5
1619716454.125845, 4
1619716454.142365, 5
1619716454.163483, 6
1619716454.181080, 5
1619716454.198956, 5
1619716454.216959, 7
1619716454.256571, 6
1619716454.286804, 7
1619716454.306725, 8
1619716454.324426, 9
1619716454.340790, 7
1619716454.357647, 8
1619716454.373996, 9
1619716454.391728, 8
1619716454.409409, 10
1619716454.425715, 10
1619716454.440734, 10
1619716454.456956, 9
1619716454.472928, 8
1619716454.488184, 10
1619716454.502324, 9
1619716454.519087, 2
1619716454.537094, 2
1619716454.556353, 2
1619716454.572548, 3
1619716454.591070, 3
1619716454.614474, 2
1619716454.632205, 3
1619716454.652631, 4
1619716454.671136, 4
1619716454.691166, 5
1619716454.709493, 5
1619716454.729347, 5
1619716454.748090, 5
1619716454.767675, 5
1619716454.784919, 6
1619716454.801987, 6
1619716454.820620, 7
1619716454.848753, 7
1619716454.873603, 7
1619716454.892844, 7
1619716454.911460, 8
1619716454.930390, 8
1619716454.946600, 10
1619716454.962064, 10
1619716454.983507, 7
1619716455.000646, 8
1619716455.018208, 8
1619716455.034908, 3
1619716455.054123, 2
1619716455.074146, 2
1619716455.092848, 3
1619716455.111548, 2
1619716455.132774, 2
1619716455.151841, 4
1619716455.172542, 3
1619716455.191527, 4
1619716455.210794, 4
1619716455.227037, 5
1619716455.247573, 5
1619716455.267398, 6
1619716455.286618, 6
1619716455.306529, 5
1619716455.323520, 7
1619716455.339731, 7
1619716455.356748, 6
1619716455.370233, 7
1619716455.383711, 7
1619716455.397130, 7
1619716455.412110, 8
1619716455.425102, 6
1619716455.443966, 8
1619716455.460387, 9
1619716455.478038, 9
1619716455.492958, 8
1619716455.507096, 8
1619716455.521243, 10
1619716455.534756, 9
1619716455.549068, 9
1619716455.566094, 9
1619716455.581227, 10
1619716455.598699, 9
1619716455.614137, 7
1619716455.627744, 2
1619716455.641477, 3
1619716455.655193, 2
1619716455.668896, 3
1619716455.683068, 3
1619716455.695845, 2
1619716455.710802, 3
1619716455.730654, 4
1619716455.751296, 4
1619716455.770341, 4
1619716455.790233, 3
1619716455.808729, 5
1619716455.826495, 6
1619716455.848502, 5
1619716455.865356, 6
1619716455.886684, 8
1619716455.906306, 7
1619716455.926093, 7
1619716455.942243, 7
1619716455.959093, 6
1619716455.978409, 7
1619716455.995702, 8
1619716456.014096, 7
1619716456.031814, 8
1619716456.055538, 9
1619716456.080248, 10
1619716456.097082, 10
1619716456.116160, 9
1619716456.135176, 8
1619716456.156295, 8
1619716456.173157, 4
1619716456.190112, 3
1619716456.207108, 2
1619716456.225927, 1
1619716456.242085, 3
1619716456.263285, 4
1619716456.283064, 3
1619716456.300559, 4
1619716456.319615, 4
1619716456.336467, 5
1619716456.355473, 5
1619716456.373053, 3
1619716456.392115, 4
1619716456.413216, 5
1619716456.432414, 5
1619716456.452571, 6
1619716456.470313, 5
1619716456.487837, 7
1619716456.505384, 7
1619716456.522367, 7
1619716456.544457, 7
1619716456.564573, 8
1619716456.584988, 8
1619716456.607493, 9
1619716456.629357, 8
1619716456.649738, 8
1619716456.669986, 10
1619716456.689152, 9
1619716456.707457, 9
1619716456.726441, 10
1619716456.743441, 9
1619716456.762361, 9
1619716456.780087, 9
1619716456.797682, 2
1619716456.813790, 2
1619716456.830656, 3
1619716456.849360, 3
1619716456.866561, 3
1619716456.883754, 3
1619716456.902655, 4
1619716456.920758, 4
1619716456.939836, 4
1619716456.956824, 6
1619716456.975324, 4
1619716456.994217, 6
1619716457.011656, 7
1619716457.029408, 5
1619716457.045625, 6
1619716457.062509, 7
1619716457.081986, 7
1619716457.099299, 7
1619716457.118833, 7
1619716457.136458, 7
1619716457.156193, 7
1619716457.179446, 9
1619716457.197678, 7
1619716457.218812, 8
1619716457.235595, 8
1619716457.274859, 9
1619716457.300463, 9
1619716457.318524, 8
1619716457.336414, 9
1619716457.354435, 8
1619716457.372998, 3
1619716457.392012, 2
1619716457.408916, 2
1619716457.429114, 2
1619716457.445956, 5
1619716457.466623, 3
1619716457.483740, 4
1619716457.501716, 4
1619716457.524271, 3
1619716457.541522, 5
1619716457.561891, 6
1619716457.579577, 5
1619716457.594980, 7
1619716457.611937, 6
1619716457.629455, 6
1619716457.645823, 6
1619716457.662623, 6
1619716457.684578, 8
1619716457.705595, 6
1619716457.723831, 8
1619716457.743283, 9
1619716457.760289, 8
1619716457.780783, 8
1619716457.801376, 9
1619716457.820965, 8
1619716457.856239, 9
1619716457.875796, 9
1619716457.896095, 10
1619716457.916216, 8
1619716457.933768, 9
1619716457.954078, 3
1619716457.975547, 2
1619716457.995593, 3
1619716458.015424, 3
1619716458.039782, 4
1619716458.060355, 3
1619716458.080424, 4
1619716458.100392, 4
1619716458.117783, 4
1619716458.135153, 5
1619716458.155527, 5
1619716458.172985, 7
1619716458.190756, 6
1619716458.212026, 7
1619716458.230574, 6
1619716458.248350, 8
1619716458.265091, 6
1619716458.282565, 7
1619716458.304247, 8
1619716458.322023, 7
1619716458.343185, 8
1619716458.363665, 9
1619716458.382878, 9
1619716458.404567, 9
1619716458.423588, 9
1619716458.465476, 9
1619716458.485321, 9
1619716458.503724, 9
1619716458.522743, 2
1619716458.543063, 2
1619716458.561142, 3
1619716458.585498, 2
1619716458.604506, 3
1619716458.620906, 4
1619716458.640123, 4
1619716458.657749, 3
1619716458.674538, 5
1619716458.698726, 4
1619716458.714690, 3
1619716458.733963, 5
1619716458.751464, 7
1619716458.769282, 6
1619716458.786148, 6
1619716458.802471, 6
1619716458.822133, 7
1619716458.842308, 6
1619716458.860198, 7
1619716458.877113, 8
1619716458.894303, 8
1619716458.916663, 9
1619716458.934142, 8
1619716458.951117, 7
1619716458.972245, 9
1619716458.991051, 10
1619716459.010704, 9
1619716459.027786, 9
1619716459.046152, 9
1619716459.069661, 9
1619716459.095032, 3
1619716459.119186, 2
1619716459.136677, 2
1619716459.156017, 4
1619716459.176706, 2
1619716459.194066, 3
1619716459.213185, 4
1619716459.232248, 4
1619716459.267326, 6
1619716459.286537, 5
1619716459.305544, 5
1619716459.328531, 6
1619716459.356274, 6
1619716459.379142, 6
1619716459.400330, 6
1619716459.422462, 7
1619716459.441527, 8
1619716459.460485, 9
1619716459.480324, 7
1619716459.499208, 9
1619716459.517526, 9
1619716459.534842, 8
1619716459.555638, 10
1619716459.575205, 10
1619716459.596468, 10
1619716459.615236, 9
1619716459.632695, 10
1619716459.652536, 8
1619716459.681681, 6
1619716459.704437, 3
1619716459.722208, 2
1619716459.738675, 2
1619716459.757121, 3
1619716459.774627, 4
1619716459.792647, 3
1619716459.809640, 4
1619716459.826156, 4
1619716459.842555, 4
1619716459.859822, 5
1619716459.879590, 6
1619716459.897702, 8
1619716459.915480, 6
1619716459.936266, 6
1619716459.956496, 5
1619716459.991933, 6
1619716460.014166, 6
1619716460.036868, 8
1619716460.063571, 9
1619716460.090270, 8
1619716460.112803, 8
1619716460.132706, 9
1619716460.149383, 9
1619716460.166593, 9
1619716460.183198, 9
1619716460.202115, 9
1619716460.220804, 8
1619716460.237593, 9
1619716460.267641, 3
1619716460.283703, 2
1619716460.303356, 3
1619716460.319472, 3
1619716460.335056, 2
1619716460.353648, 3
1619716460.370573, 4
1619716460.388909, 3
1619716460.405397, 5
1619716460.421239, 5
1619716460.437918, 5
1619716460.454723, 5
1619716460.470148, 6
1619716460.485774, 6
1619716460.502178, 7
1619716460.518629, 5
1619716460.535156, 7
1619716460.552899, 7
1619716460.568739, 7
1619716460.587769, 6
1619716460.603764, 7
1619716460.623703, 9
1619716460.643545, 10
1619716460.661435, 8
1619716460.676856, 9
1619716460.692898, 9
1619716460.711974, 8
1619716460.727947, 10
1619716460.743559, 9
1619716460.761975, 9
1619716460.779150, 8
1619716460.795063, 9
1619716460.812623, 8
1619716460.828253, 4
1619716460.844195, 2
1619716460.863421, 2
1619716460.880687, 3
1619716460.900080, 4
1619716460.916761, 4
1619716460.935993, 4
1619716460.954372, 3
1619716460.972365, 5
1619716460.991203, 5
1619716461.008980, 6
1619716461.026134, 5
1619716461.044770, 5
1619716461.062267, 7
1619716461.079584, 6
1619716461.095825, 7
1619716461.113426, 6
1619716461.130335, 7
1619716461.145691, 6
1619716461.164057, 8
1619716461.181486, 8
1619716461.198326, 7
1619716461.215617, 8
1619716461.232443, 9
1619716461.249569, 9
1619716461.266155, 8
1619716461.282538, 8
1619716461.299500, 7
1619716461.316007, 8
1619716461.333462, 2
1619716461.351180, 1
1619716461.369676, 3
1619716461.387300, 4
1619716461.403828, 1
1619716461.434587, 4
1619716461.482773, 4
1619716461.502504, 6
1619716461.519433, 4
1619716461.536603, 3
1619716461.553215, 5
1619716461.570104, 5
1619716461.589528, 6
1619716461.606468, 6
1619716461.623996, 6
1619716461.640989, 7
1619716461.658648, 6
1619716461.675180, 8
1619716461.691615, 7
1619716461.708687, 7
1619716461.726326, 7
1619716461.744127, 8
1619716461.761115, 8
1619716461.778325, 8
1619716461.796062, 9
1619716461.813759, 9
1619716461.832872, 9
1619716461.849742, 10
1619716461.870330, 8
1619716461.887119, 9
1619716461.904879, 8
1619716461.923233, 9
1619716461.942413, 1
1619716461.960583, 5
1619716461.980203, 2
1619716461.998863, 2
1619716462.020051, 2
1619716462.039769, 4
1619716462.093863, 3
1619716462.129849, 4
1619716462.153648, 6
1619716462.175955, 4
1619716462.194711, 5
1619716462.214282, 6
1619716462.234024, 6
1619716462.256249, 7
1619716462.280501, 7
1619716462.302306, 7
1619716462.322544, 8
1619716462.340952, 7
1619716462.360730, 8
1619716462.377040, 8
1619716462.394213, 9
1619716462.411860, 9
1619716462.431501, 10
1619716462.449239, 9
1619716462.465713, 9
1619716462.483516, 9
1619716462.500730, 10
1619716462.517668, 9
1619716462.534724, 10
1619716462.553275, 9
1619716462.570214, 4
1619716462.587930, 3
1619716462.604461, 3
1619716462.620925, 3
1619716462.639291, 3
1619716462.655808, 3
1619716462.674752, 3
1619716462.691853, 4
1619716462.708426, 4
1619716462.726446, 5
1619716462.744304, 4
1619716462.763399, 5
1619716462.781368, 5
1619716462.803614, 6
1619716462.820161, 7
1619716462.838938, 5
1619716462.856754, 6
1619716462.876646, 7
1619716462.897234, 7
1619716462.915040, 8
1619716462.932426, 8
1619716462.950006, 8
1619716462.967102, 8
1619716462.986728, 8
1619716463.004351, 9
1619716463.022840, 9
1619716463.040464, 10
1619716463.058743, 9
1619716463.075956, 9
1619716463.093583, 10
1619716463.111716, 9
1619716463.129704, 9
1619716463.148778, 9
1619716463.165852, 7
1619716463.182767, 2
1619716463.199600, 3
1619716463.217226, 2
1619716463.234965, 3
1619716463.260799, 3
1619716463.288230, 4
1619716463.305222, 4
1619716463.322338, 3
1619716463.341109, 4
1619716463.361448, 6
1619716463.380664, 6
1619716463.399508, 6
1619716463.416766, 6
1619716463.433739, 6
1619716463.450912, 7
1619716463.469217, 6
1619716463.489797, 9
1619716463.510144, 8
1619716463.529224, 7
1619716463.547061, 9
1619716463.564275, 8
1619716463.583865, 8
1619716463.603770, 9
1619716463.622362, 9
1619716463.640357, 9
1619716463.657821, 9
1619716463.674865, 9
1619716463.691899, 9
1619716463.709682, 10
1619716463.729026, 5
1619716463.747677, 2
1619716463.767326, 3
1619716463.787157, 3
1619716463.805357, 3
1619716463.828852, 3
1619716463.847129, 4
1619716463.883888, 5
1619716463.906291, 3
1619716463.924949, 5
1619716463.941879, 5
1619716463.962502, 6
1619716463.980751, 7
1619716463.998138, 6
1619716464.015648, 7
1619716464.033100, 7
1619716464.050806, 7
1619716464.068168, 8
1619716464.083800, 8
1619716464.100156, 7
1619716464.117042, 8
1619716464.134575, 8
1619716464.151547, 9
1619716464.169320, 8
1619716464.186464, 10
1619716464.203396, 9
1619716464.220384, 9
1619716464.236718, 9
1619716464.255677, 9
1619716464.273192, 9
1619716464.290952, 6
1619716464.307841, 3
1619716464.326708, 2
1619716464.348481, 2
1619716464.368442, 3
1619716464.387103, 3
1619716464.406365, 4
1619716464.423841, 4
1619716464.447129, 4
1619716464.468513, 5
1619716464.496044, 4
1619716464.514690, 6
1619716464.533532, 5
1619716464.550699, 6
1619716464.566551, 7
1619716464.584801, 7
1619716464.602992, 7
1619716464.622347, 7
1619716464.639630, 8
1619716464.657186, 9
1619716464.673438, 8
1619716464.688933, 9
1619716464.706730, 9
1619716464.724739, 9
1619716464.743713, 10
1619716464.762942, 10
1619716464.780227, 9
1619716464.799687, 8
1619716464.815218, 9
1619716464.834201, 2
1619716464.856541, 1
1619716464.875651, 2
1619716464.893994, 2
1619716464.912736, 3
1619716464.929793, 3
1619716464.950288, 4
1619716464.979105, 5
1619716465.001879, 5
1619716465.022635, 5
1619716465.042423, 6
1619716465.083630, 5
1619716465.104159, 7
1619716465.119973, 6
1619716465.138627, 6
1619716465.157296, 7
1619716465.173561, 7
1619716465.192874, 8
1619716465.209812, 8
1619716465.230911, 7
1619716465.246681, 8
1619716465.264292, 9
1619716465.281083, 8
1619716465.298637, 8
1619716465.315438, 10
1619716465.334532, 8
1619716465.353422, 9
1619716465.371117, 9
1619716465.390355, 9
1619716465.411944, 2
1619716465.429284, 3
1619716465.446876, 2
1619716465.463723, 2
1619716465.481780, 2
1619716465.499930, 3
1619716465.520482, 4
1619716465.540983, 3
1619716465.561581, 3
1619716465.580833, 5
1619716465.603567, 7
1619716465.624373, 4
1619716465.643443, 6
1619716465.680343, 5
1619716465.700310, 6
1619716465.715943, 7
1619716465.733582, 7
1619716465.750314, 6
1619716465.765450, 7
1619716465.781770, 8
1619716465.798090, 8
1619716465.815041, 9
1619716465.831338, 8
1619716465.851986, 7
1619716465.868231, 10
1619716465.885122, 10
1619716465.902025, 9
1619716465.920475, 9
1619716465.939145, 10
1619716465.955360, 9
1619716465.979257, 9
1619716465.995958, 10
1619716466.019277, 4
1619716466.037295, 3
1619716466.057278, 2
1619716466.080513, 3
1619716466.097721, 2
1619716466.114909, 3
1619716466.132944, 4
1619716466.150876, 4
1619716466.169576, 5
1619716466.186887, 5
1619716466.207395, 4
1619716466.227169, 6
1619716466.247563, 7
1619716466.282253, 6
1619716466.301419, 6
1619716466.321341, 6
1619716466.338139, 7
1619716466.355340, 8
1619716466.372131, 8
1619716466.388385, 8
1619716466.406396, 8
1619716466.424698, 8
1619716466.444466, 9
1619716466.463409, 8
1619716466.483185, 9
1619716466.500700, 9
1619716466.517489, 9
1619716466.536867, 9
1619716466.556356, 9
1619716466.571988, 8
1619716466.588247, 4
1619716466.605579, 3
1619716466.621830, 2
1619716466.638120, 2
1619716466.653790, 3
1619716466.674566, 4
1619716466.694943, 4
1619716466.715946, 4
1619716466.734197, 5
1619716466.751674, 4
1619716466.768517, 5
1619716466.786651, 5
1619716466.805233, 6
1619716466.823766, 7
1619716466.842368, 6
1619716466.877727, 6
1619716466.896421, 6
1619716466.914640, 7
1619716466.930339, 7
1619716466.947840, 8
1619716466.965049, 8
1619716466.984447, 8
1619716467.002318, 8
1619716467.018253, 9
1619716467.035252, 9
1619716467.053665, 9
1619716467.070863, 10
1619716467.090610, 10
1619716467.107630, 9
1619716467.124564, 10
1619716467.139606, 10
1619716467.154648, 9
1619716467.169137, 4
1619716467.182927, 3
1619716467.197474, 2
1619716467.212107, 2
1619716467.227738, 2
1619716467.242919, 2
1619716467.257301, 3
1619716467.273037, 5
1619716467.287095, 4
1619716467.300711, 4
1619716467.313415, 4
1619716467.330981, 6
1619716467.349714, 5
1619716467.367767, 5
1619716467.387119, 5
1619716467.407696, 7
1619716467.428245, 6
1619716467.448111, 7
1619716467.471621, 7
1619716467.500887, 8
1619716467.524237, 7
1619716467.540482, 8
1619716467.556969, 8
1619716467.574331, 8
1619716467.590036, 10
1619716467.607664, 9
1619716467.624499, 9
1619716467.642391, 9
1619716467.658845, 9
1619716467.675827, 8
1619716467.692165, 8
1619716467.709800, 6
1619716467.728457, 1
1619716467.747035, 2
1619716467.765847, 2
1619716467.806027, 5
1619716467.824459, 3
1619716467.843745, 4
1619716467.863899, 4
1619716467.882396, 3
1619716467.901158, 4
1619716467.917965, 5
1619716467.936280, 4
1619716467.955456, 5
1619716467.976636, 6
1619716467.993545, 6
1619716468.011676, 6
1619716468.029765, 7
1619716468.047251, 6
1619716468.087376, 7
1619716468.110977, 6
1619716468.128214, 8
1619716468.145064, 8
1619716468.161458, 8
1619716468.177728, 9
1619716468.197640, 8
1619716468.215111, 9
1619716468.233836, 10
1619716468.250229, 10
1619716468.267120, 10
1619716468.285449, 9
1619716468.302110, 8
1619716468.317798, 9
1619716468.334079, 2
1619716468.350503, 2
1619716468.368504, 4
1619716468.385425, 2
1619716468.402792, 4
1619716468.420445, 2
1619716468.437406, 4
1619716468.455529, 3
1619716468.472515, 4
1619716468.489851, 4
1619716468.506195, 5
1619716468.523148, 5
1619716468.541246, 5
1619716468.558884, 6
1619716468.578759, 5
1619716468.597463, 6
1619716468.620770, 7
1619716468.639694, 7
1619716468.658692, 6
1619716468.683418, 8
1619716468.703397, 7
1619716468.721478, 9
1619716468.742281, 8
1619716468.761526, 7
1619716468.781978, 8
1619716468.804360, 2
1619716468.821673, 2
1619716468.838658, 2
1619716468.858090, 4
1619716468.874448, 3
1619716468.892423, 3
1619716468.909844, 4
1619716468.928595, 2
1619716468.949244, 3
1619716468.969150, 4
1619716468.990067, 3
1619716469.009573, 6
1619716469.036657, 5
1619716469.058471, 6
1619716469.077184, 6
1619716469.097697, 6
1619716469.115803, 6
1619716469.133360, 8
1619716469.151276, 8
1619716469.177554, 7
1619716469.201795, 7
1619716469.222778, 9
1619716469.240850, 6
1619716469.260322, 9
1619716469.295767, 7
1619716469.318708, 9
1619716469.336382, 8
1619716469.354970, 9
1619716469.374408, 9
1619716469.392741, 4
1619716469.409904, 2
1619716469.426868, 3
1619716469.443788, 3
1619716469.463151, 2
1619716469.480977, 2
1619716469.498688, 4
1619716469.513851, 4
1619716469.530143, 4
1619716469.546024, 3
1619716469.562732, 5
1619716469.580381, 5
1619716469.601372, 5
1619716469.618955, 5
1619716469.636178, 6
1619716469.654155, 5
1619716469.671415, 6
1619716469.688474, 6
1619716469.706431, 7
1619716469.723393, 7
1619716469.745659, 7
1619716469.763687, 8
1619716469.780761, 8
1619716469.800460, 8
1619716469.825440, 8
1619716469.844252, 9
1619716469.862995, 9
1619716469.906739, 9
1619716469.931091, 7
1619716469.950447, 7
1619716469.967402, 3
1619716469.988198, 2
1619716470.007796, 3
1619716470.025390, 2
1619716470.044349, 2
1619716470.064691, 3
1619716470.084732, 4
1619716470.105256, 3
1619716470.121562, 3
1619716470.137774, 3
1619716470.156426, 4
1619716470.174870, 5
1619716470.199037, 7
1619716470.216229, 6
1619716470.289871, 6
1619716470.306245, 8
1619716470.323740, 7
1619716470.343699, 6
1619716470.360627, 7
1619716470.376722, 7
1619716470.395706, 9
1619716470.411538, 8
1619716470.428565, 8
1619716470.445388, 8
1619716470.462918, 8
1619716470.482828, 9
1619716470.506452, 9
1619716470.526615, 9
1619716470.544699, 9
1619716470.562325, 9
1619716470.577873, 9
1619716470.594224, 7
1619716470.610526, 5
1619716470.628681, 6
1619716470.648680, 2
1619716470.666070, 1
1619716470.681912, 4
1619716470.700415, 3
1619716470.719714, 2
1619716470.741718, 2
1619716470.758972, 5
1619716470.778111, 4
1619716470.800286, 4
1619716470.820086, 6
1619716470.842383, 5
1619716470.860257, 5
1619716470.878586, 6
1619716470.897922, 7
1619716470.914628, 7
1619716470.931859, 7
1619716470.952931, 7
1619716470.972432, 7
1619716470.989831, 7
1619716471.008943, 7
1619716471.028298, 9
1619716471.046363, 8
1619716471.064390, 6
1619716471.092289, 9
1619716471.117294, 10
1619716471.137325, 8
1619716471.156605, 9
1619716471.173534, 9
1619716471.188388, 4
1619716471.205563, 2
1619716471.225165, 3
1619716471.247637, 2
1619716471.265278, 4
1619716471.283437, 3
1619716471.303387, 4
1619716471.322941, 3
1619716471.340162, 3
1619716471.357114, 4
1619716471.375001, 5
1619716471.393700, 5
1619716471.415633, 5
1619716471.434152, 6
1619716471.454152, 6
1619716471.475049, 6
1619716471.492778, 7
1619716471.511845, 7
1619716471.528517, 7
1619716471.548498, 8
1619716471.567233, 8
1619716471.584748, 8
1619716471.601220, 8
1619716471.621643, 9
1619716471.641455, 10
1619716471.659086, 10
1619716471.701912, 9
1619716471.724644, 6
1619716471.742350, 7
1619716471.760708, 2
1619716471.778001, 1
1619716471.798002, 3
1619716471.816701, 3
1619716471.833054, 3
1619716471.852393, 3
1619716471.868326, 3
1619716471.887359, 4
1619716471.904063, 3
1619716471.922543, 4
1619716471.939726, 4
1619716471.957148, 4
1619716471.978857, 5
1619716471.997100, 5
1619716472.013570, 5
1619716472.029098, 5
1619716472.047860, 7
1619716472.065243, 8
1619716472.084471, 5
1619716472.100378, 8
1619716472.120136, 9
1619716472.138102, 7
1619716472.158486, 7
1619716472.176749, 8
1619716472.193865, 8
1619716472.211712, 9
1619716472.228713, 9
1619716472.247546, 9
1619716472.264497, 9
1619716472.293663, 9
1619716472.312571, 10
1619716472.331730, 10
1619716472.349842, 9
1619716472.369764, 9
1619716472.387222, 8
1619716472.405958, 2
1619716472.426536, 3
1619716472.444641, 2
1619716472.463085, 3
1619716472.479555, 3
1619716472.496504, 4
1619716472.514009, 4
1619716472.531514, 5
1619716472.549660, 6
1619716472.567207, 5
1619716472.586474, 6
1619716472.606402, 7
1619716472.623631, 5
1619716472.644548, 6
1619716472.662997, 6
1619716472.679461, 6
1619716472.696459, 6
1619716472.713303, 7
1619716472.730780, 7
1619716472.749729, 8
1619716472.766750, 7
1619716472.784338, 8
1619716472.803505, 8
1619716472.821620, 10
1619716472.839736, 9
1619716472.864587, 10
1619716472.888184, 9
1619716472.908614, 7
1619716472.926544, 9
1619716472.943651, 9
1619716472.962801, 4
1619716472.979118, 2
1619716472.996087, 2
1619716473.014240, 3
1619716473.029870, 3
1619716473.047388, 4
1619716473.064373, 4
1619716473.083672, 3
1619716473.101758, 4
1619716473.119234, 5
1619716473.137416, 4
1619716473.156151, 5
1619716473.173936, 6
1619716473.193503, 5
1619716473.209907, 7
1619716473.230710, 5
1619716473.246979, 6
1619716473.266401, 7
1619716473.284986, 7
1619716473.301320, 8
1619716473.317594, 7
1619716473.335104, 9
1619716473.353258, 8
1619716473.371387, 8
1619716473.388330, 10
1619716473.405783, 9
1619716473.423929, 10
1619716473.445059, 9
1619716473.463912, 10
1619716473.498765, 9
1619716473.522331, 9
1619716473.538072, 10
1619716473.554404, 5
1619716473.577316, 6
1619716473.597218, 3
1619716473.615344, 3
1619716473.631986, 3
1619716473.648295, 3
1619716473.666428, 3
1619716473.686407, 3
1619716473.714759, 5
1619716473.732927, 3
1619716473.752255, 4
1619716473.772207, 5
1619716473.790799, 5
1619716473.810293, 6
1619716473.827051, 5
1619716473.845206, 7
1619716473.863937, 7
1619716473.882657, 8
1619716473.901967, 7
1619716473.920204, 8
1619716473.940364, 7
1619716473.961798, 8
1619716473.980519, 8
1619716473.999819, 8
1619716474.017910, 10
1619716474.036245, 8
1619716474.058754, 9
1619716474.085006, 9
1619716474.107729, 9
1619716474.128269, 9
1619716474.146456, 10
1619716474.164697, 3
1619716474.186301, 2
1619716474.206938, 3
1619716474.224862, 2
1619716474.243864, 3
1619716474.264163, 4
1619716474.282236, 4
1619716474.300438, 4
1619716474.320409, 5
1619716474.341504, 6
1619716474.358415, 6
1619716474.375880, 6
1619716474.392781, 5
1619716474.410580, 7
1619716474.436427, 8
1619716474.453198, 8
1619716474.470075, 6
1619716474.486533, 8
1619716474.503658, 8
1619716474.522698, 8
1619716474.539214, 9
1619716474.555813, 8
1619716474.572736, 8
1619716474.587867, 8
1619716474.605389, 9
1619716474.620482, 9
1619716474.635597, 10
1619716474.652531, 9
1619716474.670574, 8
1619716474.688081, 8
1619716474.706281, 9
1619716474.721920, 8
1619716474.738194, 3
1619716474.754631, 3
1619716474.771953, 3
1619716474.787725, 4
1619716474.804667, 3
1619716474.821020, 3
1619716474.838509, 4
1619716474.855412, 3
1619716474.870794, 4
1619716474.886126, 6
1619716474.902648, 5
1619716474.918031, 6
1619716474.934558, 6
1619716474.950401, 6
1619716474.968042, 6
1619716474.984884, 6
1619716475.000800, 6
1619716475.016088, 6
1619716475.033428, 7
1619716475.048656, 7
1619716475.063171, 6
1619716475.078446, 8
1619716475.094230, 8
1619716475.108771, 8
1619716475.121996, 8
1619716475.135245, 8
1619716475.148830, 9
1619716475.162651, 10
1619716475.176659, 9
1619716475.192501, 9
1619716475.208565, 9
1619716475.222793, 9
1619716475.238692, 8
1619716475.255978, 9
1619716475.280403, 9
1619716475.295333, 6
1619716475.309908, 2
1619716475.327194, 1
1619716475.343032, 4
1619716475.358157, 4
1619716475.372508, 3
1619716475.390435, 1
1619716475.406301, 3
1619716475.421548, 5
1619716475.436771, 3
1619716475.453963, 4
1619716475.474634, 4
1619716475.495938, 5
1619716475.521916, 6
1619716475.539737, 5
1619716475.554910, 6
1619716475.569500, 6
1619716475.585022, 6
1619716475.599866, 6
1619716475.614386, 8
1619716475.629592, 7
1619716475.644802, 9
1619716475.661401, 8
1619716475.675784, 8
1619716475.691119, 8
1619716475.706306, 8
1619716475.721541, 9
1619716475.736767, 9
1619716475.752680, 9
1619716475.767856, 10
1619716475.785129, 8
1619716475.803385, 8
1619716475.820083, 8
1619716475.836664, 5
1619716475.855240, 2
1619716475.875817, 5
1619716475.905081, 2
1619716475.927744, 4
1619716475.946520, 3
1619716475.965630, 3
1619716475.987422, 3
1619716476.006010, 4
1619716476.026881, 5
1619716476.048730, 3
1619716476.066525, 5
1619716476.083746, 5
1619716476.100443, 5
1619716476.117098, 6
1619716476.135413, 7
1619716476.153126, 6
1619716476.174823, 8
1619716476.192116, 7
1619716476.212020, 9
1619716476.234488, 7
1619716476.253467, 9
1619716476.270558, 9
1619716476.289933, 8
1619716476.308492, 9
1619716476.327345, 8
1619716476.346470, 10
1619716476.366575, 9
1619716476.388455, 9
1619716476.405348, 9
1619716476.423173, 10
1619716476.442572, 10
1619716476.459531, 2
1619716476.478126, 3
1619716476.499017, 3
1619716476.517637, 3
1619716476.534849, 3
1619716476.552560, 4
1619716476.568765, 4
1619716476.585836, 3
1619716476.603541, 4
1619716476.622457, 5
1619716476.640101, 3
1619716476.658769, 5
1619716476.679532, 5
1619716476.711281, 4
1619716476.734090, 7
1619716476.754765, 7
1619716476.773710, 7
1619716476.792417, 8
1619716476.811783, 7
1619716476.833109, 9
1619716476.857906, 8
1619716476.876475, 8
1619716476.896833, 10
1619716476.915538, 9
1619716476.936423, 9
1619716476.955984, 10
1619716476.974777, 8
1619716476.998621, 9
1619716477.016738, 8
1619716477.035524, 2
1619716477.053730, 5
1619716477.071762, 3
1619716477.108944, 2
1619716477.128637, 5
1619716477.144513, 4
1619716477.166256, 3
1619716477.183457, 4
1619716477.200962, 4
1619716477.220365, 4
1619716477.237296, 5
1619716477.256907, 5
1619716477.275172, 5
1619716477.292414, 7
1619716477.312640, 6
1619716477.332374, 7
1619716477.349852, 7
1619716477.368893, 7
1619716477.389094, 7
1619716477.407003, 7
1619716477.425335, 9
1619716477.442416, 9
1619716477.459685, 8
1619716477.481451, 10
1619716477.500125, 9
1619716477.518175, 8
1619716477.536346, 10
1619716477.553188, 8
1619716477.569008, 5
1619716477.586283, 2
1619716477.608403, 2
1619716477.624881, 4
1619716477.642457, 3
1619716477.661497, 2
1619716477.678958, 3
1619716477.709005, 4
1619716477.730223, 4
1619716477.745835, 5
1619716477.764703, 5
1619716477.782559, 6
1619716477.798981, 5
1619716477.815645, 6
1619716477.832184, 6
1619716477.849586, 6
1619716477.872470, 7
1619716477.888380, 8
1619716477.907615, 7
1619716477.930609, 8
1619716477.947834, 8
1619716477.965623, 8
1619716477.986258, 8
1619716478.006056, 9
1619716478.025538, 8
1619716478.046595, 9
1619716478.063953, 8
1619716478.081250, 9
1619716478.100838, 8
1619716478.117358, 8
1619716478.134119, 4
1619716478.152406, 6
1619716478.169496, 2
1619716478.187748, 3
1619716478.205611, 2
1619716478.224276, 3
1619716478.241630, 2
1619716478.260477, 3
1619716478.278056, 2
1619716478.306087, 5
1619716478.324363, 5
1619716478.342151, 4
1619716478.359747, 5
1619716478.379281, 6
1619716478.397764, 6
1619716478.415194, 7
1619716478.432758, 5
1619716478.450846, 5
1619716478.471291, 7
1619716478.491907, 7
1619716478.510172, 8
1619716478.528318, 9
1619716478.547249, 8
1619716478.565357, 8
1619716478.583991, 7
1619716478.601483, 9
1619716478.617876, 9
1619716478.636837, 9
1619716478.654641, 9
1619716478.674523, 8
1619716478.690896, 9
1619716478.709075, 9
1619716478.727308, 10
1619716478.746323, 8
1619716478.766279, 2
1619716478.784408, 1
1619716478.801469, 3
1619716478.819666, 3
1619716478.839489, 4
1619716478.858786, 3
1619716478.876429, 4
1619716478.913180, 5
1619716478.935277, 4
1619716478.952869, 5
1619716478.971942, 6
1619716478.993907, 6
1619716479.011143, 6
1619716479.029426, 8
1619716479.049741, 7
1619716479.066140, 8
1619716479.085027, 7
1619716479.103824, 8
1619716479.123379, 9
1619716479.144342, 8
1619716479.162437, 9
1619716479.186236, 9
1619716479.203550, 8
1619716479.220904, 10
1619716479.236918, 9
1619716479.254232, 10
1619716479.270820, 8
1619716479.290137, 10
1619716479.307772, 8
1619716479.326653, 3
1619716479.344820, 2
1619716479.364951, 4
1619716479.382396, 2
1619716479.400477, 4
1619716479.417969, 3
1619716479.440518, 3
1619716479.458492, 4
1619716479.478344, 0
1619716479.520561, 4
1619716479.542575, 6
1619716479.560181, 5
1619716479.578837, 6
1619716479.596992, 7
1619716479.615514, 6
1619716479.635541, 8
1619716479.653447, 8
1619716479.671895, 8
1619716479.694374, 9
1619716479.712291, 7
1619716479.730285, 8
1619716479.751029, 9
1619716479.768910, 9
1619716479.786447, 9
1619716479.807746, 9
1619716479.830442, 9
1619716479.851812, 10
1619716479.871832, 9
1619716479.893816, 8
1619716479.915752, 6
1619716479.936846, 2
1619716479.955080, 3
1619716479.974573, 3
1619716479.992952, 2
1619716480.011887, 4
1619716480.030974, 5
1619716480.050298, 4
1619716480.070809, 5
1619716480.107703, 4
1619716480.130982, 6
1619716480.149225, 5
1619716480.169191, 6
1619716480.188720, 6
1619716480.206519, 6
1619716480.224139, 7
1619716480.242918, 7
1619716480.262416, 8
1619716480.282881, 6
1619716480.303622, 9
1619716480.325734, 8
1619716480.345528, 9
1619716480.364295, 10
1619716480.384336, 8
1619716480.402479, 10
1619716480.421109, 10
1619716480.439391, 10
1619716480.457929, 10
1619716480.479696, 9
1619716480.496587, 9
1619716480.513013, 8
1619716480.530355, 5
1619716480.548870, 1
1619716480.564874, 2
1619716480.584415, 4
1619716480.604620, 3
1619716480.621067, 4
1619716480.638532, 4
1619716480.655204, 4
1619716480.673681, 5
1619716480.690500, 5
1619716480.719942, 5
1619716480.737051, 5
1619716480.753874, 6
1619716480.770001, 5
1619716480.788921, 7
1619716480.807185, 7
1619716480.826822, 7
1619716480.844778, 8
1619716480.863491, 8
1619716480.882755, 8
1619716480.900356, 7
1619716480.916590, 8
1619716480.937764, 9
1619716480.956978, 10
1619716480.978236, 8
1619716480.994931, 9
1619716481.011300, 9
1619716481.029699, 8
1619716481.046415, 8
1619716481.064955, 10
1619716481.116672, 2
1619716481.143653, 2
1619716481.165072, 4
1619716481.181830, 3
1619716481.200671, 4
1619716481.222187, 4
1619716481.244667, 5
1619716481.263184, 6
1619716481.284782, 4
1619716481.304786, 6
1619716481.328519, 6
1619716481.347489, 6
1619716481.365437, 6
1619716481.383655, 6
1619716481.404500, 7
1619716481.425454, 8
1619716481.444315, 6
1619716481.465291, 8
1619716481.484734, 7
1619716481.502489, 9
1619716481.520771, 8
1619716481.537486, 9
1619716481.556983, 9
1619716481.576597, 9
1619716481.598151, 9
1619716481.618456, 10
1619716481.636994, 9
1619716481.656667, 9
1619716481.676245, 9
1619716481.694340, 9
1619716481.711991, 3
1619716481.730894, 4
1619716481.748216, 3
1619716481.766305, 2
1619716481.786029, 3
1619716481.806043, 3
1619716481.824404, 5
1619716481.843126, 3
1619716481.861898, 5
1619716481.879754, 4
1619716481.909654, 6
1619716481.932519, 6
1619716481.949984, 6
1619716481.966115, 6
1619716481.984993, 6
1619716482.007020, 7
1619716482.024713, 7
1619716482.045645, 7
1619716482.063849, 7
1619716482.079316, 7
1619716482.095444, 9
1619716482.112802, 8
1619716482.130517, 8
1619716482.147979, 10
1619716482.164721, 9
1619716482.180821, 10
1619716482.200146, 9
1619716482.219503, 9
1619716482.240137, 9
1619716482.259992, 9
1619716482.277329, 9
1619716482.294077, 10
1619716482.311050, 4
1619716482.329665, 2
1619716482.347774, 4
1619716482.367164, 3
1619716482.386380, 2
1619716482.405515, 4
1619716482.423707, 3
1619716482.440736, 4
1619716482.458061, 4
1619716482.481002, 3
1619716482.514736, 2
1619716482.559643, 6
1619716482.589285, 5
1619716482.617195, 7
1619716482.640440, 7
1619716482.663876, 8
1619716482.687887, 7
1619716482.709398, 8
1619716482.731790, 9
1619716482.748667, 10
1619716482.768019, 10
1619716482.787144, 9
1619716482.805764, 9
1619716482.825289, 9
1619716482.843415, 9
1619716482.860293, 10
1619716482.877149, 7
1619716482.893896, 2
1619716482.914298, 3
1619716482.931521, 2
1619716482.950892, 3
1619716482.968449, 3
1619716482.985771, 3
1619716483.003206, 3
1619716483.019868, 5
1619716483.036097, 5
1619716483.052737, 5
1619716483.072917, 6
1619716483.092382, 6
1619716483.116098, 6
1619716483.133705, 6
1619716483.150499, 6
1619716483.170684, 7
1619716483.188380, 7
1619716483.208306, 7
1619716483.229327, 8
1619716483.247191, 8
1619716483.266219, 8
1619716483.283999, 8
1619716483.303702, 9
1619716483.324453, 9
1619716483.341704, 9
1619716483.359872, 9
1619716483.379940, 9
1619716483.402738, 2
1619716483.420869, 2
1619716483.438983, 2
1619716483.457767, 2
1619716483.474520, 3
1619716483.493268, 3
1619716483.512068, 3
1619716483.530767, 3
1619716483.550341, 4
1619716483.572433, 4
1619716483.590988, 4
1619716483.611369, 5
1619716483.628737, 5
1619716483.648298, 5
1619716483.664931, 6
1619716483.681744, 6
1619716483.706632, 6
1619716483.730690, 7
1619716483.749517, 7
1619716483.766230, 9
1619716483.782356, 8
1619716483.800580, 8
1619716483.817979, 8
1619716483.834007, 9
1619716483.854506, 9
1619716483.892312, 9
1619716483.916310, 9
1619716483.935645, 9
1619716483.953722, 9
1619716483.972303, 9
1619716483.996800, 2
1619716484.016701, 2
1619716484.035749, 3
1619716484.062222, 4
1619716484.082747, 3
1619716484.107081, 3
1619716484.128737, 4
1619716484.150023, 4
1619716484.172623, 5
1619716484.192697, 5
1619716484.211020, 5
1619716484.233628, 5
1619716484.252228, 6
1619716484.269622, 7
1619716484.286365, 6
1619716484.313974, 7
1619716484.335363, 6
1619716484.352205, 8
1619716484.368380, 7
1619716484.387063, 8
1619716484.405087, 8
1619716484.424587, 9
1619716484.441991, 8
1619716484.461131, 10
1619716484.479871, 9
1619716484.497566, 10
1619716484.515821, 8
1619716484.533149, 10
1619716484.550363, 9
1619716484.568464, 1
1619716484.585826, 3
1619716484.601891, 3
1619716484.618983, 2
1619716484.638421, 3
1619716484.656228, 4
1619716484.672689, 4
1619716484.689910, 4
1619716484.707448, 4
1619716484.725645, 4
1619716484.743044, 6
1619716484.764151, 5
1619716484.781012, 6
1619716484.797177, 5
1619716484.815247, 5
1619716484.835419, 7
1619716484.858727, 6
1619716484.876318, 8
1619716484.895836, 7
1619716484.919395, 9
1619716484.935463, 8
1619716484.956366, 8
1619716484.973154, 8
1619716484.990717, 10
1619716485.006705, 9
1619716485.024631, 9
1619716485.043331, 9
1619716485.060711, 9
1619716485.077233, 8
1619716485.097553, 10
1619716485.114204, 9
1619716485.137875, 3
1619716485.156705, 3
1619716485.180394, 3
1619716485.200616, 3
1619716485.217621, 3
1619716485.237137, 3
1619716485.256047, 4
1619716485.276228, 5
1619716485.297204, 4
1619716485.313755, 5
1619716485.330260, 4
1619716485.346855, 5
1619716485.362846, 6
1619716485.380554, 7
1619716485.398914, 6
1619716485.416740, 5
1619716485.434634, 8
1619716485.452890, 8
1619716485.471056, 8
1619716485.489993, 8
1619716485.517220, 8
1619716485.543794, 8
1619716485.562397, 8
1619716485.580516, 8
1619716485.597818, 9
1619716485.615063, 9
1619716485.632693, 9
1619716485.652167, 9
1619716485.669275, 2
1619716485.688611, 2
1619716485.707100, 3
1619716485.723661, 3
1619716485.741404, 3
1619716485.759762, 3
1619716485.778095, 3
1619716485.795227, 3
1619716485.812119, 2
1619716485.829235, 5
1619716485.847621, 5
1619716485.864203, 4
1619716485.881885, 5
1619716485.898955, 5
1619716485.915541, 5
1619716485.932071, 4
1619716485.949052, 6
1619716485.966379, 6
1619716485.983352, 7
1619716486.001909, 8
1619716486.018769, 6
1619716486.035864, 8
1619716486.052471, 7
1619716486.069453, 9
1619716486.085166, 8
1619716486.102750, 9
1619716486.135395, 8
1619716486.154340, 10
1619716486.172026, 9
1619716486.191536, 9
1619716486.208169, 9
1619716486.227056, 9
1619716486.247112, 9
1619716486.267125, 9
1619716486.289079, 5
1619716486.310862, 2
1619716486.329839, 3
1619716486.350571, 2
1619716486.368189, 2
1619716486.386220, 3
1619716486.410558, 3
1619716486.431124, 5
1619716486.450451, 5
1619716486.471810, 5
1619716486.490661, 5
1619716486.509292, 5
1619716486.536154, 6
1619716486.557890, 7
1619716486.578712, 7
1619716486.597561, 8
1619716486.615793, 7
1619716486.633389, 7
1619716486.653303, 8
1619716486.676417, 9
1619716486.696206, 7
1619716486.729747, 9
1619716486.748157, 9
1619716486.764679, 9
1619716486.780301, 9
1619716486.797090, 8
1619716486.817235, 8
1619716486.836200, 8
1619716486.852633, 8
1619716486.872345, 2
1619716486.890050, 2
1619716486.906859, 3
1619716486.924859, 3
1619716486.941428, 2
1619716486.957303, 3
1619716486.975030, 3
1619716486.991034, 4
1619716487.008221, 4
1619716487.024292, 4
1619716487.043109, 5
1619716487.060718, 6
1619716487.077393, 5
1619716487.094322, 5
1619716487.110262, 6
1619716487.132633, 5
1619716487.151867, 6
1619716487.170097, 7
1619716487.187532, 6
1619716487.203940, 7
1619716487.224424, 8
1619716487.242523, 7
1619716487.262414, 9
1619716487.285045, 7
1619716487.302752, 9
1619716487.334603, 9
1619716487.356473, 10
1619716487.374091, 10
1619716487.393245, 9
1619716487.410087, 9
1619716487.426974, 10
1619716487.443695, 8
1619716487.462795, 2
1619716487.481671, 1
1619716487.499104, 2
1619716487.519280, 3
1619716487.538063, 3
1619716487.557622, 4
1619716487.578230, 4
1619716487.595886, 4
1619716487.614763, 6
1619716487.631936, 5
1619716487.648557, 6
1619716487.666135, 7
1619716487.682607, 6
1619716487.701584, 7
1619716487.719863, 7
1619716487.736387, 7
1619716487.752518, 6
1619716487.768022, 6
1619716487.783747, 7
1619716487.802005, 7
1619716487.820428, 9
1619716487.836850, 8
1619716487.854532, 8
1619716487.871028, 9
1619716487.888223, 8
1619716487.905322, 9
1619716487.939579, 10
1619716487.961902, 8
1619716487.979671, 9
1619716487.999858, 8
1619716488.017535, 1
1619716488.034851, 1
1619716488.054796, 2
1619716488.072620, 2
1619716488.090269, 4
1619716488.108616, 3
1619716488.126270, 2
1619716488.143550, 3
1619716488.161147, 4
1619716488.177719, 3
1619716488.196201, 5
1619716488.213845, 4
1619716488.233337, 5
1619716488.249267, 6
1619716488.265249, 6
1619716488.281783, 7
1619716488.298888, 5
1619716488.315426, 6
1619716488.333678, 8
1619716488.353037, 7
1619716488.369139, 7
1619716488.385043, 9
1619716488.400950, 8
1619716488.417502, 9
1619716488.434012, 8
1619716488.452249, 10
1619716488.469418, 8
1619716488.488424, 9
1619716488.508895, 9
1619716488.535523, 9
1619716488.557330, 8
1619716488.574350, 9
1619716488.590356, 3
1619716488.610482, 2
1619716488.627551, 2
1619716488.646346, 3
1619716488.662985, 2
1619716488.679362, 3
1619716488.695906, 2
1619716488.713990, 4
1619716488.731762, 4
1619716488.751444, 5
1619716488.768192, 5
1619716488.784717, 5
1619716488.801859, 6
1619716488.819412, 6
1619716488.838038, 6
1619716488.855359, 6
1619716488.873589, 6
1619716488.891690, 7
1619716488.909758, 6
1619716488.928465, 7
1619716488.945631, 6
1619716488.961989, 8
1619716488.981572, 9
1619716489.000967, 8
1619716489.017548, 9
1619716489.036577, 9
1619716489.054732, 10
1619716489.071254, 8
1619716489.088895, 8
1619716489.114958, 9
1619716489.141605, 3
1619716489.159557, 2
1619716489.178518, 3
1619716489.197784, 3
1619716489.216517, 2
1619716489.236574, 4
1619716489.256131, 5
1619716489.273647, 3
1619716489.293327, 4
1619716489.310803, 5
1619716489.329712, 4
1619716489.346760, 7
1619716489.367142, 5
1619716489.386088, 5
1619716489.402076, 6
1619716489.419052, 6
1619716489.436185, 7
1619716489.453865, 8
1619716489.475785, 6
1619716489.493905, 7
1619716489.512197, 9
1619716489.529829, 8
1619716489.545756, 8
1619716489.561704, 7
1619716489.578211, 9
1619716489.595813, 9
1619716489.622771, 9
1619716489.640759, 9
1619716489.662638, 8
1619716489.680550, 8
1619716489.699837, 5
1619716489.744964, 3
1619716489.765477, 3
1619716489.783233, 2
1619716489.800925, 2
1619716489.818624, 3
1619716489.837670, 3
1619716489.858479, 4
1619716489.877739, 4
1619716489.897257, 6
1619716489.914369, 6
1619716489.933870, 4
1619716489.954602, 5
1619716489.977045, 7
1619716489.998722, 6
1619716490.017804, 7
1619716490.036287, 8
1619716490.053847, 7
1619716490.069827, 8
1619716490.087919, 9
1619716490.105285, 8
1619716490.122577, 9
1619716490.140267, 8
1619716490.158584, 8
1619716490.177372, 9
1619716490.193754, 9
1619716490.211132, 10
1619716490.231180, 9
1619716490.249390, 10
1619716490.270193, 9
1619716490.289501, 10
1619716490.309007, 9
1619716490.336310, 1
1619716490.362118, 3
1619716490.381438, 3
1619716490.401569, 3
1619716490.419854, 4
1619716490.436390, 3
1619716490.455300, 5
1619716490.472964, 4
1619716490.490065, 4
1619716490.506611, 5
1619716490.523288, 5
1619716490.540238, 6
1619716490.558340, 7
1619716490.574353, 5
1619716490.591552, 6
1619716490.608717, 5
1619716490.626361, 7
1619716490.643548, 7
1619716490.662845, 7
1619716490.680014, 8
1619716490.696804, 8
1619716490.718518, 8
1619716490.735379, 8
1619716490.753058, 9
1619716490.773055, 9
1619716490.792076, 8
1619716490.809662, 8
1619716490.825918, 8
1619716490.842522, 5
1619716490.861428, 2
1619716490.879133, 2
1619716490.898447, 2
1619716490.919548, 2
1619716490.952222, 4
1619716490.971454, 4
1619716490.988986, 3
1619716491.007302, 4
1619716491.025524, 5
1619716491.041506, 4
1619716491.059959, 5
1619716491.077855, 6
1619716491.099579, 5
1619716491.117004, 6
1619716491.134053, 7
1619716491.154411, 7
1619716491.173235, 7
1619716491.191144, 6
1619716491.209559, 7
1619716491.227384, 8
1619716491.246743, 8
1619716491.267146, 8
1619716491.288441, 9
1619716491.306315, 9
1619716491.324227, 10
1619716491.341430, 8
1619716491.360925, 8
1619716491.381649, 9
1619716491.399934, 8
1619716491.418309, 1
1619716491.439640, 2
1619716491.460850, 3
1619716491.479599, 3
1619716491.498570, 3
1619716491.519781, 4
1619716491.543761, 2
1619716491.561959, 3
1619716491.579723, 4
1619716491.598809, 5
1619716491.615217, 4
1619716491.631394, 5
1619716491.648827, 5
1619716491.666590, 5
1619716491.687410, 6
1619716491.705694, 7
1619716491.724710, 5
1619716491.740926, 8
1619716491.759421, 7
1619716491.777896, 7
1619716491.794088, 8
1619716491.812139, 8
1619716491.829884, 8
1619716491.847278, 10
1619716491.866755, 9
1619716491.883034, 8
1619716491.899892, 10
1619716491.916343, 10
1619716491.933518, 9
1619716491.952043, 9
1619716491.972052, 9
1619716491.991526, 9
1619716492.009412, 3
1619716492.026582, 3
1619716492.043860, 3
1619716492.060926, 2
1619716492.079409, 3
1619716492.099401, 3
1619716492.117287, 3
1619716492.151466, 4
1619716492.170466, 5
1619716492.186713, 4
1619716492.202416, 4
1619716492.218198, 5
1619716492.237570, 5
1619716492.255521, 6
1619716492.276777, 7
1619716492.299082, 7
1619716492.317633, 7
1619716492.336929, 7
1619716492.354521, 9
1619716492.376281, 8
1619716492.396449, 9
1619716492.414200, 8
1619716492.431593, 9
1619716492.448506, 8
1619716492.466310, 9
1619716492.484158, 10
1619716492.507960, 10
1619716492.525396, 8
1619716492.545608, 9
1619716492.563233, 5
1619716492.580609, 4
1619716492.597444, 2
1619716492.613733, 1
1619716492.630528, 3
1619716492.646761, 3
1619716492.663604, 4
1619716492.682202, 5
1619716492.700454, 2
1619716492.717726, 4
1619716492.753528, 6
1619716492.771111, 4
1619716492.788718, 5
1619716492.807257, 5
1619716492.824689, 4
1619716492.840652, 5
1619716492.857635, 6
1619716492.876700, 6
1619716492.894557, 6
1619716492.911274, 9
1619716492.932018, 8
1619716492.949926, 8
1619716492.967591, 8
1619716492.984988, 9
1619716493.002509, 9
1619716493.021457, 10
1619716493.040431, 9
1619716493.061538, 10
1619716493.079425, 10
1619716493.096540, 9
1619716493.114662, 9
1619716493.133089, 3
1619716493.149944, 3
1619716493.167315, 3
1619716493.184627, 3
1619716493.202917, 3
1619716493.226269, 4
1619716493.250057, 3
1619716493.269170, 4
1619716493.289747, 5
1619716493.310367, 4
1619716493.342922, 5
1619716493.372723, 6
1619716493.394928, 6
1619716493.411994, 7
1619716493.427985, 6
1619716493.443416, 6
1619716493.458976, 6
1619716493.476334, 7
1619716493.493017, 7
1619716493.513102, 7
1619716493.530936, 9
1619716493.547847, 9
1619716493.564935, 8
1619716493.581969, 9
1619716493.599299, 9
1619716493.616653, 9
1619716493.638741, 9
1619716493.657270, 9
1619716493.674646, 8
1619716493.693386, 9
1619716493.710468, 4
1619716493.728365, 2
1619716493.747950, 3
1619716493.766798, 3
1619716493.784680, 2
1619716493.806461, 3
1619716493.824823, 4
1619716493.842738, 2
1619716493.860192, 4
1619716493.878005, 5
1619716493.899559, 5
1619716493.918238, 5
1619716493.952500, 5
1619716493.975634, 6
1619716493.994699, 7
1619716494.014644, 7
1619716494.031621, 7
1619716494.048506, 7
1619716494.064693, 7
1619716494.081367, 10
1619716494.100429, 8
1619716494.118354, 8
1619716494.136242, 10
1619716494.152967, 9
1619716494.169297, 7
1619716494.189064, 9
1619716494.207829, 9
1619716494.225700, 10
1619716494.244156, 10
1619716494.266900, 2
1619716494.285365, 2
1619716494.301661, 2
1619716494.319529, 4
1619716494.340287, 2
1619716494.360242, 3
1619716494.378700, 4
1619716494.397727, 3
1619716494.416067, 3
1619716494.432853, 4
1619716494.450775, 4
1619716494.467545, 5
1619716494.484449, 5
1619716494.505363, 7
1619716494.525224, 7
1619716494.547089, 7
1619716494.567097, 7
1619716494.584507, 7
1619716494.601803, 7
1619716494.620703, 9
1619716494.638031, 9
1619716494.661402, 9
1619716494.678474, 8
1619716494.697637, 8
1619716494.712875, 9
1619716494.728601, 9
1619716494.743822, 9
1619716494.760662, 10
1619716494.778531, 8
1619716494.802179, 10
1619716494.817444, 8
1619716494.833192, 9
1619716494.850150, 9
1619716494.866957, 2
1619716494.884481, 2
1619716494.900526, 4
1619716494.917200, 2
1619716494.935734, 3
1619716494.957987, 3
1619716494.977917, 5
1619716494.997999, 4
1619716495.015907, 5
1619716495.033079, 6
1619716495.050391, 5
1619716495.066213, 5
1619716495.082968, 7
1619716495.101418, 5
1619716495.118820, 7
1619716495.152945, 7
1619716495.171993, 7
1619716495.188752, 7
1619716495.204548, 8
1619716495.220766, 9
1619716495.243575, 8
1619716495.268014, 9
1619716495.287051, 9
1619716495.307131, 9
