1619717952.117514, 0
1619717952.147005, 1
1619717952.166698, 0
1619717952.187687, 6
1619717952.205669, 4
1619717952.224792, 3
1619717952.243765, 10
1619717952.260840, 17
1619717952.280839, 20
1619717952.302672, 22
1619717952.320738, 29
1619717952.340808, 34
1619717952.360880, 39
1619717952.376853, 44
1619717952.392757, 47
1619717952.410686, 54
1619717952.430749, 57
1619717952.448730, 64
1619717952.469695, 69
1619717952.488490, 75
1619717952.505706, 80
1619717952.529754, 87
1619717952.550848, 92
1619717952.569741, 101
1619717952.598011, 110
1619717952.630825, 116
1619717952.648841, 118
1619717952.666295, 125
1619717952.686041, 132
1619717952.705740, 136
1619717952.725088, 142
1619717952.741826, 145
1619717952.760303, 152
1619717952.782052, 156
1619717952.798899, 162
1619717952.821062, 168
1619717952.844951, 173
1619717952.865845, 179
1619717952.888434, 187
1619717952.909803, 190
1619717952.929887, 195
1619717952.948200, 203
1619717952.968954, 208
1619717952.988832, 212
1619717953.007300, 217
1619717953.024870, 222
1619717953.043778, 227
1619717953.061727, 234
1619717953.080792, 237
1619717953.097733, 242
1619717953.116855, 247
1619717953.135714, 254
1619717953.153744, 261
1619717953.175865, 266
1619717953.198919, 274
1619717953.221996, 279
1619717953.240839, 283
1619717953.260004, 288
1619717953.280833, 294
1619717953.301230, 300
1619717953.319086, 305
1619717953.339730, 310
1619717953.359231, 315
1619717953.379200, 321
1619717953.399058, 327
1619717953.422149, 334
1619717953.444150, 339
1619717953.463142, 345
1619717953.484232, 352
1619717953.505649, 356
1619717953.524091, 361
1619717953.541879, 372
1619717953.588371, 376
1619717953.608917, 381
1619717953.633137, 386
1619717953.651161, 393
1619717953.670216, 396
1619717953.690673, 402
1619717953.709090, 406
1619717953.726656, 412
1619717953.743651, 415
1619717953.759694, 419
1619717953.777501, 426
1619717953.796760, 430
1619717953.814412, 435
1619717953.835524, 443
1619717953.853568, 446
1619717953.871689, 452
1619717953.890219, 457
1619717953.908203, 464
1619717953.928844, 470
1619717953.949906, 474
1619717953.966477, 478
1619717953.986260, 483
1619717954.011706, 491
1619717954.085003, 498
1619717954.108136, 499
1619717954.125397, 500
1619717954.145114, 500
1619717954.164486, 499
1619717954.182733, 500
1619717954.198592, 500
1619717954.218720, 499
1619717954.239218, 500
1619717954.257955, 500
1619717954.276258, 500
1619717954.292679, 500
1619717954.310580, 500
1619717954.328895, 499
1619717954.345965, 500
1619717954.366383, 499
1619717954.383508, 500
1619717954.410956, 500
1619717954.434999, 500
1619717954.454147, 500
1619717954.473995, 499
1619717954.493728, 500
1619717954.511021, 499
1619717954.527973, 499
1619717954.544355, 500
1619717954.563054, 500
1619717954.581844, 499
1619717954.599145, 499
1619717954.616637, 499
1619717954.633809, 500
1619717954.651866, 500
1619717954.669362, 500
1619717954.689868, 499
1619717954.710663, 499
1619717954.728575, 500
1619717954.751995, 500
1619717954.770845, 500
1619717954.788963, 500
1619717954.809767, 499
1619717954.828706, 499
1619717954.845043, 500
1619717954.861753, 500
1619717954.878237, 500
1619717954.894650, 500
1619717954.914142, 499
1619717954.932268, 499
1619717954.949469, 500
1619717954.966021, 500
1619717954.981883, 499
1619717955.004167, 499
1619717955.027621, 499
1619717955.048662, 500
1619717955.065525, 500
1619717955.081750, 499
1619717955.098341, 500
1619717955.116560, 500
1619717955.133625, 500
1619717955.150266, 500
1619717955.166023, 499
1619717955.181897, 500
1619717955.201019, 500
1619717955.217937, 500
1619717955.236841, 499
1619717955.254611, 500
1619717955.275021, 500
1619717955.293751, 499
1619717955.310338, 499
1619717955.327624, 500
1619717955.344725, 500
1619717955.364836, 499
1619717955.381772, 500
1619717955.398857, 500
1619717955.415526, 500
1619717955.432208, 500
1619717955.449341, 499
1619717955.465881, 500
1619717955.483246, 500
1619717955.499805, 500
1619717955.518587, 500
1619717955.536780, 499
1619717955.553960, 500
1619717955.572071, 500
1619717955.590301, 499
1619717955.616395, 500
1619717955.642646, 498
1619717955.671163, 499
1619717955.693333, 499
1619717955.710134, 500
1619717955.727576, 500
1619717955.744132, 499
1619717955.765570, 499
1619717955.783431, 500
1619717955.803554, 499
1619717955.823905, 499
1619717955.843714, 500
1619717955.866213, 500
1619717955.884528, 499
1619717955.902809, 500
1619717955.921471, 499
1619717955.940739, 499
1619717955.962238, 500
1619717955.979527, 499
1619717955.995382, 499
1619717956.012398, 500
1619717956.033321, 499
1619717956.051820, 500
1619717956.070500, 500
1619717956.090612, 500
1619717956.109195, 500
1619717956.126610, 500
1619717956.148481, 500
1619717956.169058, 499
1619717956.187856, 499
1619717956.223714, 500
1619717956.243408, 499
1619717956.262796, 499
1619717956.282109, 500
1619717956.306823, 500
1619717956.328984, 500
1619717956.346564, 500
1619717956.367258, 500
1619717956.384078, 499
1619717956.402325, 500
1619717956.424252, 500
1619717956.442465, 500
1619717956.460642, 500
1619717956.477152, 500
1619717956.499273, 499
1619717956.517288, 500
1619717956.534617, 500
1619717956.553169, 500
1619717956.570459, 500
1619717956.588539, 500
1619717956.605972, 499
1619717956.623097, 499
1619717956.645041, 500
1619717956.660987, 499
1619717956.681699, 500
1619717956.697645, 499
1619717956.712972, 499
1619717956.730776, 500
1619717956.748733, 500
1619717956.766700, 500
1619717956.784661, 500
1619717956.817208, 499
1619717956.842745, 500
1619717956.862278, 500
1619717956.880188, 499
1619717956.897500, 500
1619717956.954089, 499
1619717956.972175, 498
1619717956.992655, 499
1619717957.011420, 498
1619717957.032233, 499
1619717957.048137, 499
1619717957.064886, 498
1619717957.082602, 499
1619717957.101899, 499
1619717957.123901, 498
1619717957.143290, 498
1619717957.160459, 499
1619717957.177653, 500
1619717957.193745, 499
1619717957.211088, 500
1619717957.227115, 500
1619717957.245384, 499
1619717957.264179, 499
1619717957.280119, 500
1619717957.295522, 500
1619717957.312233, 499
1619717957.329653, 500
1619717957.345699, 500
1619717957.364382, 499
1619717957.384798, 500
1619717957.414762, 500
1619717957.434787, 500
1619717957.452597, 499
1619717957.469295, 500
1619717957.484754, 499
1619717957.501339, 500
1619717957.517149, 499
1619717957.534197, 500
1619717957.552428, 499
1619717957.570076, 500
1619717957.587213, 500
1619717957.605836, 500
1619717957.624250, 499
1619717957.641826, 500
1619717957.659814, 500
1619717957.676505, 499
1619717957.697817, 500
1619717957.713719, 499
1619717957.741055, 499
1619717957.758965, 500
1619717957.776106, 500
1619717957.793511, 500
1619717957.810920, 499
1619717957.826716, 500
1619717957.844626, 498
1619717957.861144, 499
1619717957.891699, 498
1619717957.912906, 498
1619717957.929772, 498
1619717957.947649, 498
1619717957.967229, 498
1619717957.983903, 498
1619717958.001583, 498
1619717958.025142, 496
1619717958.047210, 498
1619717958.065996, 498
1619717958.082830, 499
1619717958.098802, 499
1619717958.116192, 499
1619717958.132353, 498
1619717958.149436, 498
1619717958.165388, 498
1619717958.181461, 498
1619717958.197379, 497
1619717958.215993, 498
1619717958.233282, 498
1619717958.251522, 498
1619717958.269970, 498
1619717958.287897, 499
1619717958.311350, 499
1619717958.329089, 500
1619717958.345233, 499
1619717958.362359, 500
1619717958.381033, 500
1619717958.396992, 498
1619717958.413648, 499
1619717958.430968, 500
1619717958.446943, 499
1619717958.464259, 499
1619717958.480868, 500
1619717958.496852, 500
1619717958.514122, 500
1619717958.531520, 499
1619717958.548125, 500
1619717958.564224, 499
1619717958.580689, 499
1619717958.596177, 500
1619717958.620649, 499
1619717958.640990, 500
1619717958.663316, 499
1619717958.680562, 498
1619717958.696449, 500
1619717958.717667, 499
1619717958.734984, 499
1619717958.752335, 500
1619717958.769838, 500
1619717958.786901, 500
1619717958.804309, 499
1619717958.827659, 498
1619717958.844313, 499
1619717958.862935, 499
1619717958.883284, 499
1619717958.900274, 499
1619717958.920786, 499
1619717958.939408, 499
1619717958.958793, 500
1619717958.977520, 499
1619717958.996054, 500
1619717959.012724, 498
1619717959.029963, 499
1619717959.048625, 499
1619717959.065265, 500
1619717959.085946, 498
1619717959.103217, 499
1619717959.122874, 500
1619717959.142120, 500
1619717959.159092, 499
1619717959.177779, 499
1619717959.194472, 500
1619717959.228449, 499
1619717959.252914, 499
1619717959.273883, 499
1619717959.292771, 499
1619717959.312428, 498
1619717959.329465, 499
1619717959.348795, 500
1619717959.365420, 499
1619717959.381666, 500
1619717959.398728, 500
1619717959.416053, 499
1619717959.433965, 497
1619717959.450586, 497
1619717959.467953, 497
1619717959.487842, 497
1619717959.507208, 496
1619717959.525786, 497
1619717959.545863, 497
1619717959.562495, 496
1619717959.581070, 498
1619717959.602419, 497
1619717959.620988, 497
1619717959.640473, 500
1619717959.663948, 496
1619717959.680936, 497
1619717959.700441, 499
1619717959.720768, 499
1619717959.740183, 499
1619717959.757397, 499
1619717959.781550, 499
1619717959.800353, 500
1619717959.834482, 499
1619717959.855381, 500
1619717959.874815, 499
1619717959.894026, 499
1619717959.910727, 499
1619717959.928000, 498
1619717959.943931, 499
1619717959.964868, 499
1619717959.981477, 499
1619717959.998160, 498
1619717960.014684, 499
1619717960.031040, 500
1619717960.047582, 499
1619717960.064626, 499
1619717960.081866, 499
1619717960.099716, 500
1619717960.116560, 499
1619717960.132999, 496
1619717960.148903, 495
1619717960.165549, 495
1619717960.181732, 499
1619717960.199081, 496
1619717960.216444, 497
1619717960.237762, 496
1619717960.256336, 497
1619717960.274389, 497
1619717960.292430, 495
1619717960.312271, 496
1619717960.332338, 496
1619717960.348855, 495
1619717960.365500, 496
1619717960.382063, 496
1619717960.399584, 496
1619717960.422372, 500
1619717960.449391, 496
1619717960.470591, 495
1619717960.488304, 499
1619717960.505575, 499
1619717960.522925, 499
1619717960.541513, 498
1619717960.560339, 499
1619717960.576769, 499
1619717960.594996, 500
1619717960.612270, 500
1619717960.628446, 499
1619717960.649460, 499
1619717960.669422, 499
1619717960.689718, 499
1619717960.707593, 500
1619717960.724104, 500
1619717960.744953, 497
1619717960.762678, 500
1619717960.778715, 500
1619717960.795238, 500
1619717960.811811, 499
1619717960.829766, 499
1619717960.845758, 499
1619717960.862497, 499
1619717960.878859, 498
1619717960.895342, 499
1619717960.911338, 495
1619717960.927889, 494
1619717960.944399, 494
1619717960.963390, 497
1619717960.981350, 497
1619717960.999252, 498
1619717961.018353, 496
1619717961.042359, 499
1619717961.060858, 499
1619717961.077406, 497
1619717961.098074, 498
1619717961.115774, 498
1619717961.132874, 496
1619717961.149357, 499
1619717961.165911, 497
1619717961.182376, 500
1619717961.197902, 495
1619717961.214375, 497
1619717961.231406, 496
1619717961.248008, 496
1619717961.264585, 498
1619717961.283585, 499
1619717961.302981, 498
1619717961.319458, 497
1619717961.336990, 499
1619717961.355943, 499
1619717961.373991, 499
1619717961.393485, 499
1619717961.415127, 498
1619717961.432571, 499
1619717961.451037, 499
1619717961.472524, 500
1619717961.489467, 499
1619717961.508670, 499
1619717961.528126, 497
1619717961.546147, 499
1619717961.563502, 497
1619717961.580443, 497
1619717961.597473, 499
1619717961.620567, 498
1619717961.646011, 499
1619717961.664038, 499
1619717961.680057, 499
1619717961.696154, 498
1619717961.714973, 500
1619717961.736348, 495
1619717961.754964, 494
1619717961.772680, 497
1619717961.790532, 498
1619717961.806537, 498
1619717961.834584, 499
1619717961.854008, 495
1619717961.874092, 499
1619717961.895517, 497
1619717961.913088, 497
1619717961.930116, 498
1619717961.947077, 495
1619717961.964338, 498
1619717961.984188, 496
1619717962.005539, 498
1619717962.027642, 497
1619717962.044269, 496
1619717962.062626, 496
1619717962.079576, 498
1619717962.096194, 499
1619717962.113256, 499
1619717962.132957, 499
1619717962.152166, 498
1619717962.174344, 499
1619717962.192207, 499
1619717962.209617, 498
1619717962.243145, 497
1619717962.264316, 498
1619717962.283084, 499
1619717962.300589, 499
1619717962.319169, 499
1619717962.336607, 499
1619717962.359259, 499
1619717962.376757, 497
1619717962.394110, 497
1619717962.410595, 497
1619717962.430157, 498
1619717962.446706, 498
1619717962.465181, 498
1619717962.482131, 497
1619717962.499643, 497
1619717962.519651, 497
1619717962.536922, 497
1619717962.556351, 493
1619717962.576371, 494
1619717962.593315, 496
1619717962.609214, 496
1619717962.625675, 496
1619717962.643184, 495
1619717962.662725, 497
1619717962.680169, 497
1619717962.700203, 498
1619717962.716256, 496
1619717962.732690, 495
1619717962.749247, 498
1619717962.765206, 493
1619717962.781720, 496
1619717962.797210, 495
1619717962.825216, 495
1619717962.848759, 488
1619717962.872397, 483
1619717962.889699, 477
1619717962.908775, 476
1619717962.926287, 473
1619717962.945208, 469
1619717962.964321, 469
1619717962.981890, 465
1619717962.997754, 464
1619717963.014231, 461
1619717963.029747, 459
1619717963.046751, 457
1619717963.063830, 453
1619717963.081247, 451
1619717963.098277, 450
1619717963.114375, 447
1619717963.130253, 444
1619717963.146269, 442
1619717963.162632, 439
1619717963.178274, 437
1619717963.194755, 434
1619717963.211261, 433
1619717963.229287, 429
1619717963.247436, 426
1619717963.266860, 424
1619717963.286827, 421
1619717963.305403, 419
1619717963.325844, 415
1619717963.342301, 412
1619717963.358825, 410
1619717963.379189, 404
1619717963.397815, 390
1619717963.430896, 385
1619717963.452480, 379
1619717963.471907, 375
1619717963.492519, 370
1619717963.513815, 365
1619717963.530336, 362
1619717963.546325, 358
1619717963.563131, 352
1619717963.580556, 355
1619717963.598332, 350
1619717963.613822, 354
1619717963.631507, 351
1619717963.650854, 350
1619717963.668545, 351
1619717963.685923, 351
1619717963.702861, 349
1619717963.720449, 351
1619717963.738362, 350
1619717963.759138, 350
1619717963.776576, 351
1619717963.794853, 352
1619717963.811445, 351
1619717963.827396, 348
1619717963.844551, 344
1619717963.861882, 338
1619717963.880082, 333
1619717963.897090, 325
1619717963.917574, 319
1619717963.936036, 311
1619717963.957584, 303
1619717963.977149, 296
1619717963.996562, 289
1619717964.016247, 279
1619717964.041772, 275
1619717964.066499, 268
1619717964.083026, 265
1619717964.100679, 256
1619717964.120751, 249
1619717964.138491, 242
1619717964.157130, 233
1619717964.179217, 226
1619717964.197141, 220
1619717964.215547, 212
1619717964.233553, 205
1619717964.249531, 199
1619717964.266537, 193
1619717964.284563, 191
1619717964.305540, 189
1619717964.326674, 187
1619717964.344600, 188
1619717964.362101, 186
1619717964.378743, 184
1619717964.401073, 184
1619717964.418641, 184
1619717964.436112, 185
1619717964.455107, 185
1619717964.473661, 185
1619717964.493617, 185
1619717964.512246, 184
1619717964.530201, 185
1619717964.548291, 186
1619717964.564626, 185
1619717964.580200, 186
1619717964.596637, 185
1619717964.614187, 184
1619717964.636150, 185
1619717964.658806, 185
1619717964.678990, 185
1619717964.695597, 185
1619717964.714818, 186
1619717964.731686, 185
1619717964.748653, 185
1619717964.765125, 185
1619717964.781125, 185
1619717964.797594, 186
1619717964.814666, 185
1619717964.832679, 186
1619717964.849149, 186
1619717964.865639, 187
1619717964.881920, 185
1619717964.898508, 185
1619717964.918235, 185
1619717964.936929, 186
1619717964.958464, 185
1619717964.975087, 185
1619717964.995385, 185
1619717965.014936, 184
1619717965.031303, 185
1619717965.047510, 186
1619717965.064473, 185
1619717965.080569, 186
1619717965.096995, 187
1619717965.112512, 187
1619717965.128927, 187
1619717965.144969, 187
1619717965.163052, 187
1619717965.181947, 185
1619717965.198998, 187
1619717965.216116, 186
1619717965.252618, 187
1619717965.275785, 188
1619717965.293068, 187
1619717965.312519, 188
1619717965.328942, 188
1619717965.345815, 188
1619717965.362473, 187
1619717965.379072, 187
1619717965.396676, 188
1619717965.414662, 188
1619717965.431488, 187
1619717965.448055, 186
1619717965.464071, 188
1619717965.480468, 188
1619717965.498217, 187
1619717965.516019, 188
1619717965.532534, 187
1619717965.549542, 186
1619717965.567007, 187
1619717965.586047, 187
1619717965.605032, 186
1619717965.624595, 186
1619717965.642757, 186
1619717965.660105, 187
1619717965.677110, 187
1619717965.693535, 187
1619717965.712138, 186
1619717965.732609, 186
1619717965.750586, 186
1619717965.768548, 185
1619717965.785637, 186
1619717965.803538, 187
1619717965.836322, 185
1619717965.860538, 187
1619717965.878611, 185
1619717965.897825, 187
1619717965.914674, 188
1619717965.932582, 187
1619717965.950618, 186
1619717965.970665, 186
1619717965.991133, 186
1619717966.009627, 186
1619717966.026743, 186
1619717966.046105, 187
1619717966.063099, 187
1619717966.079777, 186
1619717966.097129, 187
1619717966.113183, 185
1619717966.130208, 187
1619717966.148598, 187
1619717966.168609, 187
1619717966.186171, 187
1619717966.203149, 187
1619717966.223387, 187
1619717966.242164, 187
1619717966.260344, 187
1619717966.277145, 187
1619717966.297208, 186
1619717966.314275, 187
1619717966.330182, 187
1619717966.348360, 187
1619717966.366165, 187
1619717966.382676, 188
1619717966.399140, 188
1619717966.416198, 187
1619717966.443611, 188
1619717966.464359, 186
1619717966.482778, 188
1619717966.499697, 188
1619717966.518669, 188
1619717966.535686, 187
1619717966.553697, 187
1619717966.576303, 187
1619717966.595182, 187
1619717966.613695, 188
1619717966.630248, 189
1619717966.648699, 188
1619717966.666845, 188
1619717966.686207, 188
1619717966.705761, 187
1619717966.723807, 187
1619717966.744742, 188
1619717966.764244, 188
1619717966.781241, 188
1619717966.799241, 188
1619717966.815717, 188
1619717966.832837, 188
1619717966.850221, 189
1619717966.867242, 188
1619717966.883499, 187
1619717966.899878, 186
1619717966.916409, 187
1619717966.934249, 188
1619717966.953808, 187
1619717966.971731, 187
1619717966.989260, 187
1619717967.006316, 187
1619717967.024943, 187
1619717967.046280, 189
1619717967.065710, 189
1619717967.084458, 188
1619717967.103740, 188
1619717967.123802, 189
1619717967.140545, 187
1619717967.157436, 189
1619717967.175415, 188
1619717967.193437, 188
1619717967.213900, 189
1619717967.231911, 188
1619717967.249844, 189
1619717967.268813, 189
1619717967.285328, 189
1619717967.304835, 188
1619717967.323871, 188
1619717967.341610, 188
1619717967.359375, 189
1619717967.377134, 188
1619717967.397855, 187
1619717967.415864, 189
1619717967.431321, 189
1619717967.447885, 190
1619717967.464585, 189
1619717967.482950, 189
1619717967.499906, 188
1619717967.517983, 189
1619717967.537074, 190
1619717967.556667, 190
1619717967.574861, 191
1619717967.593370, 190
1619717967.613194, 188
1619717967.639501, 189
1619717967.665888, 190
1619717967.683061, 188
1619717967.703402, 190
1619717967.721379, 190
1619717967.743266, 190
1619717967.760049, 189
1619717967.777473, 188
1619717967.794051, 189
1619717967.812941, 190
1619717967.829498, 189
1619717967.844921, 189
1619717967.861889, 189
1619717967.879937, 189
1619717967.900005, 190
1619717967.917924, 188
1619717967.934934, 187
1619717967.954410, 189
1619717967.975977, 191
1619717967.996330, 190
1619717968.013523, 190
1619717968.031001, 190
1619717968.048559, 190
1619717968.064588, 189
1619717968.080551, 191
1619717968.096632, 189
1619717968.113472, 189
1619717968.130478, 191
1619717968.148606, 190
1619717968.165604, 191
1619717968.183019, 191
1619717968.199452, 190
1619717968.217179, 190
1619717968.239280, 190
1619717968.264175, 190
1619717968.283343, 190
1619717968.301487, 190
1619717968.318984, 190
1619717968.337669, 190
1619717968.357344, 191
1619717968.376145, 191
1619717968.393039, 190
1619717968.411030, 191
1619717968.427611, 190
1619717968.445708, 190
1619717968.465141, 190
1619717968.484566, 190
1619717968.507235, 189
1619717968.524546, 190
1619717968.543159, 191
1619717968.560259, 190
1619717968.577538, 190
1619717968.594161, 190
1619717968.610045, 190
1619717968.627075, 190
1619717968.643548, 188
1619717968.660262, 189
1619717968.676501, 190
1619717968.693580, 190
1619717968.709566, 189
1619717968.725633, 189
1619717968.743213, 190
1619717968.762133, 189
1619717968.779207, 189
1619717968.796292, 190
1619717968.814758, 191
1619717968.848201, 188
1619717968.872172, 189
1619717968.893817, 189
1619717968.911582, 189
1619717968.932590, 190
1619717968.949117, 189
1619717968.966145, 190
1619717968.982110, 191
1619717968.999720, 191
1619717969.018134, 190
1619717969.035728, 190
1619717969.053321, 189
1619717969.072401, 190
1619717969.090727, 190
1619717969.111694, 190
1619717969.131713, 190
1619717969.148644, 191
1619717969.167639, 191
1619717969.184183, 190
1619717969.200210, 190
1619717969.217125, 190
1619717969.233174, 190
1619717969.250749, 190
1619717969.268152, 190
1619717969.287534, 191
1619717969.307233, 190
1619717969.324428, 190
1619717969.343969, 190
1619717969.361170, 191
1619717969.379251, 190
1619717969.397175, 191
1619717969.413177, 191
1619717969.429970, 190
1619717969.449319, 189
1619717969.471224, 191
1619717969.491390, 191
1619717969.508691, 191
1619717969.527232, 191
1619717969.544749, 191
1619717969.562207, 191
1619717969.583393, 191
1619717969.600298, 191
1619717969.619212, 190
1619717969.637240, 192
1619717969.655253, 191
1619717969.675940, 190
1619717969.693738, 191
1619717969.712756, 192
1619717969.729324, 191
1619717969.745751, 190
1619717969.762327, 191
1619717969.778769, 191
1619717969.798436, 191
1619717969.815800, 191
1619717969.832411, 191
1619717969.851336, 191
1619717969.871145, 192
1619717969.892371, 192
1619717969.910745, 191
1619717969.928430, 190
1619717969.945138, 190
1619717969.963296, 191
1619717969.980802, 192
1619717969.996789, 192
1619717970.014957, 191
1619717970.041889, 192
1619717970.065855, 190
1619717970.082335, 191
1619717970.102943, 190
1619717970.121323, 191
1619717970.139362, 191
1619717970.159487, 192
1619717970.176466, 192
1619717970.193866, 191
1619717970.209855, 191
1619717970.227885, 191
1619717970.246560, 191
1619717970.264431, 192
1619717970.284855, 191
1619717970.302826, 191
1619717970.321417, 192
1619717970.340562, 190
1619717970.358365, 192
1619717970.377951, 192
1619717970.395844, 193
1619717970.414430, 192
1619717970.430916, 193
1619717970.447916, 191
1619717970.464863, 191
1619717970.480914, 191
1619717970.497461, 191
1619717970.515262, 191
1619717970.533674, 191
1619717970.550379, 193
1619717970.570402, 192
1619717970.589361, 193
1619717970.608103, 191
1619717970.627442, 191
1619717970.650138, 191
1619717970.676149, 190
1619717970.696493, 192
1619717970.713891, 193
1619717970.730491, 191
1619717970.746419, 193
1619717970.764007, 193
1619717970.782403, 194
1619717970.798426, 192
1619717970.814966, 194
1619717970.830515, 194
1619717970.847035, 194
1619717970.863979, 194
1619717970.883531, 194
1619717970.902029, 195
1619717970.922483, 195
1619717970.939632, 194
1619717970.958511, 194
1619717970.977133, 195
1619717970.994054, 194
1619717971.012482, 194
1619717971.028998, 195
1619717971.047524, 194
1619717971.064075, 195
1619717971.080623, 194
1619717971.097605, 194
1619717971.114992, 194
1619717971.132514, 193
1619717971.148991, 194
1619717971.166009, 194
1619717971.182017, 193
1619717971.198576, 193
1619717971.217714, 192
1619717971.237849, 193
1619717971.270539, 193
1619717971.292124, 191
1619717971.310043, 193
1619717971.328822, 193
1619717971.345010, 193
1619717971.360937, 194
1619717971.377517, 194
1619717971.394555, 194
1619717971.412353, 194
1619717971.430065, 193
1619717971.446176, 194
1619717971.464226, 194
1619717971.485592, 194
1619717971.504137, 194
1619717971.523169, 195
1619717971.542655, 193
1619717971.560365, 194
1619717971.577722, 194
1619717971.595622, 194
1619717971.613071, 194
1619717971.630956, 193
1619717971.648085, 194
1619717971.664216, 193
1619717971.681088, 194
1619717971.697194, 195
1619717971.716192, 193
1619717971.735583, 195
1619717971.755149, 193
1619717971.775391, 195
1619717971.793691, 196
1619717971.813614, 195
1619717971.830384, 194
1619717971.867436, 193
1619717971.889512, 193
1619717971.910166, 193
1619717971.929145, 192
1619717971.946906, 193
1619717971.964297, 194
1619717971.983285, 194
1619717971.999194, 195
1619717972.016261, 194
1619717972.034207, 195
1619717972.053169, 194
1619717972.072258, 194
1619717972.090186, 195
1619717972.108890, 194
1619717972.126783, 194
1619717972.145302, 195
1619717972.162854, 194
1619717972.180257, 195
1619717972.197277, 194
1619717972.214288, 194
1619717972.230700, 194
1619717972.248343, 195
1619717972.265732, 193
1619717972.283731, 194
1619717972.300745, 194
1619717972.320282, 192
1619717972.338940, 195
1619717972.357102, 194
1619717972.376692, 196
1619717972.393703, 196
1619717972.414729, 192
1619717972.432215, 193
1619717972.470201, 194
1619717972.489616, 192
1619717972.508500, 193
1619717972.526638, 193
1619717972.549280, 197
1619717972.572407, 196
1619717972.592910, 194
1619717972.646444, 196
1619717972.670426, 196
1619717972.691523, 196
1619717972.709819, 197
1619717972.726922, 196
1619717972.743073, 195
1619717972.760817, 197
1619717972.779847, 195
1619717972.796918, 196
1619717972.814797, 197
1619717972.830779, 196
1619717972.847826, 197
1619717972.864829, 196
1619717972.881298, 196
1619717972.897807, 197
1619717972.916479, 197
1619717972.934320, 196
1619717972.952381, 195
1619717972.969310, 196
1619717972.985289, 195
1619717973.002797, 196
1619717973.019360, 197
1619717973.036325, 194
1619717973.067861, 195
1619717973.088404, 194
1619717973.107977, 194
1619717973.126377, 195
1619717973.144844, 194
1619717973.162867, 194
1619717973.181911, 195
1619717973.198352, 195
1619717973.214884, 195
1619717973.231513, 195
1619717973.249390, 196
1619717973.268016, 196
1619717973.285952, 195
1619717973.303632, 197
1619717973.321436, 196
1619717973.341436, 195
1619717973.364514, 196
1619717973.382381, 195
1619717973.399779, 195
1619717973.421393, 197
1619717973.440729, 196
1619717973.459924, 196
1619717973.478424, 196
1619717973.494442, 196
1619717973.510947, 194
1619717973.527988, 197
1619717973.544976, 195
1619717973.561978, 196
1619717973.580280, 197
1619717973.598582, 195
1619717973.616410, 195
1619717973.635979, 196
1619717973.655483, 194
1619717973.677431, 196
1619717973.695099, 195
1619717973.712910, 194
1619717973.730656, 196
1619717973.747306, 195
1619717973.763033, 195
1619717973.779935, 197
1619717973.796659, 195
1619717973.813492, 198
1619717973.829971, 197
1619717973.846512, 197
1619717973.867579, 198
1619717973.886278, 197
1619717973.905340, 197
1619717973.924365, 198
1619717973.942524, 196
1619717973.961684, 196
1619717973.980572, 196
1619717973.999054, 197
1619717974.019853, 196
1619717974.038448, 197
1619717974.057746, 196
1619717974.078096, 196
1619717974.094696, 197
1619717974.111853, 196
1619717974.129003, 196
1619717974.148667, 197
1619717974.167759, 197
1619717974.185244, 196
1619717974.203189, 195
1619717974.223069, 195
1619717974.254122, 197
1619717974.281465, 196
1619717974.301796, 195
1619717974.324030, 195
1619717974.342076, 196
1619717974.359496, 195
1619717974.376559, 197
1619717974.392547, 197
1619717974.409685, 196
1619717974.425803, 197
1619717974.442854, 197
1619717974.463298, 197
1619717974.485753, 197
1619717974.505299, 196
1619717974.524741, 196
1619717974.543903, 197
1619717974.562343, 197
1619717974.578271, 196
1619717974.596592, 196
1619717974.612954, 197
1619717974.629694, 197
1619717974.649379, 196
1619717974.670583, 198
1619717974.689011, 197
1619717974.708438, 198
1619717974.725618, 197
1619717974.743991, 198
1619717974.761859, 198
1619717974.778380, 197
1619717974.794294, 198
1619717974.811579, 198
1619717974.829482, 197
1619717974.853260, 195
1619717974.881175, 196
1619717974.901431, 196
1619717974.919386, 195
1619717974.940478, 197
1619717974.960754, 197
1619717974.979387, 197
1619717974.995134, 198
1619717975.012212, 197
1619717975.030694, 197
1619717975.052214, 197
1619717975.070566, 197
1619717975.088352, 198
1619717975.106840, 198
1619717975.128266, 197
1619717975.144597, 198
1619717975.160537, 197
1619717975.178744, 197
1619717975.194485, 198
1619717975.215456, 198
1619717975.232448, 198
1619717975.251436, 197
1619717975.270498, 199
1619717975.290860, 198
1619717975.309145, 198
1619717975.325541, 199
1619717975.343263, 198
1619717975.361121, 197
1619717975.380362, 198
1619717975.396926, 197
1619717975.415231, 198
1619717975.432948, 199
1619717975.449401, 198
1619717975.478821, 196
1619717975.502358, 197
1619717975.519370, 198
1619717975.535867, 196
1619717975.555714, 198
1619717975.581027, 198
1619717975.601199, 199
1619717975.622076, 199
1619717975.642411, 198
1619717975.661374, 199
1619717975.680093, 199
1619717975.697681, 199
1619717975.714160, 198
1619717975.731147, 200
1619717975.748870, 199
1619717975.765143, 199
1619717975.781650, 199
1619717975.799339, 198
1619717975.816395, 199
1619717975.832962, 198
1619717975.852138, 198
1619717975.871909, 199
1619717975.891728, 200
1619717975.909524, 200
1619717975.927834, 199
1619717975.944985, 199
1619717975.962059, 199
1619717975.977378, 199
1619717975.993910, 199
1619717976.011685, 200
1619717976.031817, 199
1619717976.057093, 198
1619717976.078727, 199
1619717976.099177, 198
1619717976.116455, 199
1619717976.135204, 197
1619717976.153533, 199
1619717976.171831, 199
1619717976.188975, 201
1619717976.206779, 199
1619717976.228666, 199
1619717976.246467, 199
1619717976.263544, 200
1619717976.279983, 200
1619717976.298325, 200
1619717976.315529, 200
1619717976.331382, 200
1619717976.349709, 199
1619717976.365975, 198
1619717976.386425, 198
1619717976.402826, 199
1619717976.421063, 200
1619717976.438196, 199
1619717976.457734, 198
1619717976.481511, 199
1619717976.497561, 199
1619717976.514670, 198
1619717976.531056, 200
1619717976.549471, 199
1619717976.568125, 198
1619717976.585280, 199
1619717976.603654, 199
1619717976.621943, 199
1619717976.640964, 199
1619717976.666680, 197
1619717976.694126, 198
1619717976.713509, 199
1619717976.730668, 199
1619717976.747381, 198
1619717976.764497, 199
1619717976.782196, 199
1619717976.799973, 198
1619717976.818303, 200
1619717976.835348, 202
1619717976.853197, 200
1619717976.869703, 200
1619717976.887469, 201
1619717976.905190, 201
1619717976.922957, 200
1619717976.939555, 201
1619717976.961443, 202
1619717976.978580, 200
1619717976.998242, 201
1619717977.014797, 200
1619717977.031875, 201
1619717977.048482, 201
1619717977.065532, 201
1619717977.083023, 201
1619717977.099739, 200
1619717977.117405, 202
1619717977.134488, 201
1619717977.152390, 201
1619717977.170938, 202
1619717977.190565, 201
1619717977.212233, 199
1619717977.229582, 201
1619717977.247212, 200
1619717977.266924, 200
1619717977.292037, 199
1619717977.312130, 199
1619717977.328642, 198
1619717977.346382, 199
1619717977.363554, 198
1619717977.382473, 199
1619717977.399660, 199
1619717977.416243, 199
1619717977.434946, 199
1619717977.452868, 200
1619717977.473778, 200
1619717977.490932, 200
1619717977.507390, 199
1619717977.527400, 199
1619717977.544846, 200
1619717977.563847, 200
1619717977.580405, 201
1619717977.596259, 200
1619717977.616578, 200
1619717977.633654, 201
1619717977.657676, 199
1619717977.677758, 200
1619717977.698414, 200
1619717977.715554, 200
1619717977.733241, 201
1619717977.753160, 200
1619717977.771836, 200
1619717977.791886, 201
1619717977.808963, 200
1619717977.826681, 199
1619717977.843122, 200
1619717977.871924, 199
1619717977.892703, 199
1619717977.911550, 199
1619717977.928096, 198
1619717977.943982, 199
1619717977.961697, 199
1619717977.978205, 199
1619717977.995425, 200
1619717978.012583, 200
1619717978.031512, 200
1619717978.049207, 200
1619717978.067842, 200
1619717978.087714, 200
1619717978.105432, 198
1619717978.122606, 199
1619717978.140384, 201
1619717978.158709, 201
1619717978.176333, 201
1619717978.192245, 201
1619717978.208249, 201
1619717978.226923, 200
1619717978.244286, 200
1619717978.260830, 201
1619717978.276622, 201
1619717978.293705, 201
1619717978.310216, 202
1619717978.328645, 201
1619717978.346315, 202
1619717978.364894, 201
1619717978.381126, 200
1619717978.397723, 201
1619717978.416157, 202
1619717978.434325, 201
1619717978.460734, 200
1619717978.480263, 200
1619717978.497990, 200
1619717978.514490, 200
1619717978.531052, 200
1619717978.547511, 200
1619717978.564128, 200
1619717978.582354, 201
1619717978.600771, 200
1619717978.619730, 201
1619717978.639301, 202
1619717978.657497, 201
1619717978.674941, 202
1619717978.692610, 202
1619717978.711448, 200
1619717978.727952, 201
1619717978.746601, 202
1619717978.764078, 202
1619717978.780776, 201
1619717978.797086, 201
1619717978.813618, 202
1619717978.830138, 202
1619717978.846666, 201
1619717978.865049, 202
1619717978.882270, 201
1619717978.899292, 201
1619717978.916545, 201
1619717978.933500, 201
1619717978.950046, 201
1619717978.965918, 202
1619717978.983003, 202
1619717979.001337, 201
1619717979.023382, 201
1619717979.042206, 200
1619717979.063862, 200
1619717979.080810, 200
1619717979.096887, 202
1619717979.113190, 201
1619717979.129639, 202
1619717979.146062, 201
1619717979.162201, 201
1619717979.178783, 201
1619717979.199545, 202
1619717979.219776, 202
1619717979.238041, 203
1619717979.254012, 201
1619717979.272046, 202
1619717979.291330, 202
1619717979.310328, 202
1619717979.327466, 202
1619717979.346437, 203
1619717979.363533, 202
1619717979.380073, 202
1619717979.396624, 203
1619717979.413144, 203
1619717979.431172, 202
1619717979.449323, 202
1619717979.465824, 202
1619717979.481785, 201
1619717979.497841, 202
1619717979.514211, 202
1619717979.530738, 202
1619717979.548535, 203
1619717979.566139, 202
1619717979.582600, 202
1619717979.601016, 202
1619717979.621854, 201
1619717979.642930, 203
1619717979.673410, 201
1619717979.697150, 201
1619717979.715420, 202
1619717979.733778, 201
1619717979.752136, 200
1619717979.770652, 202
1619717979.790685, 202
1619717979.809601, 202
1619717979.828022, 202
1619717979.843881, 203
1619717979.861518, 204
1619717979.881745, 202
1619717979.899532, 204
1619717979.915458, 203
1619717979.931958, 203
1619717979.949036, 204
1619717979.967575, 204
1619717979.986332, 203
1619717980.002876, 202
1619717980.020673, 202
1619717980.040441, 203
1619717980.060452, 204
1619717980.077060, 204
1619717980.096609, 204
1619717980.113590, 205
1619717980.130140, 204
1619717980.146682, 204
1619717980.164456, 205
1619717980.182066, 203
1619717980.198586, 204
1619717980.214592, 204
1619717980.232348, 204
1619717980.248115, 204
1619717980.270157, 203
1619717980.292685, 203
1619717980.311616, 203
1619717980.328232, 203
1619717980.345225, 203
1619717980.362438, 203
1619717980.381274, 203
1619717980.397871, 202
1619717980.419178, 203
1619717980.438209, 204
1619717980.457598, 204
1619717980.475747, 203
1619717980.496736, 204
1619717980.514554, 203
1619717980.532341, 203
1619717980.548363, 202
1619717980.565281, 203
1619717980.584268, 203
1619717980.602154, 203
1619717980.619319, 204
1619717980.637670, 204
1619717980.655985, 204
1619717980.676275, 204
1619717980.694703, 204
1619717980.711868, 202
1619717980.728955, 203
1619717980.750417, 202
1619717980.767514, 202
1619717980.784922, 204
1619717980.802127, 203
1619717980.822160, 203
1619717980.843752, 204
1619717980.875940, 203
1619717980.899299, 202
1619717980.919356, 204
1619717980.937725, 202
1619717980.958525, 202
1619717980.977319, 202
1619717980.994742, 203
1619717981.011222, 203
1619717981.028430, 204
1619717981.047447, 203
1619717981.064301, 203
1619717981.081034, 203
1619717981.098166, 203
1619717981.115329, 204
1619717981.133715, 204
1619717981.151996, 204
1619717981.170688, 205
1619717981.188969, 204
1619717981.208367, 204
1619717981.225752, 205
1619717981.243242, 204
1619717981.260235, 205
1619717981.278998, 206
1619717981.297889, 205
1619717981.314467, 205
1619717981.330293, 206
1619717981.349681, 205
1619717981.368426, 205
1619717981.387761, 207
1619717981.406921, 206
1619717981.424570, 206
1619717981.442881, 206
1619717981.466870, 206
1619717981.500964, 206
1619717981.522768, 204
1619717981.542645, 205
1619717981.560446, 204
1619717981.579257, 205
1619717981.595988, 205
1619717981.612848, 207
1619717981.631370, 205
1619717981.650140, 206
1619717981.668624, 206
1619717981.687701, 206
1619717981.707683, 206
1619717981.729242, 205
1619717981.747411, 206
1619717981.765337, 207
1619717981.783493, 206
1619717981.801371, 205
1619717981.825696, 204
1619717981.843259, 206
1619717981.861054, 204
1619717981.878156, 204
1619717981.895198, 206
1619717981.911877, 205
1619717981.930100, 205
1619717981.948624, 207
1619717981.966756, 205
1619717981.986334, 206
1619717982.004147, 207
1619717982.023145, 204
1619717982.044731, 205
1619717982.079657, 205
1619717982.107758, 205
1619717982.127446, 205
1619717982.143860, 204
1619717982.160456, 205
1619717982.178137, 205
1619717982.195328, 206
1619717982.213495, 206
1619717982.230160, 205
1619717982.246524, 205
1619717982.263690, 206
1619717982.280314, 206
1619717982.297396, 206
1619717982.313944, 206
1619717982.331100, 206
1619717982.348769, 205
1619717982.365200, 205
1619717982.381795, 205
1619717982.398842, 207
1619717982.414196, 206
1619717982.430061, 206
1619717982.447186, 206
1619717982.463091, 206
1619717982.478408, 205
1619717982.496219, 205
1619717982.512055, 205
1619717982.528617, 204
1619717982.545080, 206
1619717982.561544, 205
1619717982.579333, 205
1619717982.598144, 206
1619717982.615357, 206
1619717982.634273, 205
1619717982.651362, 207
1619717982.680641, 207
1619717982.705917, 205
1619717982.724787, 204
1619717982.742636, 204
1619717982.759174, 206
1619717982.777101, 205
1619717982.794470, 204
1619717982.810990, 205
1619717982.828719, 206
1619717982.845289, 205
1619717982.861489, 205
1619717982.880071, 206
1619717982.897218, 206
1619717982.913846, 205
1619717982.931217, 205
1619717982.948561, 205
1619717982.964533, 205
1619717982.981676, 206
1619717982.998876, 206
1619717983.015288, 206
1619717983.035222, 206
1619717983.055698, 205
1619717983.076987, 205
1619717983.094186, 206
1619717983.110114, 206
1619717983.127233, 206
1619717983.144352, 206
1619717983.160899, 207
1619717983.178006, 206
1619717983.197639, 205
1619717983.216578, 207
1619717983.236009, 206
1619717983.255127, 206
1619717983.274873, 206
1619717983.294074, 205
1619717983.314212, 205
1619717983.330092, 206
1619717983.346638, 206
1619717983.363101, 204
1619717983.379620, 205
1619717983.395414, 204
1619717983.412350, 205
1619717983.428535, 206
1619717983.444396, 205
1619717983.462135, 207
1619717983.478791, 206
1619717983.496433, 207
1619717983.513566, 207
1619717983.531753, 207
1619717983.552016, 207
1619717983.570976, 207
1619717983.589865, 207
1619717983.606431, 207
1619717983.626569, 207
1619717983.645566, 207
1619717983.663923, 207
1619717983.681509, 207
1619717983.700613, 209
1619717983.719476, 208
1619717983.737189, 207
1619717983.755689, 207
1619717983.775145, 208
1619717983.793477, 207
1619717983.810005, 207
1619717983.829644, 208
1619717983.846156, 207
1619717983.863835, 208
1619717983.885602, 207
1619717983.904328, 207
1619717983.923257, 207
1619717983.941486, 206
1619717983.961688, 206
1619717983.978187, 205
1619717983.994127, 206
1619717984.011402, 205
1619717984.028953, 205
1619717984.048594, 206
1619717984.068819, 206
1619717984.089296, 205
1619717984.109884, 207
1619717984.128951, 207
1619717984.145535, 207
1619717984.163180, 207
1619717984.180384, 206
1619717984.196220, 205
1619717984.212182, 208
1619717984.233536, 207
1619717984.253686, 207
1619717984.273959, 208
1619717984.294688, 207
1619717984.315688, 206
1619717984.336853, 208
1619717984.356114, 208
1619717984.378556, 206
1619717984.395611, 207
1619717984.411542, 207
1619717984.429852, 207
1619717984.446271, 208
1619717984.463241, 204
1619717984.501768, 208
1619717984.521815, 208
1619717984.539021, 206
1619717984.558032, 207
1619717984.577118, 207
1619717984.595055, 205
1619717984.614883, 206
1619717984.632777, 206
1619717984.649339, 205
1619717984.666517, 207
1619717984.685395, 206
1619717984.708142, 207
1619717984.728344, 208
1619717984.748425, 208
1619717984.766729, 207
1619717984.782615, 207
1619717984.805160, 208
1619717984.824284, 206
1619717984.843157, 207
1619717984.860318, 207
1619717984.876854, 206
1619717984.894413, 208
1619717984.911560, 207
1619717984.928893, 208
1619717984.945783, 207
1619717984.963020, 207
1619717984.980163, 208
1619717984.996414, 207
1619717985.013382, 208
1619717985.030593, 207
1619717985.050542, 207
1619717985.069710, 208
1619717985.097718, 206
1619717985.116937, 207
1619717985.134827, 209
1619717985.152928, 207
1619717985.171893, 208
1619717985.190189, 209
1619717985.207153, 207
1619717985.224329, 207
1619717985.242833, 206
1619717985.261192, 207
1619717985.279277, 206
1619717985.295661, 207
1619717985.313488, 207
1619717985.330583, 207
1619717985.346870, 207
1619717985.363803, 208
1619717985.379936, 208
1619717985.396297, 208
1619717985.412467, 208
1619717985.429490, 208
1619717985.446749, 207
1619717985.465607, 207
1619717985.481771, 208
1619717985.498054, 209
1619717985.516627, 208
1619717985.534348, 208
1619717985.554474, 209
1619717985.572817, 206
1619717985.592587, 209
1619717985.610588, 209
1619717985.628609, 209
1619717985.647681, 209
1619717985.664756, 208
1619717985.699032, 210
1619717985.727523, 209
1619717985.745721, 210
1619717985.763849, 209
1619717985.782637, 209
1619717985.802118, 210
1619717985.824902, 210
1619717985.848044, 209
1619717985.879081, 207
1619717985.913256, 208
1619717985.933070, 209
1619717985.952202, 208
1619717985.972618, 209
1619717985.991111, 209
1619717986.009064, 210
1619717986.025172, 209
1619717986.042194, 209
1619717986.059087, 210
1619717986.075097, 210
1619717986.093103, 208
1619717986.112189, 209
1619717986.128248, 209
1619717986.144101, 208
1619717986.163040, 209
1619717986.180057, 208
1619717986.201139, 208
1619717986.221125, 208
1619717986.239162, 209
1619717986.256945, 209
1619717986.279338, 209
1619717986.305037, 209
1619717986.323202, 209
1619717986.342093, 207
1619717986.360288, 209
1619717986.376706, 209
1619717986.395174, 208
1619717986.412159, 209
1619717986.428216, 208
1619717986.445056, 207
1619717986.462122, 209
1619717986.478172, 208
1619717986.494096, 207
1619717986.511137, 208
1619717986.529181, 208
1619717986.545761, 207
1619717986.562096, 206
1619717986.579260, 209
1619717986.596171, 207
1619717986.615173, 209
1619717986.633229, 210
1619717986.651208, 209
1619717986.668389, 209
1619717986.689960, 209
1619717986.708415, 209
1619717986.728321, 211
1619717986.744289, 209
1619717986.760326, 209
1619717986.777136, 210
1619717986.794419, 210
1619717986.812257, 209
1619717986.830182, 209
1619717986.848333, 211
1619717986.865182, 210
1619717986.891685, 212
1619717986.909367, 211
1619717986.929667, 210
1619717986.947924, 211
1619717986.964780, 211
1619717986.980646, 210
1619717986.996768, 210
1619717987.012882, 211
1619717987.030378, 211
1619717987.049849, 210
1619717987.069727, 211
1619717987.087839, 210
1619717987.104753, 208
1619717987.127812, 209
1619717987.144784, 209
1619717987.162016, 210
1619717987.178786, 210
1619717987.194848, 208
1619717987.211654, 210
1619717987.229431, 211
1619717987.247045, 211
1619717987.264284, 211
1619717987.281722, 210
1619717987.298257, 211
1619717987.317613, 211
1619717987.334539, 211
1619717987.351869, 211
1619717987.371392, 210
1619717987.390814, 211
1619717987.407738, 209
1619717987.426373, 210
1619717987.442865, 211
1619717987.460143, 209
1619717987.484910, 212
1619717987.510578, 205
1619717987.558702, 212
1619717987.581237, 211
1619717987.600692, 212
1619717987.618439, 211
1619717987.638858, 212
1619717987.657306, 211
1619717987.677806, 211
1619717987.697093, 212
1619717987.714864, 212
1619717987.747684, 210
1619717987.767111, 210
1619717987.784917, 210
1619717987.800761, 211
1619717987.818336, 210
1619717987.837017, 211
1619717987.857183, 211
1619717987.875827, 212
1619717987.894042, 211
1619717987.912337, 211
1619717987.929620, 212
1619717987.945594, 212
1619717987.962573, 211
1619717987.980513, 210
1619717987.996335, 211
1619717988.012333, 211
1619717988.028877, 210
1619717988.046842, 211
1619717988.066424, 212
1619717988.089291, 211
1619717988.107824, 210
1619717988.124586, 210
1619717988.144669, 210
1619717988.162004, 211
1619717988.179256, 210
1619717988.195354, 211
1619717988.212165, 210
1619717988.228781, 211
1619717988.244827, 211
1619717988.261455, 211
1619717988.277304, 212
1619717988.296318, 208
1619717988.313680, 211
1619717988.334380, 211
1619717988.353232, 212
1619717988.371416, 209
1619717988.391921, 210
1619717988.408758, 210
1619717988.426720, 209
1619717988.445240, 211
1619717988.463120, 210
1619717988.481310, 211
1619717988.497957, 211
1619717988.518441, 212
1619717988.539803, 210
1619717988.558599, 211
1619717988.577580, 211
1619717988.594996, 212
1619717988.612198, 211
1619717988.634408, 211
1619717988.653197, 210
1619717988.671778, 211
1619717988.695398, 211
1619717988.714356, 211
1619717988.732466, 212
1619717988.748564, 211
1619717988.764284, 211
1619717988.779891, 211
1619717988.799744, 210
1619717988.817005, 213
1619717988.832733, 211
1619717988.849573, 211
1619717988.867576, 211
1619717988.888240, 212
1619717988.904678, 212
1619717988.921145, 212
1619717988.940840, 212
1619717988.958320, 210
1619717988.975775, 211
1619717988.994779, 211
1619717989.013082, 210
1619717989.030220, 211
1619717989.050677, 212
1619717989.070598, 212
1619717989.088621, 211
1619717989.106031, 212
1619717989.125925, 212
1619717989.144458, 212
1619717989.161561, 213
1619717989.177604, 213
1619717989.195629, 213
1619717989.212363, 213
1619717989.228782, 212
1619717989.245679, 213
1619717989.266857, 213
1619717989.308822, 213
1619717989.329124, 214
1619717989.345683, 214
1619717989.363760, 213
1619717989.381814, 213
1619717989.398504, 213
1619717989.415119, 213
1619717989.430398, 214
1619717989.446318, 214
1619717989.464546, 214
1619717989.481781, 212
1619717989.499264, 214
1619717989.515209, 213
1619717989.531090, 212
1619717989.547162, 212
1619717989.563789, 212
1619717989.580395, 212
1619717989.597887, 212
1619717989.614482, 212
1619717989.632716, 211
1619717989.651666, 210
1619717989.669822, 212
1619717989.687984, 211
1619717989.707706, 211
1619717989.727615, 211
1619717989.747131, 211
1619717989.766210, 213
1619717989.787372, 212
1619717989.806189, 215
1619717989.824570, 213
1619717989.842015, 212
1619717989.858220, 213
1619717989.876473, 213
1619717989.908662, 215
1619717989.927605, 214
1619717989.946216, 213
1619717989.964543, 213
1619717989.980890, 214
1619717989.998858, 212
1619717990.016651, 213
1619717990.035433, 213
1619717990.053650, 214
1619717990.072758, 215
1619717990.090809, 213
1619717990.109658, 214
1619717990.126491, 213
1619717990.143221, 215
1619717990.160902, 214
1619717990.178330, 213
1619717990.195887, 214
1619717990.213948, 214
1619717990.232148, 213
1619717990.248709, 214
1619717990.264520, 212
1619717990.281949, 212
1619717990.298690, 213
1619717990.314656, 212
1619717990.332113, 213
1619717990.351713, 214
1619717990.369906, 212
1619717990.386580, 214
1619717990.406292, 214
1619717990.424417, 214
1619717990.443343, 214
1619717990.460958, 214
1619717990.479710, 213
1619717990.502940, 214
1619717990.523943, 214
1619717990.543077, 213
1619717990.559003, 215
1619717990.577174, 214
1619717990.593795, 215
1619717990.609897, 214
1619717990.626417, 214
1619717990.642908, 215
1619717990.660452, 214
1619717990.677705, 215
1619717990.695666, 214
1619717990.711933, 214
1619717990.727709, 215
1619717990.747171, 214
1619717990.766075, 214
1619717990.785973, 214
1619717990.804911, 214
1619717990.824586, 213
1619717990.842515, 213
1619717990.861582, 213
1619717990.879104, 214
1619717990.899448, 213
1619717990.919883, 212
1619717990.936729, 213
1619717990.960543, 212
1619717990.978919, 212
1619717990.996703, 214
1619717991.016198, 215
1619717991.039401, 216
1619717991.057884, 216
1619717991.078307, 215
1619717991.101258, 216
1619717991.124804, 215
1619717991.147246, 215
1619717991.163185, 215
1619717991.179964, 215
1619717991.196601, 216
1619717991.213496, 216
1619717991.231155, 216
1619717991.248701, 215
1619717991.266747, 215
1619717991.283565, 216
1619717991.300213, 215
1619717991.316118, 217
1619717991.334863, 216
1619717991.352986, 215
1619717991.371366, 215
1619717991.391431, 216
1619717991.407532, 216
1619717991.426338, 216
1619717991.444122, 216
1619717991.462400, 215
1619717991.480642, 215
1619717991.498096, 215
1619717991.513953, 214
1619717991.530595, 214
1619717991.547814, 213
1619717991.564335, 213
1619717991.583388, 213
1619717991.601555, 213
1619717991.618812, 213
1619717991.636436, 213
1619717991.656351, 213
1619717991.675055, 214
1619717991.717296, 215
1619717991.734458, 215
1619717991.754676, 216
1619717991.777161, 216
1619717991.794879, 215
1619717991.814226, 214
1619717991.838022, 216
1619717991.895906, 213
1619717991.931605, 216
1619717991.967594, 216
1619717991.992720, 216
1619717992.011630, 215
1619717992.031320, 216
1619717992.060512, 215
1619717992.084522, 217
1619717992.104915, 215
1619717992.125016, 216
1619717992.146383, 216
1619717992.162290, 216
1619717992.178885, 215
1619717992.195600, 216
1619717992.213868, 215
1619717992.231233, 214
1619717992.248484, 215
1619717992.267570, 213
1619717992.290431, 214
1619717992.313119, 215
1619717992.330510, 215
1619717992.348700, 215
1619717992.364643, 216
1619717992.383497, 215
1619717992.399516, 215
1619717992.420631, 217
1619717992.437266, 216
1619717992.454128, 217
1619717992.478772, 215
1619717992.507869, 216
1619717992.526064, 217
1619717992.542076, 216
1619717992.559081, 216
1619717992.576220, 216
1619717992.593549, 217
1619717992.610263, 215
1619717992.626104, 216
1619717992.644519, 215
1619717992.661753, 216
1619717992.677710, 217
1619717992.695029, 216
1619717992.712597, 216
1619717992.729097, 216
1619717992.744988, 216
1619717992.762667, 216
1619717992.778871, 216
1619717992.795205, 217
1619717992.811837, 216
1619717992.829629, 216
1619717992.846463, 215
1619717992.863031, 214
1619717992.880477, 214
1619717992.913713, 215
1619717992.934307, 214
1619717992.950272, 213
1619717992.966882, 214
1619717992.987435, 216
1619717993.005952, 216
1619717993.022376, 215
1619717993.041146, 215
1619717993.058628, 215
1619717993.076325, 217
1619717993.092786, 216
1619717993.110203, 217
1619717993.126723, 218
1619717993.145751, 217
1619717993.163264, 217
1619717993.180792, 218
1619717993.200349, 217
1619717993.217675, 216
1619717993.234373, 217
1619717993.253315, 217
1619717993.272232, 216
1619717993.293198, 217
1619717993.309597, 217
1619717993.327115, 217
1619717993.344117, 217
1619717993.361921, 217
1619717993.380171, 216
1619717993.396905, 218
1619717993.415560, 218
1619717993.432248, 217
1619717993.449614, 216
1619717993.468668, 216
1619717993.497458, 216
1619717993.526637, 216
1619717993.548124, 217
1619717993.567867, 216
1619717993.585236, 217
1619717993.603705, 216
1619717993.623861, 217
1619717993.641350, 217
1619717993.660371, 217
1619717993.679221, 215
1619717993.698148, 216
1619717993.717095, 217
1619717993.734502, 216
1619717993.751980, 217
1619717993.771654, 216
1619717993.792335, 215
1619717993.809181, 217
1619717993.825979, 217
1619717993.842664, 217
1619717993.860008, 216
1619717993.877350, 215
1619717993.897436, 216
1619717993.914886, 217
1619717993.931728, 216
1619717993.949003, 216
1619717993.969211, 215
1619717993.990495, 215
1619717994.013115, 216
1619717994.053677, 218
1619717994.071101, 216
1619717994.113536, 215
1619717994.146251, 216
1619717994.164668, 215
1619717994.184584, 216
1619717994.206483, 216
1619717994.225330, 216
1619717994.244449, 215
1619717994.261723, 216
1619717994.278971, 216
1619717994.296346, 216
1619717994.312882, 216
1619717994.331791, 215
1619717994.347721, 216
1619717994.365105, 216
1619717994.385533, 215
1619717994.406038, 217
1619717994.427022, 216
1619717994.449867, 217
1619717994.486460, 215
1619717994.537304, 217
1619717994.579896, 217
1619717994.598896, 216
1619717994.617989, 217
1619717994.638220, 219
1619717994.660311, 218
1619717994.679367, 217
1619717994.704892, 217
1619717994.723887, 217
1619717994.742128, 217
1619717994.759492, 217
1619717994.779265, 216
1619717994.798573, 218
1619717994.815858, 217
1619717994.836193, 217
1619717994.852831, 217
1619717994.871854, 217
1619717994.893449, 216
1619717994.910281, 216
1619717994.927145, 217
1619717994.944032, 217
1619717994.960211, 216
1619717994.976807, 217
1619717994.993513, 216
1619717995.011976, 217
1619717995.028528, 217
1619717995.047045, 218
1619717995.063349, 217
1619717995.078703, 217
1619717995.094780, 218
1619717995.110989, 217
1619717995.127916, 217
1619717995.145626, 218
1619717995.163092, 217
1619717995.179985, 218
1619717995.196189, 217
1619717995.216299, 218
1619717995.232227, 217
1619717995.251582, 217
1619717995.267805, 218
1619717995.285239, 217
1619717995.306056, 218
1619717995.329381, 218
1619717995.348106, 217
1619717995.364921, 218
1619717995.381302, 216
1619717995.397664, 217
1619717995.413196, 218
1619717995.429436, 218
1619717995.445154, 218
1619717995.464132, 217
1619717995.480613, 216
1619717995.499200, 217
1619717995.517563, 217
1619717995.538195, 218
1619717995.560788, 217
1619717995.579166, 219
1619717995.595480, 219
1619717995.612525, 219
1619717995.631625, 219
1619717995.649508, 219
1619717995.667377, 217
1619717995.686600, 220
1619717995.705178, 219
1619717995.724721, 217
1619717995.742804, 219
1619717995.760608, 219
1619717995.780392, 218
1619717995.797984, 220
1619717995.814282, 220
1619717995.830645, 219
1619717995.847530, 219
1619717995.868099, 220
1619717995.885672, 219
1619717995.916916, 219
1619717995.933945, 219
1619717995.952957, 219
1619717995.972274, 219
1619717995.991861, 219
1619717996.009637, 218
1619717996.026604, 219
1619717996.043634, 220
1619717996.060685, 220
1619717996.076411, 220
1619717996.095637, 217
1619717996.113569, 217
1619717996.131302, 218
1619717996.148244, 218
1619717996.165907, 217
1619717996.182080, 219
1619717996.198331, 217
1619717996.216870, 219
1619717996.239652, 220
1619717996.259981, 219
1619717996.276904, 221
1619717996.294615, 219
1619717996.310889, 219
1619717996.327908, 220
1619717996.344313, 220
1619717996.363149, 220
1619717996.380690, 219
1619717996.396617, 220
1619717996.413137, 220
1619717996.433373, 218
1619717996.450299, 220
1619717996.468826, 219
1619717996.488662, 220
1619717996.509850, 220
1619717996.533934, 219
1619717996.555060, 220
1619717996.574864, 220
1619717996.594073, 218
1619717996.611096, 219
1619717996.627295, 219
1619717996.644312, 218
1619717996.662674, 218
1619717996.680411, 220
1619717996.700393, 219
1619717996.720130, 219
1619717996.741341, 219
1619717996.764025, 218
1619717996.784265, 219
1619717996.803420, 220
1619717996.824211, 220
1619717996.842984, 221
1619717996.863115, 221
1619717996.883611, 220
1619717996.902069, 222
1619717996.921154, 222
1619717996.939648, 221
1619717996.960013, 222
1619717996.977779, 221
1619717996.996348, 221
1619717997.013155, 222
1619717997.030920, 221
1619717997.047810, 222
1619717997.064791, 221
1619717997.082566, 221
1619717997.112942, 221
1619717997.129761, 222
1619717997.167127, 220
1619717997.197144, 223
1619717997.213476, 222
1619717997.231193, 222
1619717997.248317, 223
1619717997.264505, 223
1619717997.282139, 222
1619717997.299847, 223
1619717997.318915, 223
1619717997.335850, 222
1619717997.352284, 221
1619717997.368930, 222
1619717997.385240, 220
1619717997.404000, 221
1619717997.421451, 222
1619717997.439884, 221
1619717997.457523, 219
1619717997.474175, 220
1619717997.491048, 220
1619717997.507546, 220
1619717997.525704, 220
1619717997.542767, 219
1619717997.567141, 220
1619717997.585272, 221
1619717997.603501, 222
1619717997.624068, 221
1619717997.640745, 221
1619717997.658084, 221
1619717997.675667, 221
1619717997.693393, 221
1619717997.713901, 220
1619717997.734024, 220
1619717997.756798, 221
1619717997.775051, 219
1619717997.793761, 219
1619717997.810505, 220
1619717997.826080, 219
1619717997.842239, 219
1619717997.859180, 219
1619717997.876280, 219
1619717997.893985, 219
1619717997.910779, 220
1619717997.927393, 220
1619717997.943037, 218
1619717997.959900, 220
1619717997.975742, 220
1619717997.996222, 220
1619717998.012161, 220
1619717998.028534, 220
1619717998.044729, 220
1619717998.060505, 220
1619717998.076588, 221
1619717998.092257, 218
1619717998.108228, 219
1619717998.124488, 220
1619717998.141969, 219
1619717998.159288, 220
1619717998.179178, 219
1619717998.197263, 218
1619717998.217684, 220
1619717998.236283, 220
1619717998.254503, 221
1619717998.273306, 220
1619717998.292141, 220
1619717998.315405, 220
1619717998.338803, 219
1619717998.356619, 219
1619717998.374842, 220
1619717998.392011, 220
1619717998.410271, 221
1619717998.425543, 219
1619717998.443528, 221
1619717998.462343, 221
1619717998.481967, 220
1619717998.497633, 221
1619717998.516382, 221
1619717998.533690, 221
1619717998.550054, 219
1619717998.567010, 221
1619717998.582614, 221
1619717998.599599, 220
1619717998.615815, 220
1619717998.633398, 221
1619717998.652781, 220
1619717998.672588, 221
1619717998.690336, 221
1619717998.709267, 221
1619717998.731314, 221
1619717998.748341, 222
1619717998.766627, 220
1619717998.786530, 222
1619717998.804898, 220
1619717998.823280, 221
1619717998.843084, 222
1619717998.860220, 221
1619717998.878429, 222
1619717998.896261, 222
1619717998.926143, 221
1619717998.946477, 221
1619717998.963398, 223
1619717998.983232, 220
1619717999.000207, 223
1619717999.018021, 223
1619717999.036248, 222
1619717999.053991, 222
1619717999.072533, 223
1619717999.091624, 222
1619717999.108669, 222
1619717999.125565, 223
1619717999.141954, 222
1619717999.163579, 222
1619717999.180662, 222
1619717999.196892, 221
1619717999.213263, 223
1619717999.230139, 223
1619717999.248819, 223
1619717999.266290, 221
1619717999.283845, 222
1619717999.301565, 221
1619717999.317889, 221
1619717999.334864, 221
1619717999.352702, 224
1619717999.371278, 222
1619717999.390765, 221
1619717999.410679, 222
1619717999.427594, 221
1619717999.443865, 222
1619717999.460796, 222
1619717999.477661, 221
1619717999.498027, 222
1619717999.534233, 223
1619717999.552740, 222
1619717999.571782, 222
1619717999.590494, 223
1619717999.609371, 222
1619717999.626638, 222
1619717999.644604, 224
1619717999.662690, 224
1619717999.679065, 224
1619717999.696678, 223
1619717999.713519, 224
1619717999.730537, 224
1619717999.748876, 223
1619717999.768113, 224
1619717999.785020, 224
1619717999.802035, 223
1619717999.821059, 224
1619717999.839553, 223
1619717999.862910, 223
1619717999.883673, 222
1619717999.899749, 222
1619717999.918123, 223
1619717999.935869, 222
1619717999.954909, 222
1619717999.972080, 222
1619717999.989635, 223
1619718000.006975, 223
1619718000.027206, 223
1619718000.045596, 224
1619718000.063126, 223
1619718000.079560, 222
1619718000.096771, 223
1619718000.123154, 222
1619718000.143892, 222
1619718000.163074, 224
1619718000.179286, 223
1619718000.202123, 222
1619718000.220594, 223
1619718000.239499, 223
1619718000.258944, 222
1619718000.275908, 224
1619718000.292328, 222
1619718000.311376, 222
1619718000.328581, 222
1619718000.348142, 222
1619718000.365082, 222
1619718000.381374, 223
1619718000.398478, 223
1619718000.418214, 222
1619718000.435978, 221
1619718000.456664, 221
1619718000.472797, 222
1619718000.490419, 223
1619718000.508482, 223
1619718000.527519, 222
1619718000.544410, 223
1619718000.560768, 221
1619718000.576842, 223
1619718000.594719, 222
1619718000.615187, 221
1619718000.632141, 223
1619718000.648578, 222
1619718000.668266, 223
1619718000.687172, 222
1619718000.713648, 222
1619718000.745839, 221
1619718000.765698, 221
1619718000.783323, 222
1619718000.802303, 221
1619718000.820287, 221
1619718000.838614, 222
1619718000.858682, 223
1619718000.875470, 224
1619718000.895226, 223
1619718000.912240, 222
1619718000.928475, 222
1619718000.946021, 222
1619718000.964537, 223
1619718000.982133, 224
1619718000.998404, 223
1619718001.016918, 224
1619718001.033920, 222
1619718001.052263, 222
1619718001.069176, 223
1619718001.087656, 223
1619718001.107816, 221
1619718001.125139, 223
1619718001.143497, 224
1619718001.160830, 224
1619718001.177654, 223
1619718001.196388, 225
1619718001.212664, 224
1619718001.228751, 223
1619718001.245891, 223
1619718001.265564, 222
1619718001.281855, 223
1619718001.297867, 223
1619718001.314151, 224
1619718001.343547, 223
1619718001.361624, 223
1619718001.378578, 222
1619718001.395614, 223
1619718001.412738, 222
1619718001.428216, 224
1619718001.444955, 224
1619718001.462057, 223
1619718001.481352, 224
1619718001.498870, 224
1619718001.519278, 224
1619718001.537623, 225
1619718001.555467, 224
1619718001.577813, 225
1619718001.594911, 225
1619718001.614074, 224
1619718001.630417, 225
1619718001.647360, 226
1619718001.667464, 225
1619718001.687014, 224
1619718001.708930, 225
1619718001.727109, 224
1619718001.744071, 223
1619718001.761162, 224
1619718001.776867, 223
1619718001.794305, 225
1619718001.811377, 225
1619718001.827885, 225
1619718001.843512, 225
1619718001.860466, 226
1619718001.877248, 225
1619718001.894041, 225
1619718001.916816, 226
1619718001.942115, 226
1619718001.960771, 224
1619718001.979412, 223
1619718001.997199, 225
1619718002.014246, 225
1619718002.032167, 222
1619718002.050495, 223
1619718002.068672, 223
1619718002.087176, 222
1619718002.107146, 225
1619718002.126458, 223
1619718002.143474, 224
1619718002.163665, 225
1619718002.180287, 225
1619718002.195992, 224
1619718002.212447, 224
1619718002.228394, 226
1619718002.248457, 225
1619718002.267890, 226
1619718002.286508, 227
1619718002.307530, 227
1619718002.326147, 227
1619718002.345877, 227
1619718002.363027, 227
1619718002.380823, 226
1619718002.397326, 226
1619718002.414529, 226
1619718002.435963, 227
1619718002.455112, 226
1619718002.476503, 226
1619718002.494228, 225
1619718002.524727, 226
1619718002.546466, 226
1619718002.568629, 227
1619718002.586439, 226
1619718002.603599, 226
1619718002.620860, 225
1619718002.636701, 225
1619718002.653831, 225
1619718002.675738, 226
1619718002.692943, 224
1619718002.709328, 224
1619718002.730275, 224
1619718002.748144, 224
1619718002.765639, 225
1619718002.782737, 224
1619718002.799270, 223
1619718002.817017, 225
1619718002.836385, 226
1619718002.858362, 225
1619718002.875276, 225
1619718002.892785, 225
1619718002.909934, 225
1619718002.927764, 226
1619718002.945489, 226
1619718002.962062, 225
1619718002.978659, 225
1619718002.995069, 225
1619718003.012477, 225
1619718003.029456, 225
1619718003.046083, 225
1619718003.066390, 224
1619718003.083570, 225
1619718003.102290, 225
1619718003.122924, 225
1619718003.145705, 224
1619718003.164221, 225
1619718003.182086, 225
1619718003.200618, 225
1619718003.218463, 225
1619718003.237763, 225
1619718003.256704, 225
1619718003.275648, 226
1619718003.294251, 225
1619718003.312649, 225
1619718003.329795, 226
1619718003.346183, 227
1619718003.362041, 225
1619718003.381979, 226
1619718003.399690, 226
1619718003.418330, 225
1619718003.435464, 225
1619718003.452867, 225
1619718003.471861, 226
1619718003.495987, 227
1619718003.515924, 226
1619718003.535157, 227
1619718003.553958, 227
1619718003.573649, 227
1619718003.592275, 226
1619718003.610189, 227
1619718003.629825, 227
1619718003.646382, 226
1619718003.663383, 228
1619718003.685352, 227
1619718003.703636, 227
1619718003.746823, 227
1619718003.766191, 226
1619718003.783293, 227
1619718003.800814, 227
1619718003.821101, 226
1619718003.840427, 227
1619718003.856909, 227
1619718003.874035, 225
1619718003.893297, 226
1619718003.912524, 226
1619718003.928961, 225
1619718003.947604, 227
1619718003.964145, 226
1619718003.979843, 225
1619718003.996382, 225
1619718004.012864, 225
1619718004.030019, 226
1619718004.047935, 225
1619718004.069282, 224
1619718004.085664, 225
1619718004.102944, 224
1619718004.120178, 225
1619718004.140076, 225
1619718004.159982, 225
1619718004.178519, 226
1619718004.199145, 226
1619718004.216372, 225
1619718004.234223, 226
1619718004.253456, 228
1619718004.273362, 227
1619718004.294659, 227
1619718004.312693, 226
1619718004.334540, 227
1619718004.353772, 228
1619718004.374854, 226
1619718004.392063, 226
1619718004.411327, 227
1619718004.429147, 227
1619718004.447802, 226
1619718004.467166, 227
1619718004.485736, 227
1619718004.506734, 227
1619718004.527320, 227
1619718004.545996, 227
1619718004.564478, 227
1619718004.582956, 227
1619718004.601100, 227
1619718004.620190, 227
1619718004.641635, 227
1619718004.659369, 227
1619718004.679441, 227
1619718004.697752, 226
1619718004.718314, 226
1619718004.740369, 226
1619718004.760221, 226
1619718004.780196, 226
1619718004.797300, 226
1619718004.815581, 224
1619718004.836482, 226
1619718004.856784, 226
1619718004.876210, 227
1619718004.893815, 226
1619718004.913000, 226
1619718004.934165, 226
1619718004.961846, 226
1619718004.979205, 227
1619718004.997923, 227
1619718005.014918, 227
1619718005.031326, 227
1619718005.050365, 227
1619718005.068415, 226
1619718005.087614, 228
1619718005.107391, 227
1619718005.124325, 226
1619718005.141831, 228
1619718005.161378, 227
1619718005.180325, 227
1619718005.196515, 227
1619718005.213872, 226
1619718005.230191, 227
1619718005.246353, 227
1619718005.262656, 227
1619718005.280873, 227
1619718005.298088, 227
1619718005.314376, 228
1619718005.331843, 227
1619718005.351204, 227
1619718005.370299, 225
1619718005.391631, 226
1619718005.410610, 226
1619718005.429160, 226
1619718005.447954, 225
1619718005.465396, 227
1619718005.483923, 229
1619718005.503871, 228
1619718005.527214, 229
1619718005.545389, 228
1619718005.568154, 229
1619718005.588208, 229
1619718005.609113, 228
1619718005.628403, 228
1619718005.646888, 229
1619718005.671704, 228
1619718005.691939, 229
1619718005.710630, 229
1619718005.732569, 228
1619718005.750310, 228
1619718005.770178, 229
1619718005.787659, 227
1619718005.806872, 229
1619718005.827739, 229
1619718005.844823, 229
1619718005.864070, 228
1619718005.880345, 229
1619718005.896558, 228
1619718005.912674, 228
1619718005.929549, 229
1619718005.947295, 228
1619718005.963924, 229
1619718005.983765, 230
1619718006.002958, 228
1619718006.019778, 228
1619718006.039334, 226
1619718006.055883, 228
1619718006.072747, 225
1619718006.092387, 227
1619718006.111378, 226
1619718006.139132, 227
1619718006.165018, 229
1619718006.182214, 228
1619718006.198379, 229
1619718006.214679, 228
1619718006.231498, 228
1619718006.248716, 228
1619718006.264331, 228
1619718006.281162, 226
1619718006.300494, 228
1619718006.318414, 229
1619718006.335894, 228
1619718006.353950, 228
1619718006.372136, 229
1619718006.391893, 228
1619718006.409827, 228
1619718006.427960, 227
1619718006.444668, 228
1619718006.463941, 228
1619718006.481360, 227
1619718006.497674, 228
1619718006.517422, 227
1619718006.535439, 227
1619718006.552955, 229
1619718006.572157, 229
1619718006.590824, 228
1619718006.611185, 227
1619718006.628218, 228
1619718006.644469, 227
1619718006.661057, 228
1619718006.677891, 228
1619718006.695778, 228
1619718006.715234, 227
1619718006.751930, 227
1619718006.770537, 227
1619718006.790436, 227
1619718006.809908, 227
1619718006.826361, 228
1619718006.850456, 228
1619718006.870152, 228
1619718006.889322, 228
1619718006.908889, 228
1619718006.925324, 229
1619718006.943432, 228
1619718006.961630, 229
1619718006.979982, 228
1619718006.997206, 228
1619718007.013804, 228
1619718007.034082, 228
1619718007.054361, 228
1619718007.072240, 229
1619718007.091762, 228
1619718007.108228, 228
1619718007.125568, 228
1619718007.143856, 228
1619718007.160598, 229
1619718007.178241, 229
1619718007.194938, 229
1619718007.213912, 228
1619718007.230519, 230
1619718007.250153, 228
1619718007.270708, 228
1619718007.291439, 229
1619718007.312412, 229
1619718007.363935, 229
1619718007.459814, 229
1619718007.485845, 230
1619718007.508419, 230
1619718007.527746, 230
1619718007.548528, 230
1619718007.564581, 231
1619718007.582003, 231
1619718007.599352, 231
1619718007.615833, 231
1619718007.632243, 231
1619718007.648702, 231
1619718007.666903, 231
1619718007.684160, 232
1619718007.708993, 231
1619718007.730315, 232
1619718007.746835, 231
1619718007.765930, 232
1619718007.781859, 231
1619718007.801515, 231
1619718007.818635, 232
1619718007.835806, 231
1619718007.855234, 231
1619718007.871844, 232
1619718007.888547, 232
1619718007.904393, 233
1619718007.921590, 232
1619718007.946467, 232
1619718007.965074, 232
1619718007.981582, 231
1619718007.998586, 230
1619718008.015231, 229
1619718008.031735, 229
1619718008.048970, 230
1619718008.066059, 229
1619718008.082662, 230
1619718008.100631, 230
1619718008.117142, 230
1619718008.134899, 230
1619718008.153496, 229
1619718008.172323, 229
1619718008.189448, 230
1619718008.206723, 229
1619718008.223047, 228
1619718008.240141, 228
1619718008.257896, 230
1619718008.275703, 229
1619718008.292373, 230
1619718008.309391, 230
1619718008.326548, 230
1619718008.343761, 229
1619718008.361000, 229
1619718008.378750, 230
1619718008.395904, 229
1619718008.420192, 231
1619718008.441830, 230
1619718008.461470, 230
1619718008.479358, 230
1619718008.502532, 230
1619718008.525614, 229
1619718008.546286, 230
1619718008.573565, 230
1619718008.597071, 229
1619718008.684974, 228
1619718008.729555, 230
1619718008.751573, 230
1619718008.773568, 231
1619718008.793502, 231
1619718008.812286, 231
1619718008.828287, 231
1619718008.844461, 231
1619718008.863898, 230
1619718008.882855, 230
1619718008.901772, 229
1619718008.919035, 230
1619718008.937299, 230
1619718008.955154