1619715094.707234, 0
1619715094.735861, 0
1619715094.751850, 0
1619715094.770865, 2
1619715094.787926, 4
1619715094.805007, 3
1619715094.822913, 9
1619715094.840884, 17
1619715094.857894, 18
1619715094.873860, 21
1619715094.890949, 26
1619715094.907568, 32
1619715094.930920, 38
1619715094.950909, 42
1619715094.967921, 48
1619715094.986315, 53
1619715095.003958, 56
1619715095.019961, 61
1619715095.037063, 68
1619715095.055914, 72
1619715095.075911, 77
1619715095.095966, 84
1619715095.114904, 89
1619715095.132032, 90
1619715095.148974, 89
1619715095.165140, 89
1619715095.181041, 89
1619715095.197957, 90
1619715095.216007, 90
1619715095.233019, 89
1619715095.248979, 89
1619715095.265112, 90
1619715095.282055, 90
1619715095.300114, 90
1619715095.317071, 90
1619715095.335505, 90
1619715095.356202, 89
1619715095.373412, 90
1619715095.395210, 89
1619715095.416281, 90
1619715095.435125, 90
1619715095.456189, 90
1619715095.472232, 89
1619715095.489132, 90
1619715095.506235, 89
1619715095.530615, 89
1619715095.552317, 89
1619715095.572223, 88
1619715095.590200, 88
1619715095.606278, 88
1619715095.625255, 89
1619715095.642179, 90
1619715095.660406, 90
1619715095.678068, 90
1619715095.697229, 89
1619715095.716287, 90
1619715095.734270, 89
1619715095.754295, 89
1619715095.771166, 89
1619715095.789172, 89
1619715095.806181, 87
1619715095.824241, 88
1619715095.841255, 89
1619715095.858246, 88
1619715095.876579, 88
1619715095.893661, 87
1619715095.911242, 85
1619715095.927877, 84
1619715095.947330, 89
1619715095.964374, 88
1619715095.985325, 89
1619715096.003364, 89
1619715096.019770, 89
1619715096.036434, 88
1619715096.052803, 89
1619715096.069664, 89
1619715096.087712, 86
1619715096.104788, 89
1619715096.128417, 87
1619715096.151457, 89
1619715096.168504, 90
1619715096.185390, 90
1619715096.201039, 89
1619715096.218428, 89
1619715096.234997, 90
1619715096.252546, 89
1619715096.268408, 90
1619715096.290440, 85
1619715096.308506, 83
1619715096.327772, 84
1619715096.348793, 88
1619715096.365474, 86
1619715096.383521, 86
1619715096.404550, 85
1619715096.422467, 85
1619715096.444616, 85
1619715096.461663, 84
1619715096.479496, 87
1619715096.500756, 84
1619715096.519550, 86
1619715096.539841, 84
1619715096.558670, 84
1619715096.578559, 85
1619715096.596602, 86
1619715096.614548, 85
1619715096.630560, 82
1619715096.647581, 81
1619715096.663557, 81
1619715096.680625, 78
1619715096.696623, 78
1619715096.715321, 69
1619715096.743551, 71
1619715096.760454, 70
1619715096.778542, 68
1619715096.797636, 69
1619715096.814515, 68
1619715096.831576, 67
1619715096.850833, 68
1619715096.868708, 68
1619715096.888782, 69
1619715096.905073, 68
1619715096.920660, 66
1619715096.939785, 67
1619715096.958393, 67
1619715096.974681, 68
1619715096.990977, 67
1619715097.008022, 67
1619715097.024420, 66
1619715097.041407, 66
1619715097.060781, 68
1619715097.078102, 68
1619715097.095713, 66
1619715097.111892, 67
1619715097.128137, 67
1619715097.145115, 68
1619715097.162247, 67
1619715097.181435, 68
1619715097.197773, 68
1619715097.217094, 65
1619715097.235612, 65
1619715097.252696, 66
1619715097.268891, 66
1619715097.286036, 67
1619715097.303021, 66
1619715097.329909, 65
1619715097.351540, 67
1619715097.368612, 66
1619715097.387083, 67
1619715097.404169, 67
1619715097.421212, 67
1619715097.438186, 68
1619715097.456704, 69
1619715097.474155, 68
1619715097.490794, 69
1619715097.507885, 67
1619715097.526457, 68
1619715097.543649, 67
1619715097.562071, 68
1619715097.578273, 68
1619715097.594650, 67
1619715097.611833, 67
1619715097.630156, 67
1619715097.649462, 68
1619715097.665062, 68
1619715097.682087, 67
1619715097.698575, 67
1619715097.715383, 67
1619715097.732470, 67
1619715097.749496, 68
1619715097.765965, 66
1619715097.784373, 66
1619715097.801387, 67
1619715097.817737, 67
1619715097.835326, 67
1619715097.852758, 67
1619715097.869566, 68
1619715097.885936, 67
1619715097.902166, 68
1619715097.935507, 68
1619715097.960050, 69
1619715097.977665, 70
1619715097.996021, 70
1619715098.014677, 70
1619715098.031629, 70
1619715098.054944, 70
1619715098.072531, 70
1619715098.089440, 70
1619715098.110294, 67
1619715098.127115, 67
1619715098.145991, 69
1619715098.164293, 68
1619715098.180665, 68
1619715098.198741, 69
1619715098.217000, 69
1619715098.234000, 70
1619715098.251570, 69
1619715098.270549, 68
1619715098.290822, 69
1619715098.306198, 70
1619715098.322580, 70
1619715098.338927, 69
1619715098.356832, 70
1619715098.374029, 69
1619715098.392887, 69
1619715098.410571, 68
1619715098.430009, 69
1619715098.446352, 67
1619715098.462695, 69
1619715098.479108, 69
1619715098.495859, 70
1619715098.511777, 70
1619715098.553340, 70
1619715098.568999, 70
1619715098.585219, 70
1619715098.601555, 71
1619715098.620396, 71
1619715098.637307, 70
1619715098.656237, 71
1619715098.673118, 70
1619715098.689253, 67
1619715098.707515, 70
1619715098.726329, 69
1619715098.744667, 70
1619715098.761556, 70
1619715098.778592, 70
1619715098.794330, 72
1619715098.813086, 71
1619715098.832955, 70
1619715098.849597, 71
1619715098.867162, 71
1619715098.884857, 71
1619715098.901597, 70
1619715098.923862, 70
1619715098.947336, 71
1619715098.969052, 70
1619715098.991443, 70
1619715099.010640, 70
1619715099.029591, 71
1619715099.050091, 70
1619715099.067621, 71
1619715099.087058, 72
1619715099.103943, 71
1619715099.126337, 71
1619715099.142559, 71
1619715099.166291, 72
1619715099.182053, 70
1619715099.199012, 71
1619715099.214718, 72
1619715099.231040, 71
1619715099.247406, 72
1619715099.263966, 72
1619715099.281249, 71
1619715099.302030, 71
1619715099.318346, 71
1619715099.335779, 71
1619715099.353570, 72
1619715099.372274, 71
1619715099.393362, 73
1619715099.410873, 73
1619715099.428205, 74
1619715099.445635, 74
1619715099.462892, 75
1619715099.480210, 74
1619715099.499050, 74
1619715099.516229, 74
1619715099.534355, 73
1619715099.557880, 72
1619715099.574219, 72
1619715099.594233, 71
1619715099.612798, 71
1619715099.629294, 72
1619715099.646281, 73
1619715099.665706, 71
1619715099.682864, 73
1619715099.701958, 73
1619715099.729638, 73
1619715099.756481, 73
1619715099.773618, 72
1619715099.791571, 73
1619715099.808920, 74
1619715099.825288, 73
1619715099.843487, 73
1619715099.862777, 73
1619715099.878543, 74
1619715099.895848, 72
1619715099.915377, 73
1619715099.931128, 73
1619715099.949343, 75
1619715099.969277, 75
1619715099.985636, 74
1619715100.001325, 76
1619715100.018323, 77
1619715100.036567, 74
1619715100.055584, 77
1619715100.077778, 77
1619715100.094431, 77
1619715100.110459, 76
1619715100.126883, 74
1619715100.142564, 74
1619715100.160691, 74
1619715100.177882, 75
1619715100.197617, 73
1619715100.213971, 73
1619715100.230323, 75
1619715100.249895, 74
1619715100.266631, 74
1619715100.282944, 74
1619715100.300623, 75
1619715100.317034, 75
1619715100.337481, 75
1619715100.362807, 74
1619715100.382881, 75
1619715100.399775, 75
1619715100.418601, 75
1619715100.436822, 74
1619715100.456215, 75
1619715100.475502, 74
1619715100.492590, 74
1619715100.510011, 75
1619715100.528281, 74
1619715100.545998, 74
1619715100.563671, 74
1619715100.580137, 74
1619715100.598941, 76
1619715100.615576, 76
1619715100.631701, 75
1619715100.648673, 76
1619715100.668121, 76
1619715100.685452, 76
1619715100.701747, 75
1619715100.717630, 77
1619715100.735728, 76
1619715100.753888, 76
1619715100.772642, 76
1619715100.790772, 77
1619715100.807317, 77
1619715100.824193, 76
1619715100.842856, 77
1619715100.860475, 78
1619715100.878999, 77
1619715100.899104, 78
1619715100.915432, 78
1619715100.953307, 78
1619715100.973708, 78
1619715100.992349, 78
1619715101.010561, 78
1619715101.030427, 79
1619715101.057729, 79
1619715101.079513, 79
1619715101.098278, 78
1619715101.116469, 78
1619715101.132702, 77
1619715101.149082, 78
1619715101.166626, 79
1619715101.183580, 79
1619715101.204225, 80
1619715101.222997, 79
1619715101.239822, 80
1619715101.256341, 82
1619715101.272204, 81
1619715101.288442, 82
1619715101.306519, 82
1619715101.324142, 82
1619715101.343740, 81
1619715101.361524, 82
1619715101.378517, 81
1619715101.395451, 81
1619715101.412724, 81
1619715101.430083, 80
1619715101.446608, 80
1619715101.461354, 81
1619715101.478102, 79
1619715101.494137, 80
1619715101.510765, 80
1619715101.540524, 80
1619715101.563486, 81
1619715101.580755, 80
1619715101.597424, 80
1619715101.614937, 79
1619715101.633782, 79
1619715101.650083, 78
1619715101.665819, 78
1619715101.681602, 78
1619715101.697894, 79
1619715101.717290, 77
1619715101.736011, 78
1619715101.754281, 77
1619715101.772916, 78
1619715101.791970, 79
1619715101.809278, 77
1619715101.829257, 78
1619715101.846152, 78
1619715101.862444, 78
1619715101.883683, 79
1619715101.899394, 78
1619715101.916356, 78
1619715101.933323, 78
1619715101.952097, 79
1619715101.967741, 79
1619715101.984331, 79
1619715102.004560, 79
1619715102.021998, 79
1619715102.038593, 80
1619715102.056203, 80
1619715102.072215, 79
1619715102.088817, 78
1619715102.105210, 79
1619715102.123324, 76
1619715102.160807, 80
1619715102.179603, 79
1619715102.195415, 80
1619715102.212661, 81
1619715102.229923, 80
1619715102.246791, 79
1619715102.265549, 81
1619715102.281916, 80
1619715102.298240, 80
1619715102.315887, 80
1619715102.333959, 79
1619715102.354594, 78
1619715102.371461, 79
1619715102.390296, 79
1619715102.407226, 79
1619715102.424133, 80
1619715102.441146, 80
1619715102.458706, 79
1619715102.475640, 79
1619715102.493149, 80
1619715102.512584, 80
1619715102.529429, 82
1619715102.548418, 80
1619715102.566982, 81
1619715102.583962, 82
1619715102.600914, 82
1619715102.619110, 82
1619715102.640314, 82
1619715102.658356, 83
1619715102.676731, 82
1619715102.693483, 82
1619715102.714078, 80
1619715102.762467, 81
1619715102.784038, 80
1619715102.800626, 81
1619715102.820387, 82
1619715102.841015, 81
1619715102.857876, 82
1619715102.877242, 82
1619715102.894207, 81
1619715102.912466, 82
1619715102.932266, 82
1619715102.949910, 82
1619715102.968052, 83
1619715102.984145, 84
1619715103.000685, 82
1619715103.018902, 82
1619715103.036981, 82
1619715103.055217, 81
1619715103.072672, 82
1619715103.089196, 83
1619715103.106670, 83
1619715103.123519, 82
1619715103.144195, 83
1619715103.161111, 82
1619715103.178035, 82
1619715103.196783, 82
1619715103.213165, 82
1619715103.229481, 82
1619715103.246836, 82
1619715103.263338, 83
1619715103.280883, 82
1619715103.297849, 82
1619715103.315620, 82
1619715103.343255, 80
1619715103.366465, 79
1619715103.384454, 81
1619715103.401456, 81
1619715103.421352, 81
1619715103.440196, 81
1619715103.459459, 81
1619715103.476492, 83
1619715103.495808, 82
1619715103.515854, 84
1619715103.533951, 83
1619715103.554537, 82
1619715103.572659, 82
1619715103.591179, 83
1619715103.609324, 83
1619715103.626286, 82
1619715103.645645, 83
1619715103.663775, 83
1619715103.681984, 82
1619715103.698881, 82
1619715103.716606, 84
1619715103.736549, 83
1619715103.754585, 82
1619715103.772431, 82
1619715103.790263, 83
1619715103.807887, 84
1619715103.824764, 83
1619715103.843577, 81
1619715103.860615, 84
1619715103.877464, 82
1619715103.896369, 84
1619715103.913820, 84
1619715103.934957, 85
1619715103.984067, 83
1619715104.004757, 83
1619715104.023368, 83
1619715104.042502, 83
1619715104.059657, 83
1619715104.077173, 83
1619715104.096091, 84
1619715104.114499, 84
1619715104.131007, 84
1619715104.146062, 84
1619715104.161432, 85
1619715104.177331, 85
1619715104.192504, 84
1619715104.209550, 85
1619715104.225797, 84
1619715104.242358, 85
1619715104.259028, 84
1619715104.277810, 85
1619715104.293521, 85
1619715104.308712, 85
1619715104.327466, 83
1619715104.344988, 84
1619715104.360423, 83
1619715104.377629, 85
1619715104.393621, 86
1619715104.410307, 84
1619715104.425523, 85
1619715104.443064, 85
1619715104.458782, 85
1619715104.478193, 85
1619715104.494026, 84
1619715104.509650, 85
1619715104.527177, 84
1619715104.566632, 86
1619715104.586067, 85
1619715104.604136, 85
1619715104.623444, 85
1619715104.644854, 84
1619715104.660905, 84
1619715104.682027, 85
1619715104.699624, 85
1619715104.717795, 84
1619715104.735392, 85
1619715104.752445, 86
1619715104.769865, 86
1619715104.787435, 86
1619715104.804417, 85
1619715104.820690, 87
1619715104.838796, 86
1619715104.855813, 86
1619715104.873326, 87
1619715104.890296, 84
1619715104.908491, 86
1619715104.925383, 86
1619715104.945993, 86
1619715104.961763, 88
1619715104.978070, 87
1619715104.994426, 86
1619715105.010743, 85
1619715105.026472, 86
1619715105.044653, 85
1619715105.062758, 83
1619715105.087103, 85
1619715105.105301, 86
1619715105.127822, 85
1619715105.151487, 87
1619715105.178114, 87
1619715105.195644, 87
1619715105.212622, 87
1619715105.230565, 88
1619715105.247758, 89
1619715105.264073, 87
1619715105.280400, 87
1619715105.296683, 87
1619715105.314234, 86
1619715105.331804, 85
1619715105.349418, 87
1619715105.365684, 86
1619715105.381426, 85
1619715105.397773, 86
1619715105.414147, 86
1619715105.431052, 85
1619715105.448622, 87
1619715105.465580, 88
1619715105.481907, 88
1619715105.499442, 87
1619715105.516382, 88
1619715105.533573, 88
1619715105.555781, 88
1619715105.573998, 88
1619715105.593283, 87
1619715105.612139, 88
1619715105.636953, 88
1619715105.656342, 87
1619715105.673858, 87
1619715105.694126, 86
1619715105.711922, 86
1619715105.729438, 87
1619715105.768879, 87
1619715105.792479, 88
1619715105.810703, 88
1619715105.828338, 88
1619715105.846275, 88
1619715105.863847, 88
1619715105.881136, 88
1619715105.898320, 88
1619715105.915460, 89
1619715105.933111, 88
1619715105.951085, 88
1619715105.968075, 88
1619715105.985309, 88
1619715106.002245, 88
1619715106.017623, 88
1619715106.035132, 88
1619715106.052687, 88
1619715106.072820, 88
1619715106.091811, 88
1619715106.110009, 88
1619715106.126132, 89
1619715106.143322, 89
1619715106.161486, 90
1619715106.178584, 89
1619715106.195730, 87
1619715106.212349, 89
1619715106.229697, 90
1619715106.249028, 89
1619715106.266858, 90
1619715106.283846, 90
1619715106.300762, 90
1619715106.316956, 90
1619715106.345372, 87
1619715106.375143, 87
1619715106.396337, 87
1619715106.412813, 87
1619715106.431609, 88
1619715106.449340, 87
1619715106.465877, 89
1619715106.484144, 89
1619715106.502862, 89
1619715106.523251, 87
1619715106.540524, 89
1619715106.557549, 89
1619715106.574956, 90
1619715106.590751, 88
1619715106.607396, 89
1619715106.626018, 90
1619715106.644658, 89
1619715106.662937, 89
1619715106.679783, 87
1619715106.699680, 85
1619715106.717341, 88
1619715106.735537, 88
1619715106.754419, 83
1619715106.773565, 79
1619715106.794909, 80
1619715106.812610, 79
1619715106.829767, 80
1619715106.850673, 80
1619715106.867814, 80
1619715106.883636, 80
1619715106.898972, 74
1619715106.915414, 61
1619715106.951420, 51
1619715106.973848, 44
1619715106.992636, 41
1619715107.011783, 42
1619715107.029318, 42
1619715107.047288, 42
1619715107.067630, 42
1619715107.083722, 43
1619715107.101972, 42
1619715107.118589, 44
1619715107.136411, 42
1619715107.156236, 41
1619715107.172698, 42
1619715107.188392, 41
1619715107.206469, 42
1619715107.223604, 42
1619715107.243463, 43
1619715107.264631, 44
1619715107.282007, 43
1619715107.299763, 43
1619715107.316470, 43
1619715107.333029, 43
1619715107.349620, 43
1619715107.365670, 43
1619715107.382819, 43
1619715107.402112, 42
1619715107.420468, 43
1619715107.440699, 43
1619715107.459457, 44
1619715107.476863, 45
1619715107.504582, 46
1619715107.523252, 46
1619715107.547484, 45
1619715107.566670, 45
1619715107.588202, 43
1619715107.624569, 44
1619715107.642720, 44
1619715107.659970, 45
1619715107.680403, 44
1619715107.696943, 45
1619715107.713602, 46
1619715107.730141, 46
1619715107.746754, 46
1619715107.763419, 45
1619715107.780110, 45
1619715107.796675, 46
1619715107.814371, 46
1619715107.831924, 44
1619715107.850193, 46
1619715107.866806, 45
1619715107.882943, 45
1619715107.899517, 46
1619715107.916181, 45
1619715107.934430, 45
1619715107.955266, 46
1619715107.973465, 47
1619715107.989617, 46
1619715108.006167, 47
1619715108.023427, 46
1619715108.040156, 46
1619715108.057664, 45
1619715108.074235, 46
1619715108.089825, 46
1619715108.105902, 46
1619715108.123626, 45
1619715108.146139, 48
1619715108.169155, 48
1619715108.193766, 49
1619715108.212603, 49
1619715108.229087, 49
1619715108.246503, 47
1619715108.263761, 48
1619715108.281577, 48
1619715108.299139, 46
1619715108.315360, 46
1619715108.332551, 45
1619715108.348590, 47
1619715108.365208, 47
1619715108.381959, 47
1619715108.400147, 48
1619715108.416206, 47
1619715108.434898, 48
1619715108.450627, 47
1619715108.467581, 48
1619715108.483697, 48
1619715108.500337, 48
1619715108.516905, 49
1619715108.536373, 49
1619715108.552864, 49
1619715108.572188, 48
1619715108.591720, 47
1619715108.608577, 49
1619715108.624688, 48
1619715108.641628, 48
1619715108.658110, 47
1619715108.678826, 49
1619715108.696551, 49
1619715108.715293, 49
1619715108.733082, 49
1619715108.769407, 49
1619715108.792443, 50
1619715108.809645, 48
1619715108.828441, 49
1619715108.845502, 49
1619715108.863207, 49
1619715108.885200, 49
1619715108.903108, 49
1619715108.925933, 51
1619715108.943944, 50
1619715108.961339, 51
1619715108.983233, 49
1619715108.999876, 50
1619715109.016527, 50
1619715109.032619, 51
1619715109.051687, 50
1619715109.070573, 49
1619715109.089412, 50
1619715109.110804, 50
1619715109.127953, 48
1619715109.145801, 48
1619715109.162053, 52
1619715109.181589, 51
1619715109.199255, 52
1619715109.217501, 51
1619715109.234676, 52
1619715109.252317, 52
1619715109.268938, 52
1619715109.286136, 50
1619715109.303231, 50
1619715109.320622, 52
1619715109.352180, 49
1619715109.378329, 50
1619715109.401100, 52
1619715109.419570, 52
1619715109.436738, 52
1619715109.456029, 52
1619715109.475637, 53
1619715109.493495, 52
1619715109.512444, 50
1619715109.530016, 52
1619715109.547048, 52
1619715109.563769, 51
1619715109.580335, 51
1619715109.597595, 51
1619715109.623697, 52
1619715109.640427, 54
1619715109.661808, 55
1619715109.679303, 53
1619715109.697008, 54
1619715109.719147, 52
1619715109.735823, 55
1619715109.753469, 53
1619715109.772243, 54
1619715109.788831, 53
1619715109.805447, 53
1619715109.824260, 52
1619715109.842450, 53
1619715109.859055, 53
1619715109.876329, 54
1619715109.893301, 53
1619715109.913182, 53
1619715109.930103, 54
1619715109.966746, 54
1619715109.994088, 53
1619715110.010713, 55
1619715110.028965, 55
1619715110.049964, 52
1619715110.069136, 53
1619715110.087940, 54
1619715110.105622, 52
1619715110.123826, 52
1619715110.143074, 54
1619715110.160977, 55
1619715110.181205, 54
1619715110.198337, 55
1619715110.215512, 55
1619715110.235641, 55
1619715110.254538, 56
1619715110.277681, 55
1619715110.297046, 54
1619715110.316243, 56
1619715110.336085, 55
1619715110.353189, 54
1619715110.369917, 55
1619715110.386980, 55
1619715110.405223, 55
1619715110.424078, 58
1619715110.442249, 56
1619715110.461498, 56
1619715110.481459, 56
1619715110.496551, 54
1619715110.515205, 55
1619715110.531352, 56
1619715110.567048, 56
1619715110.592661, 55
1619715110.612644, 55
1619715110.631803, 56
1619715110.652421, 56
1619715110.672414, 55
1619715110.697309, 57
1619715110.714050, 57
1619715110.731704, 57
1619715110.749309, 58
1619715110.764843, 57
1619715110.780977, 56
1619715110.798040, 57
1619715110.814139, 56
1619715110.830207, 56
1619715110.846669, 57
1619715110.864423, 55
1619715110.880621, 56
1619715110.895726, 57
1619715110.912763, 56
1619715110.931085, 55
1619715110.949922, 57
1619715110.974741, 57
1619715110.996160, 57
1619715111.014678, 58
1619715111.031492, 58
1619715111.048616, 57
1619715111.066275, 58
1619715111.084573, 58
1619715111.102772, 56
1619715111.119873, 57
1619715111.136782, 56
1619715111.174185, 59
1619715111.194932, 59
1619715111.211575, 58
1619715111.229782, 58
1619715111.247573, 60
1619715111.266232, 59
1619715111.285043, 58
1619715111.302162, 59
1619715111.319304, 58
1619715111.337020, 58
1619715111.354707, 60
1619715111.372400, 58
1619715111.390029, 57
1619715111.406739, 57
1619715111.424461, 58
1619715111.442615, 57
1619715111.458655, 59
1619715111.475289, 57
1619715111.495655, 59
1619715111.511751, 58
1619715111.528509, 59
1619715111.547677, 59
1619715111.565337, 59
1619715111.583588, 60
1619715111.600670, 59
1619715111.617830, 59
1619715111.635001, 58
1619715111.651646, 59
1619715111.668348, 60
1619715111.685942, 59
1619715111.704329, 59
1619715111.722518, 59
1619715111.746307, 59
1619715111.786650, 60
1619715111.806167, 61
1619715111.823132, 60
1619715111.841925, 60
1619715111.862887, 60
1619715111.880625, 61
1619715111.898725, 61
1619715111.916428, 58
1619715111.932462, 59
1619715111.951280, 60
1619715111.966266, 59
1619715111.982346, 59
1619715112.004819, 60
1619715112.023744, 59
1619715112.040332, 62
1619715112.057965, 61
1619715112.075549, 61
1619715112.093351, 62
1619715112.112806, 62
1619715112.130247, 62
1619715112.148571, 62
1619715112.165061, 62
1619715112.181947, 60
1619715112.197833, 60
1619715112.214952, 60
1619715112.233762, 60
1619715112.250288, 60
1619715112.266390, 62
1619715112.283015, 62
1619715112.299070, 61
1619715112.316796, 63
1619715112.333476, 63
1619715112.375736, 63
1619715112.400393, 63
1619715112.418674, 62
1619715112.437445, 63
1619715112.456690, 61
1619715112.478164, 61
1619715112.494796, 61
1619715112.511378, 62
1619715112.528500, 61
1619715112.544604, 61
1619715112.562899, 61
1619715112.579136, 62
1619715112.595371, 63
1619715112.611553, 63
1619715112.628549, 62
1619715112.644353, 63
1619715112.660918, 64
1619715112.677041, 62
1619715112.693566, 64
1619715112.709678, 63
1619715112.727400, 63
1619715112.744148, 62
1619715112.763781, 64
1619715112.782546, 64
1619715112.798859, 62
1619715112.815289, 62
1619715112.831899, 63
1619715112.851315, 63
1619715112.868422, 64
1619715112.890928, 64
1619715112.908593, 64
1619715112.927302, 63
1619715112.956230, 64
1619715112.976074, 64
1619715112.993760, 65
1619715113.012375, 63
1619715113.031282, 62
1619715113.051109, 63
1619715113.067329, 63
1619715113.087782, 64
1619715113.105764, 62
1619715113.125595, 65
1619715113.142763, 64
1619715113.160570, 64
1619715113.177687, 65
1619715113.194711, 65
1619715113.210874, 64
1619715113.227490, 65
1619715113.244074, 65
1619715113.262679, 64
1619715113.279397, 63
1619715113.297118, 64
1619715113.313175, 64
1619715113.330384, 64
1619715113.347553, 65
1619715113.365238, 65
1619715113.384596, 64
1619715113.403216, 66
1619715113.423412, 65
1619715113.447415, 65
1619715113.465930, 66
1619715113.482633, 65
1619715113.500439, 65
1619715113.516935, 67
1619715113.542792, 65
1619715113.575161, 65
1619715113.611017, 67
1619715113.630858, 65
1619715113.657945, 65
1619715113.687967, 66
1619715113.721159, 66
1619715113.744301, 66
1619715113.763213, 66
1619715113.781768, 66
1619715113.804234, 67
1619715113.837639, 66
1619715113.856191, 67
1619715113.875456, 67
1619715113.894239, 65
1619715113.911544, 65
1619715113.926902, 66
1619715113.941410, 65
1619715113.957213, 65
1619715113.973076, 66
1619715113.988921, 66
1619715114.004223, 66
1619715114.018033, 67
1619715114.033040, 66
1619715114.047517, 67
1619715114.062539, 67
1619715114.078042, 67
1619715114.095268, 67
1619715114.111298, 67
1619715114.126807, 67
1619715114.141415, 68
1619715114.157379, 66
1619715114.182582, 66
1619715114.201391, 67
1619715114.216856, 66
1619715114.231205, 66
1619715114.245852, 66
1619715114.262035, 66
1619715114.276960, 67
1619715114.291943, 67
1619715114.306771, 67
1619715114.322744, 68
1619715114.337483, 69
1619715114.352065, 69
1619715114.366417, 68
1619715114.381442, 69
1619715114.396970, 69
1619715114.411408, 68
1619715114.425921, 68
1619715114.440910, 68
1619715114.454855, 68
1619715114.470898, 67
1619715114.484376, 67
1619715114.497787, 68
1619715114.512316, 68
1619715114.531847, 68
1619715114.549748, 68
1619715114.568638, 68
1619715114.586712, 69
1619715114.604620, 70
1619715114.621648, 70
1619715114.640099, 69
1619715114.658585, 68
1619715114.677153, 69
1619715114.696162, 70
1619715114.712315, 68
1619715114.730419, 68
1619715114.749232, 68
1619715114.772754, 67
1619715114.797940, 69
1619715114.815611, 68
1619715114.832289, 68
1619715114.850996, 68
1619715114.869822, 70
1619715114.888831, 70
1619715114.908424, 70
1619715114.925448, 69
1619715114.943238, 69
1619715114.960465, 70
1619715114.977151, 69
1619715114.992549, 70
1619715115.011215, 71
1619715115.030041, 68
1619715115.047855, 69
1619715115.065620, 68
1619715115.082810, 70
1619715115.100528, 69
1619715115.115992, 68
1619715115.132569, 69
1619715115.149231, 70
1619715115.166439, 71
1619715115.183527, 70
1619715115.201749, 70
1619715115.218332, 71
1619715115.235499, 71
1619715115.252146, 70
1619715115.269637, 71
1619715115.288052, 72
1619715115.304553, 71
1619715115.321282, 71
1619715115.338435, 71
1619715115.359919, 67
1619715115.398463, 70
1619715115.416222, 70
1619715115.433254, 70
1619715115.450375, 71
1619715115.471355, 72
1619715115.491751, 72
1619715115.508874, 71
1619715115.527066, 70
1619715115.543673, 71
1619715115.560390, 72
1619715115.577957, 70
1619715115.594350, 72
1619715115.610705, 71
1619715115.627273, 70
1619715115.644075, 70
1619715115.661575, 71
1619715115.677997, 71
1619715115.695304, 70
1619715115.711403, 70
1619715115.728738, 70
1619715115.745720, 72
1619715115.763994, 72
1619715115.780522, 72
1619715115.797768, 71
1619715115.815496, 72
1619715115.833610, 73
1619715115.851842, 71
1619715115.869053, 72
1619715115.885694, 72
1619715115.902774, 72
1619715115.920495, 71
1619715115.944390, 70
1619715115.961405, 73
1619715115.992870, 73
1619715116.012215, 72
1619715116.029353, 72
1619715116.048134, 73
1619715116.065542, 72
1619715116.082371, 72
1619715116.100786, 73
1619715116.127389, 72
1619715116.147739, 73
1619715116.163412, 72
1619715116.179891, 74
1619715116.195425, 72
1619715116.212091, 73
1619715116.231596, 72
1619715116.249598, 72
1619715116.265817, 72
1619715116.283327, 72
1619715116.304309, 72
1619715116.322548, 72
1619715116.340432, 74
1619715116.359456, 73
1619715116.376264, 74
1619715116.393753, 73
1619715116.410279, 73
1619715116.427820, 75
1619715116.445380, 74
1619715116.462584, 74
1619715116.479195, 73
1619715116.496836, 74
1619715116.513527, 72
1619715116.532319, 74
1619715116.550457, 74
1619715116.591383, 74
1619715116.614301, 74
1619715116.630859, 74
1619715116.658743, 76
1619715116.677587, 76
1619715116.694637, 75
1619715116.715060, 76
1619715116.732747, 76
1619715116.749846, 76
1619715116.767543, 75
1619715116.784232, 76
1619715116.800702, 75
1619715116.817940, 74
1619715116.836862, 73
1619715116.858241, 73
1619715116.875101, 74
1619715116.895578, 75
1619715116.912063, 74
1619715116.931501, 74
1619715116.953821, 75
1619715116.971706, 75
1619715116.988195, 75
1619715117.008374, 76
1619715117.025575, 75
1619715117.044031, 74
1619715117.061264, 76
1619715117.078439, 75
1619715117.095624, 76
1619715117.112892, 76
1619715117.130000, 76
1619715117.147087, 76
1619715117.162760, 74
1619715117.188836, 75
1619715117.211185, 75
1619715117.228096, 74
1619715117.244882, 76
1619715117.263566, 77
1619715117.280762, 75
1619715117.298531, 76
1619715117.315821, 77
1619715117.332209, 76
1619715117.348729, 76
1619715117.366556, 76
1619715117.382908, 77
1619715117.400141, 76
1619715117.417251, 75
1619715117.435219, 75
1619715117.452360, 75
1619715117.468747, 76
1619715117.485252, 76
1619715117.502307, 76
1619715117.520371, 76
1619715117.539945, 76
1619715117.559800, 76
1619715117.578495, 78
1619715117.596465, 77
1619715117.614279, 77
1619715117.631458, 77
1619715117.648756, 76
1619715117.665006, 77
1619715117.682166, 77
1619715117.697849, 79
1619715117.715014, 78
1619715117.734479, 77
1619715117.754068, 77
1619715117.785827, 77
1619715117.806646, 77
1619715117.823812, 77
1619715117.841683, 75
1619715117.861824, 78
1619715117.881757, 77
1619715117.900829, 77
1619715117.919734, 78
1619715117.935702, 78
1619715117.954810, 77
1619715117.972896, 79
1619715117.988802, 78
1619715118.004820, 78
1619715118.020729, 78
1619715118.037727, 76
1619715118.057169, 77
1619715118.074779, 76
1619715118.091812, 77
1619715118.108146, 77
1619715118.124998, 77
1619715118.142812, 77
1619715118.160291, 77
1619715118.180877, 78
1619715118.197204, 79
1619715118.215937, 80
1619715118.235803, 79
1619715118.252887, 78
1619715118.269825, 79
1619715118.285858, 79
1619715118.302843, 79
1619715118.317926, 79
1619715118.336558, 80
1619715118.354654, 78
1619715118.375815, 78
1619715118.407556, 79
1619715118.427501, 78
1619715118.446830, 78
1619715118.462842, 78
1619715118.483914, 77
1619715118.501922, 77
1619715118.518992, 79
1619715118.536288, 79
1619715118.553063, 79
1619715118.570817, 79
1619715118.589919, 78
1619715118.607896, 79
1619715118.624936, 79
1619715118.640955, 79
1619715118.657968, 80
1619715118.674875, 79
1619715118.695077, 77
1619715118.712890, 80
1619715118.732089, 79
1619715118.749011, 78
1619715118.765122, 77
1619715118.781873, 80
1619715118.805949, 80
1619715118.823923, 81
1619715118.840916, 81
1619715118.857145, 80
1619715118.873678, 78
1619715118.889897, 80
1619715118.907951, 80
1619715118.925109, 80
1619715118.947938, 81
1619715118.970195, 79
1619715119.005140, 80
1619715119.029023, 80
1619715119.045988, 80
1619715119.064980, 80
1619715119.082017, 79
1619715119.100012, 78
1619715119.118689, 80
1619715119.135127, 80
1619715119.151222, 80
1619715119.168308, 80
1619715119.186142, 80
1619715119.204240, 81
1619715119.221951, 80
1619715119.239065, 80
1619715119.256260, 81
1619715119.273072, 79
1619715119.289125, 82
1619715119.306108, 82
1619715119.322819, 81
1619715119.343276, 80
1619715119.361085, 80
1619715119.379237, 80
1619715119.396533, 79
1619715119.417222, 79
1619715119.435311, 81
1619715119.453131, 82
1619715119.471090, 81
1619715119.488327, 81
1619715119.506199, 81
1619715119.525912, 80
1619715119.542148, 81
1619715119.560371, 81
1619715119.582316, 82
1619715119.613756, 82
1619715119.632379, 81
1619715119.651200, 80
1619715119.671212, 80
1619715119.688569, 80
1619715119.704239, 81
1619715119.719238, 80
1619715119.737259, 80
1619715119.755296, 82
1619715119.772398, 82
1619715119.789805, 83
1619715119.804948, 81
1619715119.820796, 82
1619715119.836830, 82
1619715119.854896, 82
1619715119.870869, 81
1619715119.887513, 82
1619715119.904253, 82
1619715119.923738, 82
1619715119.944028, 83
1619715119.961676, 81
1619715119.980239, 82
1619715119.999560, 82
1619715120.019119, 81
1619715120.035621, 82
1619715120.052623, 82
1619715120.069177, 82
1619715120.091462, 83
1619715120.109092, 84
1619715120.125776, 83
1619715120.142531, 83
1619715120.163544, 83
1619715120.189091, 83
1619715120.211065, 83
1619715120.228836, 83
1619715120.249393, 83
1619715120.266729, 83
1619715120.284510, 82
1619715120.302074, 83
1619715120.319575, 82
1619715120.336301, 81
1619715120.355808, 81
1619715120.375371, 83
1619715120.394668, 82
1619715120.418884, 85
1619715120.436676, 84
1619715120.455237, 84
1619715120.472940, 84
1619715120.491907, 84
1619715120.512823, 84
1619715120.530241, 84
1619715120.548983, 85
1619715120.565580, 84
1619715120.582155, 84
1619715120.599855, 84
1619715120.616601, 83
1619715120.635963, 82
1619715120.655521, 83
1619715120.674954, 83
1619715120.696588, 84
1619715120.716336, 84
1619715120.736052, 84
1619715120.756660, 85
1619715120.784077, 85
1619715120.820672, 86
1619715120.841880, 85
1619715120.861286, 86
1619715120.881742, 86
1619715120.901682, 84
1619715120.922405, 84
1619715120.949362, 83
1619715120.967889, 83
1619715120.985438, 84
1619715121.004090, 85
1619715121.023310, 84
1619715121.041202, 85
1619715121.058673, 85
1619715121.078163, 85
1619715121.096885, 86
1619715121.114748, 85
1619715121.131753, 86
1619715121.148872, 85
1619715121.167214, 84
1619715121.183916, 85
1619715121.202465, 85
1619715121.222919, 85
1619715121.239564, 85
1619715121.258111, 85
1619715121.276650, 85
1619715121.295550, 84
1619715121.311942, 85
1619715121.334123, 85
1619715121.351775, 85
1619715121.369873, 84
1619715121.399015, 86
1619715121.418557, 86
1619715121.436132, 85
1619715121.452472, 86
1619715121.470351, 85
1619715121.487974, 86
1619715121.504910, 86
1619715121.522248, 85
1619715121.538927, 86
1619715121.555652, 86
1619715121.569525, 86
1619715121.582533, 87
1619715121.599189, 86
1619715121.614926, 85
1619715121.633510, 85
1619715121.647458, 84
1619715121.664272, 85
1619715121.682522, 86
1619715121.703024, 86
1619715121.720291, 86
1619715121.734370, 87
1619715121.748481, 88
1619715121.763384, 87
1619715121.778140, 86
1619715121.792785, 88
1619715121.806458, 87
1619715121.821766, 87
1619715121.835754, 88
1619715121.850228, 88
1619715121.864123, 88
1619715121.878225, 87
1619715121.892063, 86
1619715121.906729, 87
1619715121.920581, 88
1619715121.936642, 86
1619715121.950419, 86
1619715121.964348, 87
1619715121.977856, 85
1619715121.996998, 86
1619715122.010711, 86
1619715122.024661, 86
1619715122.038493, 86
1619715122.051455, 88
1619715122.065360, 87
1619715122.079275, 87
1619715122.092348, 87
1619715122.105934, 88
1619715122.122881, 87
1619715122.136877, 87
1619715122.151609, 88
1619715122.168393, 88
1619715122.182228, 88
1619715122.196136, 88
1619715122.209262, 88
1619715122.222539, 88
1619715122.236952, 88
1619715122.250844, 89
1619715122.264793, 87
1619715122.278619, 88
1619715122.295353, 87
1619715122.312257, 87
1619715122.332582, 87
1619715122.350104, 87
1619715122.368625, 86
1619715122.385328, 88
1619715122.401074, 88
1619715122.418644, 88
1619715122.436610, 89
1619715122.453871, 89
1619715122.474283, 88
1619715122.491903, 88
1619715122.511409, 89
1619715122.528125, 89
1619715122.546567, 88
1619715122.565377, 88
1619715122.593867, 87
1619715122.614367, 87
1619715122.631022, 87
1619715122.648717, 86
1619715122.665343, 86
1619715122.682973, 86
1619715122.699898, 86
1619715122.718085, 88
1619715122.736520, 89
1619715122.753371, 88
1619715122.770053, 88
1619715122.786752, 88
1619715122.804356, 88
1619715122.821972, 89
1619715122.839780, 88
1619715122.860191, 88
1619715122.876668, 87
1619715122.896224, 86
1619715122.915815, 86
1619715122.935639, 85
1619715122.954517, 86
1619715122.970298, 85
1619715122.988801, 77
1619715123.005623, 72
1619715123.023173, 63
1619715123.044827, 55
1619715123.063134, 50
1619715123.081586, 44
1619715123.100132, 42
1619715123.117706, 42
1619715123.137177, 41
1619715123.155690, 42
1619715123.174391, 41
1619715123.193035, 41
1619715123.225007, 42
1619715123.247132, 41
1619715123.267760, 41
1619715123.288862, 42
1619715123.311644, 43
1619715123.331448, 42
1619715123.353795, 43
1619715123.371393, 43
1619715123.389022, 42
1619715123.406673, 42
1619715123.427062, 43
1619715123.447390, 43
1619715123.465008, 43
1619715123.483610, 42
1619715123.503038, 42
1619715123.528038, 44
1619715123.544854, 43
1619715123.567459, 44
1619715123.587300, 44
1619715123.604735, 44
1619715123.623518, 43
1619715123.643061, 44
1619715123.661561, 43
1619715123.682048, 42
1619715123.704221, 43
1619715123.721798, 43
1619715123.739382, 44
1619715123.757022, 44
1619715123.774713, 44
1619715123.808124, 44
1619715123.829469, 45
1619715123.849782, 45
1619715123.868358, 44
1619715123.888794, 44
1619715123.904638, 42
1619715123.923891, 44
1619715123.945216, 43
1619715123.964699, 44
1619715123.983313, 45
1619715124.004625, 46
1619715124.020490, 46
1619715124.036286, 45
1619715124.055560, 46
1619715124.075956, 46
1619715124.094620, 45
1619715124.115854, 45
1619715124.134437, 44
1619715124.153998, 45
1619715124.172881, 45
1619715124.191914, 46
1619715124.210666, 45
1619715124.232392, 46
1619715124.252296, 47
1619715124.268872, 47
1619715124.286453, 45
1619715124.305995, 46
1619715124.323505, 48
1619715124.343026, 45
1619715124.361476, 46
1619715124.380305, 46
1619715124.406022, 44
1619715124.424591, 45
1619715124.441343, 47
1619715124.459719, 47
1619715124.481245, 47
1619715124.499744, 47
1619715124.519174, 47
1619715124.542355, 47
1619715124.560004, 48
1619715124.578897, 47
1619715124.602933, 47
1619715124.620484, 47
1619715124.639291, 47
1619715124.658092, 47
1619715124.674521, 47
1619715124.692377, 49
1619715124.712626, 50
1619715124.730102, 49
1619715124.748828, 48
1619715124.766372, 48
1619715124.789457, 49
1619715124.806171, 49
1619715124.821885, 47
1619715124.838629, 48
1619715124.857160, 48
1619715124.882322, 48
1619715124.900551, 48
1619715124.917899, 48
1619715124.940919, 50
1619715124.961416, 49
1619715124.982860, 48
1619715125.005440, 49
1619715125.035474, 50
1619715125.052263, 51
1619715125.075018, 48
1619715125.095985, 49
1619715125.115968, 48
1619715125.134291, 49
1619715125.151612, 49
1619715125.169757, 49
1619715125.189534, 50
1619715125.206760, 49
1619715125.225481, 50
1619715125.247982, 50
1619715125.266816, 52
1619715125.286673, 52
1619715125.304569, 50
1619715125.323187, 50
1619715125.344255, 51
1619715125.362661, 52
1619715125.379637, 50
1619715125.395273, 51
1619715125.413362, 49
1619715125.431549, 51
1619715125.452205, 51
1619715125.471376, 51
1619715125.490780, 53
1619715125.508925, 52
1619715125.524559, 50
1619715125.540304, 50
1619715125.556649, 50
1619715125.572577, 50
1619715125.588791, 49
1619715125.608973, 52
1619715125.626618, 50
1619715125.642250, 52
1619715125.659977, 51
1619715125.675113, 52
1619715125.690847, 52
1619715125.704847, 52
1619715125.720465, 52
1619715125.735216, 53
1619715125.751735, 51
1619715125.767359, 53
1619715125.782867, 53
1619715125.799844, 52
1619715125.814268, 51
1619715125.829919, 50
1619715125.846401, 51
1619715125.860573, 51
1619715125.876084, 51
1619715125.892646, 52
1619715125.908210, 52
1619715125.925481, 52
1619715125.943956, 52
1619715125.958892, 53
1619715125.975072, 53
1619715125.990389, 54
1619715126.007808, 52
1619715126.025208, 53
1619715126.042890, 54
1619715126.058013, 53
1619715126.073764, 53
1619715126.088512, 52
1619715126.104259, 53
1619715126.120784, 53
1619715126.140130, 53
1619715126.158426, 52
1619715126.174947, 53
1619715126.220366, 54
1619715126.240843, 55
1619715126.257330, 53
1619715126.274684, 54
1619715126.293215, 54
1619715126.312535, 54
1619715126.329893, 53
1619715126.348393, 55
1619715126.366560, 53
1619715126.383275, 53
1619715126.401433, 54
1619715126.421950, 54
1619715126.439914, 55
1619715126.461659, 54
1619715126.478138, 55
1619715126.496933, 53
1619715126.514202, 55
1619715126.532438, 56
1619715126.550967, 55
1619715126.567321, 54
1619715126.584248, 55
1619715126.602259, 54
1619715126.621168, 54
1619715126.638519, 55
1619715126.657382, 54
1619715126.677970, 53
1619715126.695269, 55
1619715126.714328, 55
1619715126.734824, 55
1619715126.752506, 55
1619715126.773502, 56
1619715126.800595, 58
1619715126.823370, 56
1619715126.847613, 57
1619715126.866291, 57
1619715126.885448, 56
1619715126.903574, 56
1619715126.921689, 57
1619715126.942304, 57
1619715126.960506, 58
1619715126.979344, 56
1619715126.998203, 56
1619715127.014779, 56
1619715127.033694, 56
1619715127.050907, 55
1619715127.068261, 57
1619715127.084033, 56
1619715127.105298, 56
1619715127.124333, 56
1619715127.141257, 56
1619715127.160459, 57
1619715127.177712, 56
1619715127.196127, 56
1619715127.213063, 58
1619715127.230436, 58
1619715127.249318, 59
1619715127.269162, 58
1619715127.287243, 58
1619715127.306812, 57
1619715127.323213, 57
1619715127.343398, 58
1619715127.359912, 57
1619715127.378032, 57
1619715127.399393, 57
1619715127.416918, 57
1619715127.440769, 57
1619715127.460571, 57
1619715127.476983, 58
1619715127.495066, 58
1619715127.513045, 59
1619715127.530660, 58
1619715127.546906, 59
1619715127.564285, 59
1619715127.581957, 59
1619715127.600435, 58
1619715127.619901, 59
1619715127.639956, 57
1619715127.658210, 56
1619715127.676278, 58
1619715127.695167, 58
1619715127.714170, 59
1619715127.731400, 59
1619715127.752015, 59
1619715127.772705, 58
1619715127.788946, 60
1619715127.807959, 60
1619715127.823607, 59
1619715127.842295, 60
1619715127.866813, 60
1619715127.886416, 58
1619715127.903973, 59
1619715127.921020, 58
1619715127.940438, 58
1619715127.957025, 58
1619715127.974560, 59
1619715127.990712, 60
1619715128.024303, 61
1619715128.045851, 60
1619715128.065183, 60
1619715128.085469, 60
1619715128.102991, 61
1619715128.123771, 61
1619715128.145397, 61
1619715128.164597, 61
1619715128.183866, 60
1619715128.204726, 61
1619715128.221028, 61
1619715128.238815, 60
1619715128.255476, 60
1619715128.272974, 60
1619715128.295984, 61
1619715128.313050, 62
1619715128.329466, 62
1619715128.346429, 60
1619715128.362809, 62
1619715128.382914, 62
1619715128.400238, 61
1619715128.415812, 62
1619715128.432721, 61
1619715128.449629, 61
1619715128.468296, 60
1619715128.486802, 62
1619715128.506921, 61
1619715128.526136, 62
1619715128.544081, 61
1619715128.565479, 63
1619715128.581821, 63
1619715128.610924, 63
1619715128.630839, 63
1619715128.646456, 63
1619715128.664338, 63
1619715128.681575, 62
1619715128.701734, 62
1619715128.720391, 61
1619715128.737306, 61
1619715128.754406, 61
1619715128.772205, 61
1619715128.788546, 61
1619715128.804249, 62
1619715128.821874, 62
1619715128.839721, 64
1619715128.857263, 63
1619715128.874568, 63
1619715128.892484, 64
1619715128.907291, 63
1619715128.923602, 63
1619715128.939466, 63
1619715128.953995, 63
1619715128.971155, 62
1619715128.986751, 64
1619715129.001521, 64
1619715129.017167, 62
1619715129.034412, 63
1619715129.048428, 63
1619715129.063796, 63
1619715129.079578, 63
1619715129.096937, 63
1619715129.113013, 64
1619715129.131491, 63
1619715129.152411, 64
1619715129.170114, 65
1619715129.192409, 64
1619715129.217070, 64
1619715129.241284, 64
1619715129.260941, 64
1619715129.276453, 63
1619715129.291980, 63
1619715129.313748, 64
1619715129.333305, 63
1619715129.356614, 64
1619715129.375856, 65
1619715129.393661, 65
1619715129.414241, 65
1619715129.432520, 66
1619715129.454614, 66
1619715129.470814, 67
1619715129.486450, 66
1619715129.501982, 65
1619715129.519152, 66
1619715129.537662, 65
1619715129.553928, 64
1619715129.572663, 64
1619715129.588236, 64
1619715129.604625, 64
1619715129.626003, 65
1619715129.641613, 65
1619715129.657913, 65
1619715129.674237, 65
1619715129.692159, 66
1619715129.707641, 66
1619715129.724865, 66
1619715129.743287, 66
1619715129.761829, 65
1619715129.781176, 66
1619715129.799837, 66
1619715129.833912, 65
1619715129.855451, 66
1619715129.872477, 65
1619715129.890205, 65
1619715129.907872, 65
1619715129.924916, 66
1619715129.945310, 65
1619715129.963721, 67
1619715129.980174, 66
1619715129.995135, 67
1619715130.013410, 66
1619715130.035140, 66
1619715130.052412, 69
1619715130.069596, 68
1619715130.087014, 67
1619715130.103329, 67
1619715130.122438, 66
1619715130.145656, 67
1619715130.164696, 67
1619715130.185673, 67
1619715130.209495, 67
1619715130.226519, 66
1619715130.243703, 67
1619715130.260616, 67
1619715130.277158, 68
1619715130.292625, 67
1619715130.311782, 68
1619715130.329337, 68
1619715130.347715, 67
1619715130.368239, 67
1619715130.385139, 67
1619715130.411854, 67
1619715130.427332, 67
1619715130.456736, 67
1619715130.473691, 65
1619715130.492153, 66
1619715130.508514, 67
1619715130.528186, 68
1619715130.551612, 68
1619715130.571788, 68
1619715130.589568, 68
1619715130.606480, 68
1619715130.626621, 68
1619715130.646667, 68
1619715130.665403, 69
1619715130.682707, 67
1619715130.699062, 67
1619715130.714735, 68
1619715130.731077, 67
1619715130.747400, 67
1619715130.763053, 67
1619715130.779391, 67
1619715130.794366, 67
1619715130.807620, 69
1619715130.824157, 67
1619715130.837934, 69
1619715130.853600, 69
1619715130.869973, 69
1619715130.885640, 69
1619715130.901300, 69
1619715130.917578, 69
1619715130.931894, 69
1619715130.948558, 69
1619715130.966779, 67
1619715130.981117, 68
1619715130.996079, 67
1619715131.011946, 67
1619715131.028149, 69
1619715131.041639, 68
1619715131.057767, 67
1619715131.073038, 69
1619715131.089387, 70
1619715131.104505, 69
1619715131.123373, 69
1619715131.141816, 70
1619715131.157475, 69
1619715131.173076, 69
1619715131.188139, 71
1619715131.203935, 70
1619715131.219382, 70
1619715131.235090, 69
1619715131.250766, 70
1619715131.267046, 69
1619715131.284151, 69
1619715131.298365, 70
1619715131.311865, 69
1619715131.325817, 70
1619715131.346042, 68
1619715131.359712, 69
1619715131.373981, 69
1619715131.393087, 70
1619715131.408866, 70
1619715131.424234, 71
1619715131.440174, 71
1619715131.455062, 72
1619715131.468643, 71
1619715131.481538, 71
1619715131.497216, 71
1619715131.510957, 71
1619715131.532521, 70
1619715131.553178, 69
1619715131.572849, 70
1619715131.592169, 69
1619715131.621986, 70
1619715131.639623, 71
1619715131.657277, 69
1619715131.673574, 71
1619715131.693341, 70
1619715131.708413, 72
1619715131.724679, 71
1619715131.742777, 70
1619715131.760757, 71
1619715131.777076, 72
1619715131.795495, 73
1619715131.812607, 72
1619715131.828820, 71
1619715131.846624, 71
1619715131.870140, 70
1619715131.889520, 70
1619715131.906054, 71
1619715131.925013, 70
1619715131.948134, 71
1619715131.965772, 72
1619715131.992409, 72
1619715132.008738, 72
1619715132.024946, 72
1619715132.045372, 73
1619715132.061908, 73
1619715132.082276, 73
1619715132.102665, 72
1619715132.122326, 72
1619715132.142106, 71
1619715132.162510, 71
1619715132.182931, 72
1619715132.202526, 71
1619715132.221532, 71
1619715132.244949, 72
1619715132.263570, 72
1619715132.282669, 72
1619715132.302163, 73
1619715132.317751, 73
1619715132.334122, 73
1619715132.351915, 74
1619715132.371273, 72
1619715132.388937, 73
1619715132.406609, 73
1619715132.426396, 73
1619715132.442107, 73
1619715132.459625, 72
1619715132.476808, 72
1619715132.493138, 71
1619715132.514993, 72
1619715132.532273, 74
1619715132.551121, 73
1619715132.571410, 74
1619715132.594571, 75
1619715132.614392, 75
1619715132.632121, 75
1619715132.652163, 74
1619715132.669317, 74
1619715132.684360, 76
1619715132.700591, 73
1619715132.717906, 73
1619715132.735910, 74
1619715132.751544, 74
1619715132.769530, 72
1619715132.785038, 74
1619715132.800527, 73
1619715132.819171, 73
1619715132.843558, 73
1619715132.863388, 74
1619715132.879752, 74
1619715132.895912, 75
1619715132.911718, 74
1619715132.928066, 75
1619715132.943719, 74
1619715132.960796, 75
1619715132.977795, 75
1619715132.993771, 75
1619715133.010440, 75
1619715133.029100, 74
1619715133.049270, 74
1619715133.067487, 74
1619715133.086565, 75
1619715133.104891, 74
1619715133.127364, 74
1619715133.145099, 75
1619715133.163486, 74
1619715133.182015, 74
1619715133.200129, 75
1619715133.216726, 75
1619715133.233522, 74
1619715133.251961, 75
1619715133.268406, 75
1619715133.284734, 75
1619715133.302329, 75
1619715133.320186, 76
1619715133.337092, 76
1619715133.354729, 74
1619715133.371186, 75
1619715133.389504, 75
1619715133.428995, 75
1619715133.454892, 74
1619715133.471255, 75
1619715133.488358, 76
1619715133.507500, 75
1619715133.525033, 77
1619715133.540716, 75
1619715133.556972, 76
1619715133.572681, 77
1619715133.590342, 76
1619715133.606724, 76
1619715133.625128, 77
1619715133.642122, 76
1619715133.659852, 76
1619715133.676247, 75
1619715133.694614, 75
1619715133.713691, 76
1619715133.730695, 76
1619715133.748412, 76
1619715133.766054, 76
1619715133.783101, 75
1619715133.804882, 76
1619715133.822587, 77
1619715133.840207, 77
1619715133.856686, 76
1619715133.872936, 78
1619715133.889351, 77
1619715133.908481, 76
1619715133.926043, 77
1619715133.947265, 75
1619715133.967570, 77
1619715133.985351, 76
1619715134.004732, 75
1619715134.035329, 76
1619715134.056230, 75
1619715134.076402, 77
1619715134.095633, 77
1619715134.113978, 77
1619715134.130307, 77
1619715134.147438, 79
1619715134.165079, 78
1619715134.180775, 77
1619715134.197741, 77
1619715134.214091, 78
1619715134.230474, 78
1619715134.246777, 77
1619715134.266773, 78
1619715134.283554, 78
1619715134.302230, 78
1619715134.321962, 77
1619715134.339374, 77
1619715134.358452, 77
1619715134.374808, 77
1619715134.391861, 77
1619715134.410065, 77
1619715134.429246, 79
1619715134.444928, 78
1619715134.463830, 80
1619715134.480438, 80
1619715134.498662, 80
1619715134.515079, 79
1619715134.533421, 81
1619715134.549763, 80
1619715134.568204, 80
1619715134.587080, 80
1619715134.604962, 77
1619715134.633517, 79
1619715134.655326, 77
1619715134.677172, 78
1619715134.694145, 79
1619715134.712448, 78
1619715134.731597, 79
1619715134.748164, 79
1619715134.769002, 79
1619715134.785350, 80
1619715134.801743, 80
1619715134.818034, 78
1619715134.835162, 80
1619715134.852278, 79
1619715134.869091, 79
1619715134.885480, 80
1619715134.905635, 79
1619715134.923016, 78
1619715134.942656, 78
1619715134.958987, 79
1619715134.975317, 79
1619715134.991666, 78
1619715135.008035, 78
1619715135.024474, 79
1619715135.041390, 79
1619715135.058532, 80
1619715135.076506, 81
1619715135.093802, 80
1619715135.112320, 80
1619715135.130614, 80
1619715135.147621, 79
1619715135.165315, 81
1619715135.182281, 80
1619715135.200113, 79
1619715135.230657, 79
1619715135.255292, 79
1619715135.272300, 79
1619715135.289369, 80
1619715135.306934, 79
1619715135.323948, 79
1619715135.340953, 80
1619715135.357161, 81
1619715135.374326, 81
1619715135.391421, 81
1619715135.409202, 81
1619715135.426145, 81
1619715135.444653, 80
1619715135.463565, 81
1619715135.480427, 81
1619715135.499516, 82
1619715135.517244, 82
1619715135.534886, 80
1619715135.555754, 80
1619715135.574717, 82
1619715135.594417, 81
1619715135.610766, 80
1619715135.629801, 80
1619715135.648557, 80
1619715135.667268, 82
1619715135.688124, 83
1619715135.706013, 81
1619715135.724078, 82
1619715135.741441, 82
1619715135.760558, 82
1619715135.776323, 81
1619715135.793185, 82
1619715135.814362, 81
1619715135.841548, 82
1619715135.867624, 80
1619715135.884834, 80
1619715135.901456, 82
1619715135.922609, 81
1619715135.944494, 82
1619715135.962844, 81
1619715135.981084, 81
1619715135.999555, 83
1619715136.017246, 82
1619715136.035629, 82
1619715136.051256, 82
1619715136.066968, 82
1619715136.083923, 81
1619715136.101640, 82
1619715136.120781, 83
1619715136.138448, 82
1619715136.156845, 81
1619715136.173854, 83
1619715136.191606, 82
1619715136.209958, 81
1619715136.226986, 82
1619715136.246038, 83
1619715136.261754, 82
1619715136.278760, 82
1619715136.296472, 82
1619715136.314204, 82
1619715136.332186, 84
1619715136.349478, 85
1619715136.367910, 85
1619715136.384439, 85
1619715136.401033, 85
1619715136.421991, 84
1619715136.451090, 84
1619715136.468678, 85
1619715136.487060, 84
1619715136.504120, 85
1619715136.521176, 83
1619715136.536725, 81
1619715136.554454, 83
1619715136.574270, 83
1619715136.595487, 83
1619715136.612449, 82
1619715136.628716, 82
1619715136.648672, 84
1619715136.665431, 84
1619715136.682129, 83
1619715136.698111, 84
1619715136.715195, 84
1619715136.733605, 84
1619715136.751910, 84
1619715136.769771, 85
1619715136.788051, 84
1619715136.805046, 85
1619715136.822061, 83
1619715136.839166, 82
1619715136.857739, 84
1619715136.876833, 84
1619715136.894673, 83
1619715136.912159, 83
1619715136.928479, 83
1619715136.944784, 84
1619715136.963136, 83
1619715136.979372, 83
1619715136.999254, 85
1619715137.026428, 83
1619715137.053644, 86
1619715137.071350, 84
1619715137.089094, 85
1619715137.108796, 85
1619715137.125801, 85
1619715137.144230, 85
1619715137.160036, 86
1619715137.177576, 84
1619715137.195965, 84
1619715137.213080, 85
1619715137.230695, 85
1619715137.250410, 85
1619715137.266119, 86
1619715137.282442, 85
1619715137.298148, 85
1619715137.315857, 85
1619715137.333509, 86
1619715137.349626, 85
1619715137.368313, 85
1619715137.386786, 85
1619715137.404684, 85
1619715137.422059, 86
1619715137.438341, 85
1619715137.454709, 85
1619715137.471049, 84
1619715137.488334, 85
1619715137.504463, 85
1619715137.523544, 84
1619715137.542573, 84
1619715137.559619, 85
1619715137.577299, 85
1619715137.603032, 85
1619715137.622973, 86
1619715137.665259, 87
1619715137.682788, 86
1619715137.701859, 84
1619715137.718972, 86
1619715137.735925, 86
1619715137.755649, 86
1619715137.772673, 86
1619715137.788475, 86
1619715137.806072, 86
1619715137.823850, 86
1619715137.842930, 86
1619715137.859437, 86
1619715137.877545, 86
1619715137.896618, 86
1619715137.913019, 86
1619715137.929292, 87
1619715137.946316, 86
1619715137.963310, 86
1619715137.979712, 87
1619715137.997428, 88
1619715138.016508, 86
1619715138.032176, 88
1619715138.048527, 88
1619715138.064149, 88
1619715138.081924, 88
1619715138.098173, 89
1619715138.113838, 88
1619715138.132421, 88
1619715138.150586, 88
1619715138.168516, 88
1619715138.186415, 86
1619715138.209190, 88
1619715138.263012, 86
1619715138.285967, 85
1619715138.310352, 87
1619715138.328088, 88
1619715138.344439, 88
1619715138.361619, 88
1619715138.380535, 88
1619715138.398897, 87
1619715138.418748, 88
1619715138.436995, 88
1619715138.457407, 86
1619715138.476858, 88
1619715138.499239, 88
1619715138.520167, 86
1619715138.535764, 88
1619715138.552211, 88
1619715138.570084, 87
1619715138.586149, 87
1619715138.603125, 88
1619715138.618795, 87
1619715138.635606, 87
1619715138.657007, 88
1619715138.675377, 87
1619715138.693534, 89
1619715138.710207, 89
1619715138.731181, 89
1619715138.749576, 88
1619715138.769324, 89
1619715138.787034, 89
1619715138.807472, 89
1619715138.826488, 88
1619715138.854512, 87
1619715138.879710, 88
1619715138.900803, 88
1619715138.918251, 87
1619715138.935819, 89
1619715138.956601, 89
1619715138.975084, 89
1619715138.994505, 89
1619715139.013759, 90
1619715139.031937, 89
1619715139.048761, 89
1619715139.066120, 89
1619715139.084203, 88
1619715139.101001, 89
1619715139.118193, 88
1619715139.134797, 87
1619715139.150974, 89
1619715139.167270, 88
1619715139.185983, 88
1619715139.205968, 88
1619715139.223430, 87
1619715139.242194, 88
1619715139.259599, 87
1619715139.277150, 88
1619715139.296442, 88
1619715139.315802, 88
1619715139.334678, 90
1619715139.352358, 89
1619715139.370453, 88
1619715139.390779, 88
1619715139.415195, 89
1619715139.440360, 87
1619715139.472828, 85
1619715139.508483, 75
1619715139.530278, 68
1619715139.547816, 60
1619715139.568539, 53
1619715139.585000, 46
1619715139.601857, 41
1619715139.618234, 41
1619715139.636363, 42
1619715139.656379, 42
1619715139.674974, 42
1619715139.692542, 43
1619715139.712348, 43
1619715139.730544, 43
1619715139.748472, 42
1619715139.765444, 43
1619715139.783085, 41
1619715139.799890, 42
1619715139.816149, 42
1619715139.832632, 42
1619715139.850866, 43
1619715139.871686, 43
1619715139.887833, 43
1619715139.904421, 44
1619715139.926052, 44
1619715139.947224, 42
1619715139.969352, 43
1619715139.989630, 43
1619715140.012102, 43
1619715140.029422, 43
1619715140.073113, 43
1619715140.098817, 42
1619715140.122092, 45
1619715140.141263, 45
1619715140.160219, 43
1619715140.184967, 44
1619715140.233955, 44
1619715140.254802, 44
1619715140.275065, 44
1619715140.297937, 43
1619715140.316503, 44
1619715140.342467, 44
1619715140.362380, 44
1619715140.386126, 45
1619715140.409799, 46
1619715140.432756, 45
1619715140.466603, 47
1619715140.486248, 44
1619715140.504296, 45
1619715140.524206, 45
1619715140.542971, 44
1619715140.559872, 45
1619715140.576131, 44
1619715140.595684, 44
1619715140.612968, 48
1619715140.633233, 47
1619715140.651598, 46
1619715140.675573, 47
1619715140.693509, 48
1619715140.710972, 46
1619715140.727246, 45
1619715140.745296, 46
1619715140.764831, 47
1619715140.784054, 46
1619715140.802116, 46
1619715140.819340, 45
1619715140.840374, 47
1619715140.857733, 45
1619715140.876485, 47
1619715140.892074, 48
1619715140.912873, 48
1619715140.930121, 47
1619715140.947154, 46
1619715140.968031, 47
1619715140.985728, 47
1619715141.002596, 47
1619715141.020418, 48
1619715141.038785, 47
1619715141.058886, 48
1619715141.078809, 47
1619715141.096414, 49
1619715141.114066, 48
1619715141.130597, 49
1619715141.152706, 48
1619715141.173076, 49
1619715141.190513, 47
1619715141.208677, 48
1619715141.226010, 47
1619715141.257984, 48
1619715141.276233, 47
1619715141.292367, 48
1619715141.307348, 47
1619715141.324348, 50
1619715141.341962, 49
1619715141.360660, 48
1619715141.377393, 49
1619715141.395633, 51
1619715141.412128, 50
1619715141.428477, 49
1619715141.446802, 48
1619715141.467372, 48
1619715141.488391, 49
1619715141.516685, 48
1619715141.537764, 49
1619715141.561571, 50
1619715141.583709, 50
1619715141.601885, 49
1619715141.624103, 51
1619715141.648279, 50
1619715141.673671, 51
1619715141.695835, 49
1619715141.719597, 49
1619715141.738292, 50
1619715141.755670, 49
1619715141.773155, 49
1619715141.789397, 49
1619715141.806410, 51
1619715141.827546, 53
1619715141.855634, 52
1619715141.873091, 51
1619715141.891387, 53
1619715141.908160, 51
1619715141.926018, 52
1619715141.945019, 51
1619715141.962383, 50
1619715141.985528, 50
1619715142.006034, 51
1619715142.024696, 50
1619715142.043606, 51
1619715142.060953, 51
1619715142.081768, 52
1619715142.100445, 51
1619715142.120335, 51
1619715142.139096, 51
1619715142.157949, 52
1619715142.179063, 51
1619715142.200490, 51
1619715142.224364, 52
1619715142.246406, 51
1619715142.268880, 51
1619715142.288623, 51
1619715142.307650, 52
1619715142.332395, 55
1619715142.352128, 53
1619715142.372852, 54
1619715142.390781, 54
1619715142.411356, 54
1619715142.431617, 53
1619715142.456606, 53
1619715142.480991, 53
1619715142.517933, 52
1619715142.539542, 51
1619715142.557648, 53
1619715142.575861, 52
1619715142.597572, 53
1619715142.615409, 53
1619715142.632141, 54
1619715142.652079, 55
1619715142.670339, 54
1619715142.687490, 54
1619715142.703148, 54
1619715142.720680, 54
1619715142.737455, 52
1619715142.752532, 53
1619715142.768563, 53
1619715142.785260, 54
1619715142.801017, 54
1619715142.816723, 55
1619715142.834931, 54
1619715142.848722, 54
1619715142.866052, 56
1619715142.884184, 54
1619715142.899319, 55
1619715142.914881, 54
1619715142.930980, 55
1619715142.946673, 55
1619715142.961500, 56
1619715142.977185, 54
1619715142.992398, 54
1619715143.008589, 55
1619715143.025191, 54
1619715143.047207, 54
1619715143.064930, 55
1619715143.083236, 55
1619715143.101377, 56
1619715143.116585, 55
1619715143.132675, 55
1619715143.155473, 57
1619715143.173741, 56
1619715143.190692, 55
1619715143.209663, 57
1619715143.227546, 57
1619715143.248378, 55
1619715143.268229, 57
1619715143.286190, 55
1619715143.307509, 55
1619715143.329332, 55
1619715143.346522, 54
1619715143.367285, 55
1619715143.388627, 57
1619715143.406885, 56
1619715143.426110, 56
1619715143.446263, 57
1619715143.466001, 57
1619715143.484830, 58
1619715143.503410, 56
1619715143.519711, 55
1619715143.540941, 55
1619715143.560256, 56
1619715143.577778, 56
1619715143.596785, 56
1619715143.617602, 57
1619715143.635576, 57
1619715143.665780, 58
1619715143.686410, 58
1619715143.703294, 57
1619715143.722058, 57
1619715143.740948, 59
1619715143.760715, 57
1619715143.781331, 58
1619715143.798244, 59
1619715143.814217, 58
1619715143.830328, 58
1619715143.845395, 58
1619715143.863410, 58
1619715143.881258, 59
1619715143.900475, 58
1619715143.921549, 58
1619715143.945185, 57
1619715143.963340, 60
1619715143.981535, 60
1619715144.000332, 58
1619715144.022699, 59
1619715144.039627, 58
1619715144.058259, 58
1619715144.077646, 59
1619715144.095342, 57
1619715144.112585, 57
1619715144.130715, 58
1619715144.148847, 59
1619715144.168313, 59
1619715144.183974, 59
1619715144.200691, 60
1619715144.216685, 59
1619715144.232791, 60
1619715144.252026, 59
1619715144.273466, 59
1619715144.290470, 61
1619715144.309270, 60
1619715144.328410, 59
1619715144.343315, 59
1619715144.362494, 58
1619715144.381150, 58
1619715144.396733, 59
1619715144.414212, 58
1619715144.432516, 59
1619715144.450507, 59
1619715144.467300, 60
1619715144.483635, 60
1619715144.501067, 60
1619715144.516891, 62
1619715144.533549, 61
1619715144.549808, 60
1619715144.565388, 59
1619715144.582290, 60
1619715144.598737, 60
1619715144.616033, 61
1619715144.636907, 61
1619715144.654682, 59
1619715144.672467, 60
1619715144.687810, 60
1619715144.703484, 60
1619715144.722778, 60
1619715144.741456, 61
1619715144.756816, 62
1619715144.776092, 61
1619715144.793553, 61
1619715144.808558, 62
1619715144.824242, 60
1619715144.842333, 60
1619715144.862888, 60
1619715144.885483, 60
1619715144.906062, 60
1619715144.928573, 60
1619715144.947255, 62
1619715144.969261, 61
1619715144.987247, 62
1619715145.005726, 62
1619715145.024992, 61
1619715145.047156, 63
1619715145.068984, 62
1619715145.088039, 62
1619715145.106099, 61
1619715145.126843, 62
1619715145.144417, 62
1619715145.164266, 61
1619715145.181674, 62
1619715145.202274, 61
1619715145.222653, 61
1619715145.242247, 64
1619715145.259712, 63
1619715145.277201, 64
1619715145.294323, 63
1619715145.310959, 63
1619715145.330350, 63
1619715145.347177, 63
1619715145.365309, 63
1619715145.382165, 61
1619715145.399646, 62
1619715145.417105, 62
1619715145.434065, 63
1619715145.454082, 62
1619715145.477903, 63
1619715145.495137, 62
1619715145.517047, 63
1619715145.535099, 63
1619715145.553870, 63
1619715145.571834, 64
1619715145.591362, 64
1619715145.609321, 64
1619715145.628271, 63
1619715145.644497, 64
1619715145.662725, 63
1619715145.685151, 63
1619715145.703251, 62
1619715145.719540, 63
1619715145.735705, 63
1619715145.750840, 62
1619715145.767607, 64
1619715145.790544, 65
1619715145.811799, 64
1619715145.831815, 64
1619715145.851257, 65
1619715145.870462, 65
1619715145.890499, 65
1619715145.912975, 64
1619715145.932986, 63
1619715145.955513, 64
1619715145.974828, 64
1619715145.992861, 63
1619715146.010256, 63
1619715146.027333, 65
1619715146.044684, 63
1619715146.083527, 65
1619715146.105867, 66
1619715146.123939, 66
1619715146.143361, 66
1619715146.162104, 67
1619715146.180223, 65
1619715146.195754, 64
1619715146.212729, 66
1619715146.229726, 65
1619715146.247498, 64
1619715146.265099, 65
1619715146.282294, 66
1619715146.298822, 65
1619715146.317648, 66
1619715146.334409, 66
1619715146.354319, 68
1619715146.373147, 68
1619715146.389593, 68
1619715146.408423, 67
1619715146.425458, 68
1619715146.442775, 67
1619715146.463999, 66
1619715146.481378, 65
1619715146.497474, 67
1619715146.513893, 65
1619715146.530192, 65
1619715146.546988, 65
1619715146.564454, 66
1619715146.581264, 66
1619715146.598810, 65
1619715146.619152, 67
1619715146.635993, 66
1619715146.652573, 66
1619715146.677507, 66
1619715146.695548, 67
1619715146.711846, 67
1619715146.728193, 67
1619715146.745632, 67
1619715146.763675, 68
1619715146.780575, 67
1619715146.797363, 67
1619715146.813599, 66
1619715146.830562, 66
1619715146.847991, 67
1619715146.867298, 66
1619715146.883904, 66
1619715146.901705, 67
1619715146.919364, 66
1619715146.940388, 68
1619715146.963093, 68
1619715146.984767, 68
1619715147.006716, 68
1619715147.026510, 68
1619715147.043336, 68
1619715147.059680, 68
1619715147.077710, 67
1619715147.095259, 67
1619715147.114578, 66
1619715147.132121, 68
1619715147.150813, 67
1619715147.168245, 68
1619715147.185744, 67
1619715147.203205, 69
1619715147.218542, 69
1619715147.238770, 68
1619715147.264519, 68
1619715147.297379, 69
1619715147.316348, 68
1619715147.334372, 70
1619715147.354110, 69
1619715147.371287, 69
1619715147.389334, 69
1619715147.406777, 70
1619715147.424532, 70
1619715147.441058, 69
1619715147.460294, 69
1619715147.478385, 69
1619715147.496642, 70
1619715147.516405, 68
1619715147.535400, 68
1619715147.552007, 69
1619715147.572671, 70
1619715147.595668, 68
1619715147.612588, 69
1619715147.630111, 69
1619715147.646343, 70
1619715147.663176, 69
1619715147.680796, 69
1619715147.696351, 69
1619715147.711925, 68
1619715147.729347, 69
1619715147.746226, 69
1619715147.764303, 70
1619715147.784119, 70
1619715147.801713, 69
1619715147.820273, 69
1619715147.837134, 71
1619715147.853968, 73
1619715147.884983, 71
1619715147.901458, 71
1619715147.917682, 71
1619715147.935834, 72
1619715147.953251, 70
1619715147.969936, 70
1619715147.987605, 71
1619715148.004521, 70
1619715148.023372, 71
1619715148.040709, 70
1619715148.058772, 71
1619715148.075954, 71
1619715148.096717, 71
1619715148.114142, 72
1619715148.135439, 71
1619715148.154696, 71
1619715148.174031, 71
1619715148.192278, 71
1619715148.209638, 72
1619715148.229623, 72
1619715148.248393, 71
1619715148.264710, 71
1619715148.280800, 70
1619715148.299488, 71
1619715148.318073, 71
1619715148.336793, 69
1619715148.353656, 69
1619715148.369861, 71
1619715148.388648, 72
1619715148.405765, 73
1619715148.422938, 72
1619715148.439227, 71
1619715148.455422, 73
1619715148.475632, 73
1619715148.497900, 73
1619715148.516582, 74
1619715148.534734, 73
1619715148.552858, 72
1619715148.572793, 73
1619715148.589762, 72
1619715148.608554, 73
1619715148.627476, 73
1619715148.645272, 73
1619715148.664060, 71
1619715148.684028, 72
1619715148.703930, 73
1619715148.720352, 73
1619715148.737858, 72
1619715148.756394, 72
1619715148.774583, 73
1619715148.792873, 72
1619715148.811408, 72
1619715148.828861, 73
1619715148.847034, 72
1619715148.863300, 72
1619715148.880174, 72
1619715148.897556, 71
1619715148.917581, 72
1619715148.938597, 72
1619715148.962524, 74
1619715148.987218, 72
1619715149.008176, 73
1619715149.029719, 74
1619715149.048695, 74
1619715149.084310, 73
1619715149.117444, 74
1619715149.137914, 75
1619715149.159015, 75
1619715149.180290, 75
1619715149.197062, 74
1619715149.214563, 75
1619715149.233460, 74
1619715149.251391, 74
1619715149.270715, 74
1619715149.291145, 76
1619715149.308812, 76
1619715149.328232, 75
1619715149.345701, 75
1619715149.364480, 75
1619715149.382039, 75
1619715149.399823, 75
1619715149.422520, 75
1619715149.442019, 74
1619715149.461222, 74
1619715149.477618, 74
1619715149.496394, 74
1619715149.520041, 73
1619715149.536748, 75
1619715149.554305, 74
1619715149.572427, 74
1619715149.592963, 76
1619715149.611028, 76
1619715149.630424, 75
1619715149.648024, 75
1619715149.672310, 75
1619715149.704792, 74
1619715149.723240, 75
1619715149.741024, 76
1619715149.758565, 74
1619715149.780946, 75
1619715149.799452, 75
1619715149.821102, 74
1619715149.838639, 74
1619715149.855973, 74
1619715149.873645, 75
1619715149.894515, 76
1619715149.911522, 76
1619715149.932272, 76
1619715149.955497, 77
1619715149.977791, 76
1619715149.994578, 76
1619715150.015575, 76
1619715150.033482, 75
1619715150.051468, 75
1619715150.069162, 75
1619715150.090609, 74
1619715150.112038, 73
1619715150.127885, 76
1619715150.149682, 77
1619715150.168562, 76
1619715150.184696, 75
1619715150.205861, 75
1619715150.223562, 77
1619715150.243576, 76
1619715150.271615, 77
1619715150.296558, 77
1619715150.314510, 77
1619715150.330566, 77
1619715150.348894, 76
1619715150.370392, 77
1619715150.389558, 76
1619715150.408756, 76
1619715150.427568, 75
1619715150.446801, 77
1619715150.466361, 77
1619715150.483380, 76
1619715150.500583, 76
1619715150.518046, 78
1619715150.538851, 78
1619715150.560087, 79
1619715150.578944, 79
1619715150.598469, 78
1619715150.616051, 79
1619715150.633947, 78
1619715150.650957, 77
1619715150.668992, 78
1619715150.687002, 78
1619715150.704988, 76
1619715150.721956, 77
1619715150.744147, 77
1619715150.764638, 77
1619715150.788075, 78
1619715150.805041, 77
1619715150.823963, 77
1619715150.847846, 79
1619715150.865166, 77
1619715150.896421, 79
1619715150.917725, 78
1619715150.935333, 79
1619715150.951995, 79
1619715150.968761, 78
1619715150.984710, 79
1619715151.002950, 79
1619715151.020481, 78
1619715151.039578, 76
1619715151.056397, 77
1619715151.074254, 77
1619715151.095311, 77
1619715151.112172, 78
1619715151.130470, 78
1619715151.151902, 80
1619715151.170221, 79
1619715151.190971, 79
1619715151.209938, 79
1619715151.228192, 80
1619715151.248984, 79
1619715151.267410, 79
1619715151.286404, 79
1619715151.304779, 81
1619715151.323015, 81
1619715151.341399, 80
1619715151.359748, 79
1619715151.377198, 80
1619715151.394695, 80
1619715151.411478, 79
1619715151.428351, 79
1619715151.447346, 79
1619715151.463615, 81
1619715151.489732, 80
1619715151.506970, 79
1619715151.524523, 79
1619715151.541222, 80
1619715151.559309, 80
1619715151.577839, 81
1619715151.598975, 81
1619715151.616906, 80
1619715151.635159, 80
1619715151.652885, 79
1619715151.673475, 80
1619715151.693379, 79
1619715151.712504, 78
1619715151.728381, 79
1619715151.747497, 81
1619715151.768333, 80
1619715151.792090, 80
1619715151.812162, 81
1619715151.830526, 80
1619715151.849850, 81
1619715151.868532, 81
1619715151.888587, 81
1619715151.906708, 80
1619715151.926810, 81
1619715151.947756, 82
1619715151.963251, 81
1619715151.978988, 81
1619715151.997300, 79
1619715152.024917, 80
1619715152.043022, 79
1619715152.063577, 80
1619715152.099547, 80
1619715152.121107, 80
1619715152.137709, 82
1619715152.158452, 83
1619715152.176804, 82
1619715152.193711, 82
1619715152.209344, 82
1619715152.225994, 81
1619715152.242846, 81
1619715152.260473, 82
1619715152.276998, 81
1619715152.292966, 80
1619715152.313492, 82
1619715152.332081, 80
1619715152.352805, 81
1619715152.371089, 81
1619715152.390972, 80
1619715152.409178, 81
1619715152.428482, 81
1619715152.445901, 83
1619715152.462641, 82
1619715152.482553, 82
1619715152.498511, 82
1619715152.516241, 82
1619715152.538303, 82
1619715152.556535, 83
1619715152.573289, 82
1619715152.591638, 84
1619715152.608328, 82
1619715152.630666, 82
1619715152.648268, 82
1619715152.669147, 81
1619715152.688833, 82
1619715152.710334, 82
1619715152.731076, 83
1619715152.750109, 83
1619715152.767806, 83
1619715152.785055, 84
1619715152.803105, 82
1619715152.820282, 82
1619715152.840978, 83
1619715152.860865, 83
1619715152.880987, 83
1619715152.899462, 83
1619715152.916795, 83
1619715152.934291, 83
1619715152.952394, 81
1619715152.973927, 82
1619715152.994734, 82
1619715153.011370, 83
1619715153.028102, 83
1619715153.045462, 82
1619715153.062976, 83
1619715153.084185, 83
1619715153.102096, 83
1619715153.119605, 85
1619715153.136250, 85
1619715153.152218, 84
1619715153.168791, 85
1619715153.185454, 84
1619715153.201285, 84
1619715153.218688, 84
1619715153.236395, 84
1619715153.256680, 83
1619715153.277693, 83
1619715153.299569, 84
1619715153.319290, 84
1619715153.336697, 83
1619715153.353031, 84
161971515