1619716969.703161, 0
1619716969.735810, 0
1619716969.753658, 0
1619716969.771771, 6
1619716969.791674, 0
1619716969.809622, 4
1619716969.827682, 7
1619716969.844396, 14
1619716969.862632, 18
1619716969.880118, 22
1619716969.898805, 27
1619716969.920816, 38
1619716969.959023, 44
1619716969.976114, 48
1619716969.994859, 49
1619716970.011874, 50
1619716970.028879, 49
1619716970.047135, 49
1619716970.062940, 49
1619716970.079832, 49
1619716970.097096, 49
1619716970.113904, 49
1619716970.131620, 50
1619716970.148979, 49
1619716970.165131, 48
1619716970.181991, 50
1619716970.199052, 48
1619716970.219418, 49
1619716970.235973, 49
1619716970.253067, 49
1619716970.270042, 49
1619716970.288028, 48
1619716970.305335, 50
1619716970.324201, 49
1619716970.346093, 49
1619716970.366172, 49
1619716970.388933, 49
1619716970.409825, 49
1619716970.428335, 46
1619716970.446182, 49
1619716970.463262, 49
1619716970.483241, 48
1619716970.502626, 49
1619716970.521753, 49
1619716970.558431, 49
1619716970.582244, 49
1619716970.599262, 50
1619716970.620338, 49
1619716970.636348, 50
1619716970.653259, 49
1619716970.672268, 45
1619716970.691301, 46
1619716970.714335, 46
1619716970.732296, 46
1619716970.750263, 46
1619716970.768494, 45
1619716970.785346, 46
1619716970.806445, 50
1619716970.825371, 45
1619716970.843381, 42
1619716970.861485, 40
1619716970.880524, 35
1619716970.899895, 33
1619716970.917452, 34
1619716970.935202, 33
1619716970.951979, 31
1619716970.967936, 29
1619716970.984704, 24
1619716971.003169, 19
1619716971.021801, 16
1619716971.040460, 14
1619716971.059665, 14
1619716971.078980, 14
1619716971.096634, 14
1619716971.115665, 14
1619716971.151640, 15
1619716971.174278, 15
1619716971.194182, 16
1619716971.211580, 15
1619716971.230305, 15
1619716971.250497, 16
1619716971.267875, 15
1619716971.283654, 14
1619716971.299147, 16
1619716971.317492, 15
1619716971.340857, 17
1619716971.358295, 17
1619716971.374485, 16
1619716971.392534, 18
1619716971.409948, 18
1619716971.426153, 16
1619716971.444132, 17
1619716971.461074, 17
1619716971.477856, 17
1619716971.493745, 18
1619716971.511466, 18
1619716971.527967, 20
1619716971.544993, 19
1619716971.566213, 19
1619716971.582871, 19
1619716971.600641, 19
1619716971.617317, 21
1619716971.636736, 22
1619716971.654606, 22
1619716971.673902, 22
1619716971.691629, 20
1619716971.714530, 18
1619716971.735804, 20
1619716971.756375, 19
1619716971.775673, 20
1619716971.791556, 20
1619716971.809284, 20
1619716971.826042, 21
1619716971.849365, 21
1619716971.866954, 22
1619716971.885124, 20
1619716971.901985, 21
1619716971.918914, 21
1619716971.935717, 21
1619716971.953164, 22
1619716971.971466, 21
1619716971.988709, 21
1619716972.007984, 22
1619716972.026687, 23
1619716972.044312, 24
1619716972.064186, 23
1619716972.082726, 21
1619716972.100213, 23
1619716972.118287, 23
1619716972.135449, 22
1619716972.152077, 23
1619716972.168377, 24
1619716972.185594, 26
1619716972.205657, 26
1619716972.225568, 24
1619716972.241885, 25
1619716972.258777, 24
1619716972.281747, 24
1619716972.299775, 24
1619716972.320768, 25
1619716972.348562, 24
1619716972.396206, 27
1619716972.414690, 26
1619716972.432281, 27
1619716972.450818, 25
1619716972.468245, 24
1619716972.486270, 26
1619716972.502690, 25
1619716972.548706, 25
1619716972.564777, 25
1619716972.580482, 25
1619716972.596773, 26
1619716972.614302, 27
1619716972.631739, 27
1619716972.647976, 26
1619716972.663926, 25
1619716972.681234, 26
1619716972.699336, 26
1619716972.717979, 27
1619716972.735385, 27
1619716972.751681, 27
1619716972.772230, 28
1619716972.789623, 28
1619716972.805386, 28
1619716972.822812, 28
1619716972.840913, 27
1619716972.857883, 27
1619716972.874389, 27
1619716972.891218, 27
1619716972.908167, 28
1619716972.928172, 27
1619716972.949352, 29
1619716972.974137, 29
1619716972.991416, 30
1619716973.008333, 30
1619716973.024808, 30
1619716973.041268, 29
1619716973.060305, 29
1619716973.077066, 29
1619716973.096196, 28
1619716973.114038, 30
1619716973.131360, 29
1619716973.149154, 30
1619716973.166295, 30
1619716973.182986, 30
1619716973.200932, 30
1619716973.218849, 31
1619716973.235940, 30
1619716973.254900, 29
1619716973.272275, 29
1619716973.290184, 30
1619716973.307432, 31
1619716973.323476, 31
1619716973.340639, 31
1619716973.369994, 33
1619716973.388558, 33
1619716973.407362, 33
1619716973.423655, 32
1619716973.440678, 32
1619716973.457388, 31
1619716973.476443, 32
1619716973.493192, 33
1619716973.510157, 33
1619716973.527563, 31
1619716973.563506, 33
1619716973.584161, 34
1619716973.599873, 35
1619716973.616180, 33
1619716973.634016, 33
1619716973.651978, 32
1619716973.670668, 33
1619716973.687839, 33
1619716973.703052, 32
1619716973.718851, 33
1619716973.738417, 34
1619716973.757006, 35
1619716973.779175, 34
1619716973.795472, 35
1619716973.811752, 35
1619716973.828647, 35
1619716973.846451, 35
1619716973.864511, 34
1619716973.882911, 34
1619716973.900788, 34
1619716973.918136, 34
1619716973.937569, 35
1619716973.954003, 34
1619716973.972539, 35
1619716973.992278, 35
1619716974.008929, 35
1619716974.028096, 35
1619716974.045357, 37
1619716974.065467, 36
1619716974.081733, 35
1619716974.098871, 34
1619716974.116605, 33
1619716974.138412, 36
1619716974.167943, 35
1619716974.183679, 36
1619716974.202479, 37
1619716974.220517, 36
1619716974.236725, 37
1619716974.253115, 36
1619716974.269424, 35
1619716974.290041, 36
1619716974.309665, 35
1619716974.327050, 34
1619716974.344479, 37
1619716974.364033, 35
1619716974.381371, 36
1619716974.400939, 37
1619716974.418709, 37
1619716974.435327, 37
1619716974.452184, 38
1619716974.469604, 37
1619716974.486841, 37
1619716974.503695, 36
1619716974.522090, 37
1619716974.538629, 36
1619716974.554986, 37
1619716974.571226, 37
1619716974.588190, 37
1619716974.605478, 38
1619716974.623380, 38
1619716974.640341, 38
1619716974.657648, 39
1619716974.673981, 37
1619716974.692551, 38
1619716974.709331, 37
1619716974.727292, 37
1619716974.752292, 39
1619716974.773533, 38
1619716974.791451, 39
1619716974.810555, 38
1619716974.829698, 37
1619716974.846345, 39
1619716974.863782, 39
1619716974.881734, 39
1619716974.898009, 40
1619716974.913543, 40
1619716974.930032, 40
1619716974.946557, 39
1619716974.963615, 41
1619716974.980318, 39
1619716974.997147, 39
1619716975.014809, 40
1619716975.032412, 40
1619716975.050528, 38
1619716975.073053, 40
1619716975.089065, 40
1619716975.104612, 41
1619716975.122823, 40
1619716975.141577, 42
1619716975.162606, 40
1619716975.180226, 40
1619716975.198131, 41
1619716975.216171, 40
1619716975.232659, 41
1619716975.250590, 42
1619716975.268341, 41
1619716975.293090, 41
1619716975.312726, 43
1619716975.332151, 41
1619716975.351080, 42
1619716975.378168, 41
1619716975.397092, 40
1619716975.415393, 40
1619716975.432184, 42
1619716975.452302, 41
1619716975.470914, 42
1619716975.488137, 40
1619716975.505998, 41
1619716975.523620, 42
1619716975.540301, 42
1619716975.556328, 42
1619716975.574466, 42
1619716975.591828, 42
1619716975.609297, 41
1619716975.625862, 42
1619716975.647229, 41
1619716975.664450, 43
1619716975.682162, 43
1619716975.698281, 43
1619716975.715241, 44
1619716975.732357, 44
1619716975.751212, 45
1619716975.769738, 44
1619716975.787795, 44
1619716975.803214, 44
1619716975.820725, 44
1619716975.838232, 44
1619716975.857413, 43
1619716975.873768, 42
1619716975.889210, 44
1619716975.905847, 43
1619716975.922214, 42
1619716975.940387, 44
1619716975.981224, 46
1619716976.002249, 44
1619716976.021765, 45
1619716976.040400, 45
1619716976.062232, 44
1619716976.077880, 43
1619716976.093809, 43
1619716976.116373, 43
1619716976.133257, 44
1619716976.151766, 44
1619716976.168742, 44
1619716976.187803, 44
1619716976.204847, 44
1619716976.222262, 45
1619716976.239775, 46
1619716976.257795, 45
1619716976.275809, 46
1619716976.296296, 45
1619716976.316543, 45
1619716976.335801, 45
1619716976.355832, 44
1619716976.376429, 44
1619716976.395797, 45
1619716976.415305, 45
1619716976.432375, 44
1619716976.454860, 45
1619716976.471336, 46
1619716976.489306, 47
1619716976.509821, 48
1619716976.527398, 47
1619716976.561225, 46
1619716976.588527, 46
1619716976.606321, 45
1619716976.626597, 45
1619716976.643415, 46
1619716976.660871, 46
1619716976.678325, 46
1619716976.696854, 48
1619716976.712706, 47
1619716976.732504, 47
1619716976.747957, 47
1619716976.764848, 47
1619716976.781414, 47
1619716976.800432, 48
1619716976.819365, 47
1619716976.838873, 47
1619716976.854875, 46
1619716976.876920, 48
1619716976.900505, 46
1619716976.917919, 45
1619716976.934396, 48
1619716976.953383, 48
1619716976.972507, 48
1619716976.991141, 48
1619716977.012466, 49
1619716977.029507, 49
1619716977.048514, 48
1619716977.065877, 48
1619716977.082982, 49
1619716977.100542, 48
1619716977.116907, 47
1619716977.133311, 48
1619716977.162133, 48
1619716977.183916, 50
1619716977.206523, 49
1619716977.223458, 49
1619716977.240962, 50
1619716977.258048, 49
1619716977.275482, 48
1619716977.294973, 50
1619716977.311502, 48
1619716977.334079, 48
1619716977.356026, 48
1619716977.372938, 49
1619716977.389969, 49
1619716977.406980, 49
1619716977.424967, 48
1619716977.443633, 50
1619716977.460585, 50
1619716977.477481, 49
1619716977.494498, 49
1619716977.512987, 49
1619716977.530991, 48
1619716977.548490, 48
1619716977.565020, 49
1619716977.584135, 48
1619716977.601519, 48
1619716977.617647, 48
1619716977.633531, 48
1619716977.654027, 48
1619716977.670017, 43
1619716977.687013, 34
1619716977.705632, 27
1619716977.723648, 20
1619716977.741531, 22
1619716977.763694, 21
1619716977.785588, 21
1619716977.806919, 22
1619716977.825528, 22
1619716977.853455, 24
1619716977.871045, 24
1619716977.889079, 25
1619716977.906068, 22
1619716977.926712, 23
1619716977.944263, 22
1619716977.963631, 23
1619716977.981066, 23
1619716978.003604, 23
1619716978.019605, 24
1619716978.034661, 25
1619716978.054909, 24
1619716978.073445, 23
1619716978.092287, 24
1619716978.108165, 24
1619716978.123657, 23
1619716978.140244, 25
1619716978.158657, 26
1619716978.176244, 25
1619716978.192676, 26
1619716978.210123, 26
1619716978.226118, 25
1619716978.247228, 26
1619716978.263159, 26
1619716978.283199, 25
1619716978.304652, 25
1619716978.324886, 26
1619716978.344361, 25
1619716978.391342, 27
1619716978.410655, 28
1619716978.429159, 27
1619716978.448203, 27
1619716978.464294, 25
1619716978.483169, 26
1619716978.500612, 27
1619716978.519663, 27
1619716978.536649, 26
1619716978.554453, 27
1619716978.575147, 28
1619716978.593732, 29
1619716978.610685, 28
1619716978.628278, 28
1619716978.645358, 28
1619716978.661727, 28
1619716978.678655, 29
1619716978.695228, 27
1619716978.713247, 26
1619716978.729679, 29
1619716978.746279, 28
1619716978.764296, 28
1619716978.783499, 29
1619716978.800312, 29
1619716978.817202, 30
1619716978.833276, 30
1619716978.853483, 29
1619716978.870817, 29
1619716978.888315, 27
1619716978.910782, 29
1619716978.927952, 29
1619716978.945231, 29
1619716978.973265, 31
1619716978.996287, 31
1619716979.014822, 31
1619716979.031255, 30
1619716979.049254, 30
1619716979.066243, 31
1619716979.082873, 30
1619716979.099789, 31
1619716979.117941, 30
1619716979.134276, 30
1619716979.151316, 31
1619716979.170628, 33
1619716979.187785, 32
1619716979.205466, 31
1619716979.222784, 32
1619716979.239783, 32
1619716979.256408, 31
1619716979.276804, 31
1619716979.299306, 31
1619716979.316906, 32
1619716979.334334, 31
1619716979.353373, 32
1619716979.371609, 33
1619716979.391209, 32
1619716979.408934, 33
1619716979.424437, 31
1619716979.441446, 33
1619716979.460899, 32
1619716979.479234, 32
1619716979.495349, 33
1619716979.512406, 32
1619716979.528822, 34
1619716979.545843, 33
1619716979.565984, 32
1619716979.590867, 33
1619716979.608414, 34
1619716979.624876, 34
1619716979.641883, 35
1619716979.659313, 35
1619716979.679932, 34
1619716979.702010, 33
1619716979.719852, 33
1619716979.737419, 33
1619716979.755434, 33
1619716979.772538, 35
1619716979.797895, 35
1619716979.818453, 35
1619716979.835431, 36
1619716979.851403, 34
1619716979.868588, 35
1619716979.886356, 35
1619716979.907083, 34
1619716979.924972, 34
1619716979.940537, 35
1619716979.957455, 35
1619716979.973975, 36
1619716979.994193, 36
1619716980.015989, 35
1619716980.035436, 38
1619716980.055444, 36
1619716980.073929, 37
1619716980.091005, 35
1619716980.109469, 36
1619716980.125812, 35
1619716980.141934, 36
1619716980.173029, 36
1619716980.191473, 36
1619716980.210980, 36
1619716980.227995, 37
1619716980.247493, 36
1619716980.264110, 37
1619716980.282177, 38
1619716980.299482, 36
1619716980.318037, 36
1619716980.336598, 37
1619716980.356101, 38
1619716980.375713, 37
1619716980.394623, 37
1619716980.416591, 36
1619716980.436574, 38
1619716980.456529, 39
1619716980.473924, 39
1619716980.490511, 39
1619716980.508098, 39
1619716980.526091, 38
1619716980.544526, 40
1619716980.563084, 38
1619716980.579526, 38
1619716980.596539, 38
1619716980.613538, 38
1619716980.631082, 38
1619716980.653588, 39
1619716980.671928, 40
1619716980.689044, 40
1619716980.707438, 39
1619716980.725079, 40
1619716980.744288, 39
1619716980.764320, 39
1619716980.787102, 40
1619716980.807074, 39
1619716980.825082, 38
1619716980.843662, 39
1619716980.862086, 40
1619716980.886705, 40
1619716980.904175, 40
1619716980.922128, 41
1619716980.942583, 40
1619716980.958702, 40
1619716980.974083, 41
1619716980.990261, 40
1619716981.006753, 39
1619716981.027117, 40
1619716981.044763, 40
1619716981.063106, 40
1619716981.080246, 41
1619716981.102741, 41
1619716981.120600, 41
1619716981.138635, 41
1619716981.155724, 41
1619716981.174643, 41
1619716981.196307, 42
1619716981.213690, 41
1619716981.231683, 42
1619716981.248659, 41
1619716981.266177, 41
1619716981.284678, 42
1619716981.305658, 41
1619716981.329700, 41
1619716981.349139, 43
1619716981.378669, 43
1619716981.406166, 44
1619716981.426765, 43
1619716981.444343, 41
1619716981.461793, 40
1619716981.478011, 42
1619716981.497208, 43
1619716981.514335, 42
1619716981.532275, 41
1619716981.549461, 43
1619716981.567182, 43
1619716981.586756, 45
1619716981.603208, 44
1619716981.620285, 43
1619716981.640678, 44
1619716981.658232, 43
1619716981.674792, 43
1619716981.691246, 42
1619716981.708895, 43
1619716981.725253, 43
1619716981.743238, 42
1619716981.763091, 42
1619716981.780733, 44
1619716981.798239, 45
1619716981.814816, 45
1619716981.830285, 45
1619716981.848378, 44
1619716981.865406, 44
1619716981.884588, 44
1619716981.901329, 44
1619716981.918262, 44
1619716981.939284, 44
1619716981.962285, 44
1619716981.985787, 44
1619716982.004769, 44
1619716982.023287, 45
1619716982.039943, 46
1619716982.059008, 45
1619716982.075858, 44
1619716982.092779, 45
1619716982.110796, 45
1619716982.128342, 44
1619716982.147373, 45
1619716982.165411, 45
1619716982.182395, 45
1619716982.201813, 45
1619716982.218405, 45
1619716982.235872, 45
1619716982.256413, 45
1619716982.275861, 47
1619716982.295356, 47
1619716982.312848, 47
1619716982.331854, 47
1619716982.354180, 45
1619716982.372362, 45
1619716982.391931, 46
1619716982.410532, 46
1619716982.433873, 47
1619716982.451388, 48
1619716982.467870, 47
1619716982.484749, 48
1619716982.502380, 49
1619716982.522439, 49
1619716982.539422, 48
1619716982.569918, 49
1619716982.596559, 47
1619716982.612891, 47
1619716982.630429, 48
1619716982.651000, 47
1619716982.669515, 47
1619716982.687405, 47
1619716982.707389, 46
1619716982.724907, 48
1619716982.744044, 49
1619716982.762743, 49
1619716982.780668, 49
1619716982.801467, 49
1619716982.818523, 49
1619716982.834466, 48
1619716982.850499, 48
1619716982.866479, 49
1619716982.882950, 47
1619716982.899956, 48
1619716982.916953, 48
1619716982.935967, 48
1619716982.958989, 49
1619716982.975956, 49
1619716982.992957, 50
1619716983.013473, 50
1619716983.029989, 49
1619716983.045991, 48
1619716983.062499, 49
1619716983.079497, 48
1619716983.097477, 47
1619716983.115058, 47
1619716983.131798, 47
1619716983.148683, 47
1619716983.183574, 49
1619716983.204547, 49
1619716983.222523, 50
1619716983.239556, 49
1619716983.256589, 49
1619716983.273006, 50
1619716983.292327, 50
1619716983.311727, 48
1619716983.334184, 42
1619716983.354067, 40
1619716983.373087, 40
1619716983.392783, 40
1619716983.410527, 39
1619716983.428523, 33
1619716983.444520, 26
1619716983.463042, 21
1619716983.480644, 23
1619716983.498598, 23
1619716983.516237, 21
1619716983.534036, 22
1619716983.554574, 22
1619716983.572146, 22
1619716983.590009, 22
1619716983.612152, 22
1619716983.630664, 24
1619716983.648880, 24
1619716983.668178, 24
1619716983.684107, 23
1619716983.701104, 24
1619716983.717587, 23
1619716983.733579, 23
1619716983.750113, 23
1619716983.775642, 24
1619716983.793131, 23
1619716983.816419, 24
1619716983.833693, 25
1619716983.851598, 26
1619716983.870603, 24
1619716983.887179, 26
1619716983.904208, 25
1619716983.923857, 25
1619716983.942130, 24
1619716983.964404, 25
1619716983.981753, 25
1619716984.002341, 26
1619716984.020226, 26
1619716984.036602, 26
1619716984.056320, 26
1619716984.074693, 25
1619716984.092329, 25
1619716984.109687, 26
1619716984.126173, 27
1619716984.142744, 27
1619716984.164346, 26
1619716984.181172, 29
1619716984.198201, 29
1619716984.215668, 29
1619716984.232714, 29
1619716984.250447, 27
1619716984.267795, 27
1619716984.289325, 27
1619716984.306721, 28
1619716984.325587, 26
1619716984.346300, 27
1619716984.391927, 29
1619716984.452351, 28
1619716984.476332, 28
1619716984.500487, 28
1619716984.521837, 28
1619716984.540580, 29
1619716984.559315, 30
1619716984.575224, 29
1619716984.590764, 29
1619716984.610624, 30
1619716984.626721, 30
1619716984.641748, 31
1619716984.657541, 31
1619716984.674227, 29
1619716984.691236, 30
1619716984.706806, 30
1619716984.724348, 31
1619716984.740814, 30
1619716984.756736, 29
1619716984.774258, 30
1619716984.792399, 31
1619716984.808937, 32
1619716984.826344, 31
1619716984.844431, 32
1619716984.859897, 32
1619716984.875839, 30
1619716984.893910, 31
1619716984.911278, 30
1619716984.929245, 31
1619716984.948159, 32
1619716984.983476, 31
1619716985.010317, 33
1619716985.028381, 32
1619716985.047902, 33
1619716985.065624, 33
1619716985.083102, 32
1619716985.104468, 33
1619716985.121343, 32
1619716985.138834, 32
1619716985.159364, 32
1619716985.178849, 32
1619716985.199387, 32
1619716985.219895, 33
1619716985.237850, 33
1619716985.254830, 34
1619716985.271480, 34
1619716985.288891, 32
1619716985.306450, 33
1619716985.323500, 33
1619716985.350432, 32
1619716985.373968, 34
1619716985.402749, 31
1619716985.451602, 35
1619716985.511238, 33
1619716985.536942, 32
1619716985.555622, 33
1619716985.580587, 34
1619716985.598418, 35
1619716985.614943, 34
1619716985.631042, 35
1619716985.647993, 36
1619716985.664450, 34
1619716985.681044, 35
1619716985.698179, 36
1619716985.713567, 37
1619716985.729771, 36
1619716985.747428, 35
1619716985.774546, 36
1619716985.799450, 36
1619716985.821537, 35
1619716985.842948, 36
1619716985.864647, 36
1619716985.885096, 37
1619716985.901975, 37
1619716985.920016, 37
1619716985.938003, 36
1619716985.959563, 35
1619716985.982218, 36
1619716986.004633, 36
1619716986.027080, 36
1619716986.048596, 36
1619716986.064767, 37
1619716986.088615, 38
1619716986.108012, 38
1619716986.128184, 37
1619716986.147892, 39
1619716986.166513, 37
1619716986.191536, 38
1619716986.216785, 37
1619716986.235114, 37
1619716986.252596, 39
1619716986.269235, 39
1619716986.287042, 38
1619716986.312662, 39
1619716986.330721, 40
1619716986.350065, 38
1619716986.370581, 39
1619716986.387647, 39
1619716986.403563, 37
1619716986.420127, 38
1619716986.436345, 39
1619716986.454177, 38
1619716986.470564, 38
1619716986.488225, 38
1619716986.506663, 39
1619716986.529784, 41
1619716986.548677, 40
1619716986.566204, 40
1619716986.584142, 40
1619716986.599634, 40
1619716986.616638, 39
1619716986.633481, 39
1619716986.650632, 41
1619716986.667590, 40
1619716986.684669, 40
1619716986.701138, 41
1619716986.717739, 41
1619716986.737099, 41
1619716986.757191, 41
1619716986.778835, 40
1619716986.801911, 40
1619716986.819601, 40
1619716986.836639, 40
1619716986.854172, 40
1619716986.873228, 40
1619716986.891238, 41
1619716986.913242, 40
1619716986.932270, 41
1619716986.950123, 41
1619716986.976472, 41
1619716986.994957, 41
1619716987.012342, 42
1619716987.030743, 41
1619716987.047215, 42
1619716987.066737, 42
1619716987.083633, 42
1619716987.104713, 42
1619716987.121814, 42
1619716987.138364, 42
1619716987.156315, 42
1619716987.174985, 43
1619716987.194041, 45
1619716987.212310, 44
1619716987.230037, 45
1619716987.250947, 44
1619716987.267351, 43
1619716987.288197, 42
1619716987.311260, 42
1619716987.332999, 43
1619716987.355783, 43
1619716987.450838, 44
1619716987.500340, 43
1619716987.526774, 43
1619716987.547569, 44
1619716987.566360, 43
1619716987.585748, 43
1619716987.610737, 44
1619716987.629877, 44
1619716987.649131, 44
1619716987.669099, 44
1619716987.688910, 44
1619716987.706647, 45
1619716987.725183, 45
1619716987.741777, 45
1619716987.760497, 45
1619716987.786538, 44
1619716987.804466, 45
1619716987.822369, 44
1619716987.838828, 45
1619716987.854223, 45
1619716987.870468, 45
1619716987.889306, 44
1619716987.907614, 45
1619716987.924118, 46
1619716987.939982, 45
1619716987.956261, 46
1619716987.973590, 45
1619716988.013367, 46
1619716988.032041, 46
1619716988.048370, 45
1619716988.064157, 45
1619716988.084310, 46
1619716988.100457, 46
1619716988.116136, 45
1619716988.131288, 46
1619716988.146376, 46
1619716988.162530, 45
1619716988.177184, 45
1619716988.192440, 47
1619716988.208734, 47
1619716988.226730, 47
1619716988.242014, 47
1619716988.255604, 47
1619716988.269644, 47
1619716988.287142, 46
1619716988.304506, 47
1619716988.320524, 47
1619716988.337365, 47
1619716988.355870, 47
1619716988.372017, 46
1619716988.388026, 46
1619716988.402691, 46
1619716988.419217, 48
1619716988.432392, 48
1619716988.449263, 47
1619716988.464013, 48
1619716988.479384, 47
1619716988.494028, 48
1619716988.510890, 48
1619716988.529128, 47
1619716988.548271, 47
1619716988.566154, 46
1619716988.587363, 47
1619716988.613222, 48
1619716988.636614, 48
1619716988.656275, 48
1619716988.676900, 49
1619716988.696831, 50
1619716988.715608, 49
1619716988.736423, 49
1619716988.754468, 48
1619716988.774506, 49
1619716988.794834, 48
1619716988.812829, 48
1619716988.830089, 48
1619716988.848360, 47
1619716988.865322, 47
1619716988.882879, 50
1619716988.899707, 49
1619716988.919967, 49
1619716988.938532, 49
1619716988.959713, 48
1619716988.979429, 45
1619716988.997507, 36
1619716989.020525, 29
1619716989.039904, 23
1619716989.059999, 21
1619716989.079500, 21
1619716989.100603, 22
1619716989.120405, 22
1619716989.140296, 23
1619716989.158313, 22
1619716989.179443, 22
1619716989.211847, 23
1619716989.230931, 22
1619716989.250827, 22
1619716989.268866, 23
1619716989.288635, 22
1619716989.309883, 23
1619716989.329904, 23
1619716989.349013, 22
1619716989.366975, 24
1619716989.385125, 22
1619716989.405250, 23
1619716989.427102, 22
1619716989.446998, 23
1619716989.466267, 23
1619716989.487299, 25
1619716989.510535, 25
1619716989.529237, 23
1619716989.549278, 22
1619716989.567420, 24
1619716989.586492, 25
1619716989.606087, 25
1619716989.624954, 24
1619716989.645368, 24
1619716989.663275, 23
1619716989.687329, 26
1619716989.707415, 26
1619716989.727610, 26
1619716989.746069, 25
1619716989.764187, 25
1619716989.782111, 24
1619716989.821038, 26
1619716989.845028, 26
1619716989.862094, 25
1619716989.883190, 27
1619716989.899618, 27
1619716989.916212, 27
1619716989.933387, 28
1619716989.950660, 28
1619716989.970083, 26
1619716989.989836, 27
1619716990.008900, 28
1619716990.027416, 26
1619716990.046332, 28
1619716990.066163, 28
1619716990.087250, 28
1619716990.107011, 28
1619716990.124252, 28
1619716990.143284, 28
1619716990.163533, 28
1619716990.182638, 28
1619716990.200930, 28
1619716990.218074, 29
1619716990.237310, 30
1619716990.254639, 30
1619716990.276786, 31
1619716990.302790, 28
1619716990.370206, 24
1619716990.425171, 30
1619716990.461641, 30
1619716990.506774, 29
1619716990.529255, 31
1619716990.556600, 30
1619716990.578408, 31
1619716990.597473, 30
1619716990.614867, 30
1619716990.630407, 31
1619716990.646138, 31
1619716990.662557, 30
1619716990.679635, 30
1619716990.698577, 29
1619716990.715935, 33
1619716990.736200, 33
1619716990.752810, 32
1619716990.769340, 31
1619716990.785677, 33
1619716990.802093, 32
1619716990.819616, 32
1619716990.836753, 31
1619716990.853107, 32
1619716990.872754, 32
1619716990.890867, 32
1619716990.908946, 33
1619716990.931973, 34
1619716990.948427, 33
1619716990.964640, 33
1619716990.982809, 33
1619716991.003261, 32
1619716991.019194, 33
1619716991.051434, 33
1619716991.075591, 34
1619716991.094669, 33
1619716991.114583, 33
1619716991.134220, 33
1619716991.150658, 34
1619716991.168241, 34
1619716991.184134, 35
1619716991.200666, 34
1619716991.216399, 35
1619716991.234348, 34
1619716991.250831, 34
1619716991.267817, 35
1619716991.284433, 34
1619716991.302509, 33
1619716991.318828, 34
1619716991.334527, 34
1619716991.352701, 36
1619716991.372556, 35
1619716991.391280, 35
1619716991.409403, 36
1619716991.428450, 36
1619716991.446646, 36
1619716991.466023, 36
1619716991.482697, 35
1619716991.500057, 36
1619716991.517286, 35
1619716991.533866, 34
1619716991.550227, 35
1619716991.568450, 37
1619716991.586403, 36
1619716991.603693, 38
1619716991.622727, 36
1619716991.653434, 36
1619716991.675187, 36
1619716991.695139, 36
1619716991.713079, 36
1619716991.731977, 36
1619716991.752606, 37
1619716991.768406, 37
1619716991.787688, 38
1619716991.808628, 38
1619716991.824948, 37
1619716991.841544, 38
1619716991.860941, 38
1619716991.879947, 37
1619716991.897738, 37
1619716991.916043, 37
1619716991.934071, 37
1619716991.950522, 37
1619716991.967784, 39
1619716991.985047, 39
1619716992.004107, 39
1619716992.022127, 40
1619716992.039389, 38
1619716992.058209, 39
1619716992.078101, 37
1619716992.094597, 37
1619716992.114594, 39
1619716992.134962, 37
1619716992.152176, 38
1619716992.167896, 38
1619716992.184294, 39
1619716992.199839, 39
1619716992.216335, 40
1619716992.244088, 40
1619716992.262453, 39
1619716992.279720, 40
1619716992.302607, 39
1619716992.320741, 40
1619716992.342044, 41
1619716992.361762, 40
1619716992.383137, 39
1619716992.400532, 39
1619716992.417697, 40
1619716992.436619, 41
1619716992.454448, 41
1619716992.474356, 41
1619716992.494866, 40
1619716992.514548, 40
1619716992.531653, 41
1619716992.548482, 40
1619716992.566672, 40
1619716992.583828, 41
1619716992.601017, 41
1619716992.618123, 40
1619716992.633672, 41
1619716992.650963, 42
1619716992.666713, 43
1619716992.684833, 42
1619716992.702855, 42
1619716992.720126, 42
1619716992.736671, 41
1619716992.753917, 41
1619716992.773703, 41
1619716992.794866, 41
1619716992.812240, 41
1619716992.840107, 40
1619716992.865518, 41
1619716992.881652, 43
1619716992.898751, 43
1619716992.914833, 43
1619716992.932583, 44
1619716992.949387, 43
1619716992.966834, 42
1619716992.983811, 44
1619716993.003594, 42
1619716993.019620, 42
1619716993.036617, 42
1619716993.054244, 42
1619716993.072846, 42
1619716993.090481, 43
1619716993.114067, 44
1619716993.132488, 43
1619716993.149346, 44
1619716993.165390, 45
1619716993.182252, 44
1619716993.199755, 43
1619716993.216382, 45
1619716993.234677, 44
1619716993.253214, 43
1619716993.273253, 45
1619716993.294318, 44
1619716993.313534, 42
1619716993.333657, 43
1619716993.350641, 46
1619716993.368267, 45
1619716993.388779, 45
1619716993.409504, 45
1619716993.431600, 43
1619716993.456498, 44
1619716993.478855, 44
1619716993.498592, 45
1619716993.515554, 44
1619716993.532420, 44
1619716993.549200, 46
1619716993.570025, 46
1619716993.587255, 46
1619716993.609722, 46
1619716993.629331, 46
1619716993.647448, 45
1619716993.665013, 45
1619716993.681334, 44
1619716993.701250, 45
1619716993.719869, 46
1619716993.736827, 45
1619716993.753687, 45
1619716993.772724, 46
1619716993.790360, 47
1619716993.812229, 47
1619716993.832264, 47
1619716993.851688, 48
1619716993.872588, 48
1619716993.894516, 47
1619716993.917291, 45
1619716993.940181, 46
1619716993.961135, 46
1619716993.980550, 45
1619716994.015593, 47
1619716994.048149, 49
1619716994.070239, 49
1619716994.090510, 49
1619716994.111650, 47
1619716994.156455, 48
1619716994.174960, 47
1619716994.203988, 45
1619716994.225695, 48
1619716994.245638, 47
1619716994.265212, 47
1619716994.281937, 48
1619716994.304545, 47
1619716994.327102, 49
1619716994.344426, 49
1619716994.366888, 49
1619716994.383781, 49
1619716994.401571, 49
1619716994.420135, 48
1619716994.440843, 48
1619716994.460345, 48
1619716994.482892, 48
1619716994.499879, 48
1619716994.517541, 49
1619716994.537757, 47
1619716994.555559, 49
1619716994.574865, 49
1619716994.594275, 48
1619716994.612415, 48
1619716994.630845, 48
1619716994.652896, 49
1619716994.670075, 48
1619716994.689465, 48
1619716994.706320, 48
1619716994.724132, 48
1619716994.741218, 48
1619716994.758969, 48
1619716994.777748, 48
1619716994.794371, 49
1619716994.814566, 48
1619716994.832614, 39
1619716994.850958, 32
1619716994.869689, 24
1619716994.888387, 21
1619716994.905784, 22
1619716994.923026, 21
1619716994.940203, 21
1619716994.958388, 21
1619716994.974619, 22
1619716994.995598, 22
1619716995.012229, 23
1619716995.029310, 24
1619716995.045191, 23
1619716995.062061, 23
1619716995.079403, 22
1619716995.096692, 22
1619716995.113346, 23
1619716995.132251, 23
1619716995.148788, 23
1619716995.165708, 23
1619716995.181721, 25
1619716995.197543, 24
1619716995.214200, 24
1619716995.230661, 24
1619716995.255330, 24
1619716995.277087, 24
1619716995.296294, 24
1619716995.314871, 24
1619716995.333648, 25
1619716995.351071, 24
1619716995.371151, 25
1619716995.388510, 26
1619716995.407159, 25
1619716995.427360, 25
1619716995.445444, 25
1619716995.461979, 25
1619716995.480865, 25
1619716995.508346, 26
1619716995.526677, 27
1619716995.558603, 27
1619716995.582255, 28
1619716995.600190, 26
1619716995.623974, 27
1619716995.645220, 27
1619716995.666252, 27
1619716995.686133, 26
1619716995.703868, 26
1619716995.722749, 28
1619716995.745332, 28
1619716995.765751, 28
1619716995.789562, 27
1619716995.812027, 29
1619716995.832005, 28
1619716995.852482, 27
1619716995.883013, 28
1619716995.906024, 29
1619716995.925891, 29
1619716995.946762, 30
1619716995.977097, 30
1619716996.005999, 29
1619716996.027937, 27
1619716996.053008, 28
1619716996.076346, 29
1619716996.098015, 30
1619716996.115836, 30
1619716996.133927, 30
1619716996.150731, 31
1619716996.166462, 32
1619716996.182727, 31
1619716996.198421, 29
1619716996.215804, 29
1619716996.236916, 29
1619716996.253885, 30
1619716996.271874, 30
1619716996.292852, 29
1619716996.310924, 30
1619716996.330710, 32
1619716996.350056, 30
1619716996.366736, 32
1619716996.384713, 31
1619716996.400924, 30
1619716996.417862, 30
1619716996.434723, 29
1619716996.473676, 31
1619716996.492517, 30
1619716996.511356, 31
1619716996.528334, 32
1619716996.544853, 32
1619716996.561290, 32
1619716996.577539, 33
1619716996.594529, 33
1619716996.611351, 32
1619716996.632582, 32
1619716996.650995, 31
1619716996.669997, 32
1619716996.689586, 31
1619716996.709792, 34
1619716996.732682, 34
1619716996.748818, 34
1619716996.765758, 34
1619716996.781907, 35
1619716996.800344, 35
1619716996.818605, 34
1619716996.841132, 34
1619716996.861078, 34
1619716996.881482, 35
1619716996.899385, 34
1619716996.916438, 35
1619716996.932567, 34
1619716996.950783, 35
1619716996.966977, 34
1619716996.982300, 35
1619716996.998119, 34
1619716997.016818, 36
1619716997.037468, 34
1619716997.061680, 34
1619716997.079700, 34
1619716997.097662, 35
1619716997.114866, 35
1619716997.131064, 36
1619716997.147221, 35
1619716997.167950, 34
1619716997.184596, 36
1619716997.200743, 36
1619716997.216381, 35
1619716997.232489, 36
1619716997.250067, 35
1619716997.267630, 35
1619716997.288743, 35
1619716997.307685, 36
1619716997.325741, 36
1619716997.343949, 35
1619716997.361725, 36
1619716997.382648, 36
1619716997.399198, 37
1619716997.415903, 37
1619716997.433974, 37
1619716997.449858, 37
1619716997.465730, 37
1619716997.483817, 37
1619716997.501384, 37
1619716997.518280, 37
1619716997.534450, 37
1619716997.551454, 37
1619716997.568670, 36
1619716997.590038, 38
1619716997.609963, 39
1619716997.629531, 38
1619716997.651742, 39
1619716997.680602, 38
1619716997.717395, 37
1619716997.734122, 37
1619716997.751129, 37
1619716997.767872, 36
1619716997.783768, 37
1619716997.800678, 40
1619716997.819850, 40
1619716997.837469, 38
1619716997.856250, 38
1619716997.873795, 39
1619716997.891406, 38
1619716997.910478, 39
1619716997.929985, 39
1619716997.951037, 38
1619716997.967194, 39
1619716997.983440, 39
1619716998.044209, 41
1619716998.066189, 42
1619716998.087985, 41
1619716998.106697, 43
1619716998.125710, 43
1619716998.142574, 40
1619716998.162110, 39
1619716998.179787, 40
1619716998.196540, 39
1619716998.212135, 39
1619716998.228376, 40
1619716998.245150, 40
1619716998.275415, 41
1619716998.293604, 41
1619716998.310889, 42
1619716998.328280, 42
1619716998.346504, 42
1619716998.363328, 41
1619716998.379469, 41
1619716998.396461, 40
1619716998.413823, 41
1619716998.433087, 41
1619716998.450421, 40
1619716998.465926, 39
1619716998.481857, 40
1619716998.503350, 42
1619716998.521001, 42
1619716998.540044, 42
1619716998.558995, 43
1619716998.577645, 42
1619716998.596513, 41
1619716998.612521, 42
1619716998.629727, 41
1619716998.647266, 42
1619716998.664297, 42
1619716998.681633, 41
1619716998.698129, 43
1619716998.720597, 43
1619716998.737491, 44
1619716998.756452, 44
1619716998.774042, 45
1619716998.793836, 43
1619716998.811398, 42
1619716998.836190, 43
1619716998.862073, 44
1619716998.883687, 43
1619716998.899902, 43
1619716998.916520, 43
1619716998.932332, 44
1619716998.949369, 43
1619716998.964782, 43
1619716998.981631, 44
1619716998.999568, 44
1619716999.016425, 44
1619716999.031939, 45
1619716999.048256, 43
1619716999.064041, 43
1619716999.081915, 44
1619716999.099034, 43
1619716999.116988, 44
1619716999.133729, 44
1619716999.149658, 43
1619716999.166743, 44
1619716999.190660, 45
1619716999.211479, 46
1619716999.227805, 44
1619716999.244986, 45
1619716999.261693, 45
1619716999.278564, 45
1619716999.294964, 45
1619716999.313809, 44
1619716999.330701, 45
1619716999.348924, 45
1619716999.367934, 45
1619716999.384890, 46
1619716999.401827, 45
1619716999.420630, 46
1619716999.439015, 46
1619716999.458019, 46
1619716999.488352, 46
1619716999.507380, 46
1619716999.525699, 45
1619716999.544989, 45
1619716999.565723, 46
1619716999.581906, 46
1619716999.597579, 47
1619716999.613572, 46
1619716999.632705, 46
1619716999.650309, 46
1619716999.668566, 48
1619716999.684857, 46
1619716999.703019, 46
1619716999.722020, 47
1619716999.741779, 47
1619716999.760981, 48
1619716999.779067, 47
1619716999.799500, 46
1619716999.816342, 48
1619716999.832529, 47
1619716999.850121, 47
1619716999.870123, 47
1619716999.887877, 47
1619716999.908446, 49
1619716999.927065, 48
1619716999.944274, 49
1619716999.962270, 48
1619716999.980767, 49
1619716999.998547, 49
1619717000.019012, 47
1619717000.035812, 47
1619717000.064423, 48
1619717000.086034, 48
1619717000.102516, 48
1619717000.118417, 49
1619717000.134321, 47
1619717000.157459, 50
1619717000.181308, 49
1619717000.197835, 50
1619717000.213189, 49
1619717000.229591, 50
1619717000.247517, 49
1619717000.264056, 48
1619717000.279915, 47
1619717000.296509, 48
1619717000.314333, 47
1619717000.332766, 48
1619717000.349369, 47
1619717000.366546, 48
1619717000.383137, 47
1619717000.404413, 49
1619717000.425033, 49
1619717000.443703, 49
1619717000.464382, 50
1619717000.481766, 49
1619717000.500222, 49
1619717000.519126, 42
1619717000.542015, 33
1619717000.560402, 26
1619717000.579796, 20
1619717000.596640, 21
1619717000.614442, 22
1619717000.631659, 22
1619717000.665915, 23
1619717000.684617, 23
1619717000.701742, 24
1619717000.719673, 22
1619717000.738785, 24
1619717000.759402, 23
1619717000.780472, 24
1619717000.797734, 22
1619717000.814901, 23
1619717000.834138, 24
1619717000.851883, 24
1619717000.869765, 25
1619717000.889312, 24
1619717000.909332, 23
1619717000.930011, 25
1619717000.946310, 24
1619717000.962451, 24
1619717000.979811, 24
1619717000.996375, 24
1619717001.013993, 25
1619717001.031271, 26
1619717001.048394, 26
1619717001.066098, 25
1619717001.082649, 24
1619717001.100012, 26
1619717001.120815, 26
1619717001.139449, 25
1619717001.158245, 24
1619717001.178046, 26
1619717001.196557, 26
1619717001.218141, 27
1619717001.234666, 26
1619717001.262633, 26
1619717001.295017, 26
1619717001.315516, 26
1619717001.333361, 26
1619717001.353242, 27
1619717001.370412, 27
1619717001.388401, 27
1619717001.406216, 28
1619717001.424180, 29
1619717001.444068, 29
1619717001.463144, 27
1619717001.480455, 27
1619717001.498039, 27
1619717001.514699, 27
1619717001.531121, 28
1619717001.547598, 28
1619717001.564727, 28
1619717001.581601, 28
1619717001.603163, 28
1619717001.620964, 29
1619717001.641576, 29
1619717001.662004, 28
1619717001.679173, 28
1619717001.697754, 30
1619717001.714291, 29
1619717001.732125, 28
1619717001.748595, 29
1619717001.764489, 29
1619717001.780982, 30
1619717001.798865, 30
1619717001.814800, 30
1619717001.831350, 30
1619717001.849318, 29
1619717001.877308, 29
1619717001.899534, 31
1619717001.918002, 30
1619717001.936556, 30
1619717001.953066, 31
1619717001.970293, 31
1619717001.988725, 32
1619717002.007714, 33
1619717002.027710, 32
1619717002.044811, 31
1619717002.064505, 31
1619717002.083051, 29
1619717002.099563, 31
1619717002.117463, 30
1619717002.136775, 31
1619717002.156197, 32
1619717002.174138, 31
1619717002.192982, 32
1619717002.210207, 35
1619717002.229918, 35
1619717002.247455, 34
1619717002.267061, 33
1619717002.286250, 31
1619717002.306734, 32
1619717002.329286, 32
1619717002.346491, 32
1619717002.365667, 32
1619717002.382819, 31
1619717002.405317, 33
1619717002.424445, 33
1619717002.445517, 34
1619717002.483218, 33
1619717002.500424, 32
1619717002.518204, 33
1619717002.535942, 34
1619717002.553879, 34
1619717002.571461, 34
1619717002.588648, 33
1619717002.607835, 35
1619717002.629008, 35
1619717002.644972, 34
1619717002.661432, 35
1619717002.678602, 36
1619717002.694511, 34
1619717002.711159, 35
1619717002.729931, 35
1619717002.748539, 34
1619717002.765078, 35
1619717002.780507, 35
1619717002.796847, 35
1619717002.812737, 35
1619717002.831843, 35
1619717002.848672, 36
1619717002.865838, 36
1619717002.881950, 37
1619717002.898581, 36
1619717002.915761, 35
1619717002.932402, 35
1619717002.949449, 36
1619717002.965906, 37
1619717002.983251, 37
1619717003.001752, 37
1619717003.022038, 38
1619717003.041149, 37
1619717003.060822, 37
1619717003.080577, 36
1619717003.097368, 38
1619717003.115253, 38
1619717003.131416, 37
1619717003.149728, 36
1619717003.167555, 38
1619717003.185891, 37
1619717003.203497, 38
1619717003.219722, 35
1619717003.238930, 37
1619717003.256115, 38
1619717003.275327, 39
1619717003.293888, 38
1619717003.325044, 39
1619717003.344115, 38
1619717003.362487, 37
1619717003.382094, 38
1619717003.399639, 38
1619717003.416372, 36
1619717003.432772, 37
1619717003.448671, 37
1619717003.465853, 40
1619717003.482422, 40
1619717003.498988, 40
1619717003.516340, 39
1619717003.532518, 39
1619717003.550354, 37
1619717003.568489, 38
1619717003.585471, 38
1619717003.601950, 40
1619717003.618563, 39
1619717003.637052, 40
1619717003.654260, 39
1619717003.683378, 39
1619717003.704468, 40
1619717003.723571, 41
1619717003.742878, 40
1619717003.760070, 40
1619717003.779210, 40
1619717003.797696, 39
1619717003.814195, 40
1619717003.830106, 40
1619717003.846733, 40
1619717003.863149, 40
1619717003.881022, 40
1619717003.898711, 41
1619717003.919990, 42
1619717003.937284, 41
1619717003.953793, 40
1619717003.971034, 41
1619717003.990199, 41
1619717004.011306, 40
1619717004.032104, 40
1619717004.051550, 41
1619717004.070082, 42
1619717004.086603, 41
1619717004.103848, 41
1619717004.122486, 42
1619717004.143273, 42
1619717004.163276, 42
1619717004.180424, 42
1619717004.197497, 42
1619717004.213901, 43
1619717004.230003, 42
1619717004.248482, 41
1619717004.270929, 42
1619717004.294676, 42
1619717004.315141, 43
1619717004.334413, 41
1619717004.350666, 42
1619717004.371446, 44
1619717004.391337, 44
1619717004.411114, 43
1619717004.431059, 43
1619717004.450137, 43
1619717004.467011, 43
1619717004.484273, 43
1619717004.500773, 42
1619717004.517322, 43
1619717004.534563, 44
1619717004.553058, 43
1619717004.572362, 43
1619717004.590192, 44
1619717004.608052, 45
1619717004.625950, 45
1619717004.646897, 45
1619717004.663591, 45
1619717004.679440, 45
1619717004.696814, 44
1619717004.718488, 44
1619717004.734092, 43
1619717004.751179, 44
1619717004.767119, 44
1619717004.784394, 45
1619717004.800676, 43
1619717004.817491, 45
1619717004.834094, 45
1619717004.853483, 45
1619717004.892081, 45
1619717004.913253, 45
1619717004.929365, 45
1619717004.945694, 44
1619717004.964298, 44
1619717004.981505, 46
1619717004.997462, 45
1619717005.014491, 45
1619717005.031104, 44
1619717005.048797, 47
1619717005.066712, 46
1619717005.083249, 45
1619717005.100619, 47
1619717005.119197, 46
1619717005.135637, 46
1619717005.152222, 47
1619717005.169294, 45
1619717005.188692, 44
1619717005.207152, 46
1619717005.225035, 45
1619717005.243789, 47
1619717005.262249, 45
1619717005.282069, 46
1619717005.299331, 47
1619717005.315858, 47
1619717005.332412, 47
1619717005.350055, 48
1619717005.366630, 49
1619717005.383268, 48
1619717005.401822, 46
1619717005.419702, 48
1619717005.436372, 46
1619717005.456265, 46
1619717005.481893, 46
1619717005.507469, 46
1619717005.526711, 48
1619717005.543903, 49
1619717005.562456, 49
1619717005.580339, 48
1619717005.597498, 49
1619717005.616579, 48
1619717005.633702, 50
1619717005.651528, 48
1619717005.669379, 47
1619717005.688755, 46
1619717005.707149, 48
1619717005.727117, 48
1619717005.745874, 48
1619717005.764233, 50
1619717005.791219, 50
1619717005.810958, 49
1619717005.831438, 48
1619717005.852432, 48
1619717005.874195, 49
1619717005.898699, 49
1619717005.919917, 48
1619717005.937155, 47
1619717005.953725, 49
1619717005.970264, 48
1619717005.992701, 50
1619717006.011962, 50
1619717006.029172, 48
1619717006.045765, 49
1619717006.062362, 48
1619717006.080267, 49
1619717006.098470, 50
1619717006.115334, 49
1619717006.131240, 50
1619717006.149125, 49
1619717006.166910, 49
1619717006.187443, 48
1619717006.204767, 48
1619717006.220695, 48
1619717006.240470, 48
1619717006.258953, 49
1619717006.276806, 50
1619717006.293438, 49
1619717006.310764, 49
1619717006.330466, 48
1619717006.348206, 48
1619717006.364814, 48
1619717006.386756, 48
1619717006.407874, 48
1619717006.427674, 40
1619717006.455447, 40
1619717006.477529, 41
1619717006.496858, 41
1619717006.514103, 34
1619717006.531224, 25
1619717006.550457, 21
1619717006.568308, 22
1619717006.584154, 22
1619717006.601120, 21
1619717006.617732, 22
1619717006.637013, 23
1619717006.656120, 22
1619717006.692034, 23
1619717006.715831, 23
1619717006.732476, 23
1619717006.749574, 23
1619717006.768323, 23
1619717006.787354, 23
1619717006.804595, 25
1619717006.822422, 24
1619717006.840363, 23
1619717006.860479, 24
1619717006.878828, 25
1619717006.896736, 24
1619717006.913910, 25
1619717006.933122, 23
1619717006.949654, 26
1619717006.966244, 26
1619717006.983547, 25
1619717007.001960, 26
1619717007.022445, 24
1619717007.041010, 26
1619717007.061459, 26
1619717007.081068, 25
1619717007.098592, 25
1619717007.116480, 26
1619717007.132921, 27
1619717007.149489, 25
1619717007.166020, 26
1619717007.183428, 26
1619717007.200612, 26
1619717007.218666, 26
1619717007.235282, 28
1619717007.252482, 26
1619717007.270442, 26
1619717007.302703, 27
1619717007.325625, 28
1619717007.343122, 27
1619717007.360480, 28
1619717007.378304, 28
1619717007.395575, 28
1619717007.413273, 27
1619717007.432592, 27
1619717007.453587, 26
1619717007.473420, 28
1619717007.492916, 29
1619717007.512581, 29
1619717007.529608, 28
1619717007.546190, 27
1619717007.562836, 29
1619717007.580572, 30
1619717007.600486, 29
1619717007.617583, 29
1619717007.634484, 28
1619717007.650959, 28
1619717007.666823, 30
1619717007.683431, 30
1619717007.700619, 30
1619717007.720142, 29
1619717007.738700, 30
1619717007.756922, 29
1619717007.776764, 31
1619717007.794687, 30
1619717007.812582, 29
1619717007.829749, 31
1619717007.847802, 30
1619717007.864441, 30
1619717007.884001, 31
1619717007.910080, 31
1619717007.930698, 30
1619717007.947124, 32
1619717007.965651, 31
1619717007.982061, 30
1619717007.998582, 31
1619717008.015975, 31
1619717008.032827, 32
1619717008.051357, 32
1619717008.069954, 31
1619717008.087089, 30
1619717008.107025, 32
1619717008.126174, 31
1619717008.146003, 33
1619717008.162613, 32
1619717008.179105, 32
1619717008.195641, 33
1619717008.212866, 33
1619717008.230676, 33
1619717008.247605, 33
1619717008.268394, 33
1619717008.286920, 33
1619717008.305370, 32
1619717008.324752, 33
1619717008.345096, 33
1619717008.367021, 33
1619717008.385412, 33
1619717008.403283, 33
1619717008.421149, 33
1619717008.439695, 34
1619717008.458316, 33
1619717008.492130, 35
1619717008.511441, 33
1619717008.531596, 35
1619717008.548318, 35
1619717008.565478, 34
1619717008.581858, 35
1619717008.600832, 35
1619717008.617400, 35
1619717008.633929, 33
1619717008.650156, 35
1619717008.668721, 36
1619717008.684571, 34
1619717008.702179, 34
1619717008.721447, 35
1619717008.740909, 34
1619717008.760323, 35
1619717008.777965, 36
1619717008.795506, 36
1619717008.815903, 36
1619717008.832718, 37
1619717008.852195, 34
1619717008.869728, 36
1619717008.886262, 35
1619717008.904249, 35
1619717008.922689, 35
1619717008.943805, 36
1619717008.961709, 37
1619717008.979926, 36
1619717008.997456, 36
1619717009.014051, 35
1619717009.030546, 36
1619717009.049098, 37
1619717009.065666, 38
1619717009.095441, 39
1619717009.114710, 38
1619717009.131833, 38
1619717009.149047, 37
1619717009.168265, 37
1619717009.186742, 37
1619717009.205161, 37
1619717009.224412, 39
1619717009.242954, 38
1619717009.264240, 37
1619717009.281960, 38
1619717009.299312, 38
1619717009.316370, 38
1619717009.335807, 38
1619717009.356355, 38
1619717009.374880, 38
1619717009.395471, 36
1619717009.412261, 39
1619717009.430778, 39
1619717009.448602, 38
1619717009.464820, 38
1619717009.481708, 38
1619717009.497664, 37
1619717009.514137, 39
1619717009.530759, 39
1619717009.548033, 40
1619717009.565847, 39
1619717009.584927, 39
1619717009.602232, 39
1619717009.619389, 38
1619717009.636676, 38
1619717009.655211, 40
1619717009.684347, 39
1619717009.704827, 40
1619717009.726640, 40
1619717009.743437, 41
1619717009.761729, 40
1619717009.780257, 41
1619717009.796804, 40
1619717009.813380, 40
1619717009.830476, 40
1619717009.848149, 39
1619717009.864983, 41
1619717009.882198, 40
1619717009.898572, 41
1619717009.914984, 40
1619717009.931476, 40
1619717009.947883, 40
1619717009.964492, 42
1619717009.981052, 41
1619717009.998214, 40
1619717010.014237, 41
1619717010.030741, 42
1619717010.047952, 41
1619717010.064593, 41
1619717010.081801, 41
1619717010.100324, 41
1619717010.118733, 41
1619717010.140661, 41
1619717010.164572, 42
1619717010.182258, 42
1619717010.200338, 42
1619717010.217376, 42
1619717010.233244, 42
1619717010.249727, 43
1619717010.266600, 41
1619717010.289254, 40
1619717010.314132, 43
1619717010.332653, 43
1619717010.349947, 42
1619717010.367120, 42
1619717010.384432, 42
1619717010.406406, 42
1619717010.427869, 44
1619717010.446614, 43
1619717010.464360, 43
1619717010.482866, 43
1619717010.498730, 41
1619717010.515964, 42
1619717010.532214, 42
1619717010.549334, 43
1619717010.570173, 43
1619717010.588363, 43
1619717010.608199, 43
1619717010.626740, 45
1619717010.644555, 45
1619717010.661745, 43
1619717010.679108, 44
1619717010.695602, 45
1619717010.714508, 42
1619717010.730371, 44
1619717010.748353, 44
1619717010.767304, 44
1619717010.783902, 44
1619717010.801745, 46
1619717010.817597, 45
1619717010.835876, 44
1619717010.857476, 46
1619717010.875617, 43
1619717010.910463, 45
1619717010.931579, 45
1619717010.947936, 46
1619717010.965185, 45
1619717010.982606, 45
1619717010.999300, 45
1619717011.015878, 44
1619717011.035017, 46
1619717011.055599, 45
1619717011.075378, 46
1619717011.094247, 46
1619717011.111669, 45
1619717011.130739, 47
1619717011.148432, 46
1619717011.165680, 46
1619717011.183241, 46
1619717011.200003, 45
1619717011.216570, 44
1619717011.234037, 46
1619717011.251417, 46
1619717011.270059, 47
1619717011.289171, 46
1619717011.310763, 46
1619717011.331664, 47
1619717011.349002, 48
1619717011.366549, 48
1619717011.383623, 46
1619717011.403139, 48
1619717011.421437, 48
1619717011.441539, 47
1619717011.462402, 47
1619717011.484040, 47
1619717011.516871, 46
1619717011.537927, 47
1619717011.555474, 47
1619717011.573070, 46
1619717011.596615, 47
1619717011.613268, 47
1619717011.630304, 48
1619717011.647644, 47
1619717011.666809, 49
1619717011.682633, 48
1619717011.700835, 48
1619717011.718967, 48
1619717011.735693, 48
1619717011.754530, 48
1619717011.772181, 48
1619717011.791507, 47
1619717011.809706, 48
1619717011.828229, 46
1619717011.848772, 48
1619717011.866293, 50
1619717011.883226, 49
1619717011.899195, 48
1619717011.917252, 49
1619717011.933256, 49
1619717011.949252, 49
1619717011.965266, 48
1619717011.982109, 49
1619717011.998113, 49
1619717012.014244, 48
1619717012.031029, 50
1619717012.047224, 49
1619717012.064200, 50
1619717012.083149, 47
1619717012.118216, 49
1619717012.136201, 50
1619717012.155266, 49
1619717012.173790, 50
1619717012.192406, 48
1619717012.211900, 50
1619717012.232443, 49
1619717012.249414, 49
1619717012.267469, 47
1619717012.283414, 48
1619717012.300620, 47
1619717012.320637, 47
1619717012.339502, 39
1619717012.360630, 40
1619717012.379406, 36
1619717012.400745, 33
1619717012.420757, 23
1619717012.439727, 21
1619717012.462499, 23
1619717012.479526, 22
1619717012.498589, 22
1619717012.515565, 23
1619717012.533645, 23
1619717012.551854, 23
1619717012.569119, 23
1619717012.587563, 23
1619717012.605609, 22
1619717012.625475, 24
1619717012.644395, 24
1619717012.662208, 23
1619717012.679866, 23
1619717012.698459, 23
1619717012.723465, 23
1619717012.741665, 23
1619717012.762386, 24
1619717012.781479, 24
1619717012.798217, 25
1619717012.814584, 25
1619717012.831597, 26
1619717012.848650, 25
1619717012.865598, 24
1619717012.883840, 25
1619717012.905661, 26
1619717012.924748, 25
1619717012.943034, 25
1619717012.963473, 25
1619717012.980430, 25
1619717013.000127, 26
1619717013.016702, 26
1619717013.032433, 25
1619717013.049009, 27
1619717013.064688, 26
1619717013.081650, 26
1619717013.101436, 25
1619717013.118596, 27
1619717013.135375, 27
1619717013.154431, 27
1619717013.173401, 26
1619717013.193125, 27
1619717013.211472, 27
1619717013.229840, 27
1619717013.246877, 27
1619717013.264046, 27
1619717013.280791, 26
1619717013.310784, 27
1619717013.330546, 27
1619717013.349486, 28
1619717013.369200, 29
1619717013.388262, 29
1619717013.407484, 28
1619717013.427763, 28
1619717013.447321, 29
1619717013.465737, 28
1619717013.482710, 28
1619717013.499661, 29
1619717013.516639, 29
1619717013.533048, 30
1619717013.552770, 29
1619717013.571704, 29
1619717013.592236, 30
1619717013.611165, 29
1619717013.629554, 30
1619717013.648672, 30
1619717013.666173, 30
1619717013.686080, 31
1619717013.704325, 30
1619717013.723543, 31
1619717013.744829, 28
1619717013.762163, 30
1619717013.779090, 30
1619717013.800173, 30
1619717013.817067, 32
1619717013.832996, 31
1619717013.849730, 32
1619717013.867521, 31
1619717013.904062, 31
1619717013.929964, 31
1619717013.947627, 31
1619717013.964662, 31
1619717013.982276, 32
1619717014.000769, 32
1619717014.018433, 32
1619717014.034769, 32
1619717014.051767, 31
1619717014.068128, 32
1619717014.084556, 32
1619717014.103598, 32
1619717014.122163, 33
1619717014.141018, 34
1619717014.163467, 33
1619717014.181123, 33
1619717014.199042, 33
1619717014.216723, 32
1619717014.232989, 32
1619717014.249326, 33
1619717014.265604, 34
1619717014.281923, 33
1619717014.298278, 34
1619717014.315228, 32
1619717014.334237, 32
1619717014.350598, 34
1619717014.372366, 35
1619717014.392163, 34
1619717014.413122, 34
1619717014.430132, 34
1619717014.448143, 32
1619717014.465473, 34
1619717014.482523, 34
1619717014.502106, 34
1619717014.527508, 34
1619717014.544354, 35
1619717014.561229, 35
1619717014.579703, 35
1619717014.598661, 35
1619717014.616547, 33
1619717014.635366, 34
1619717014.655723, 35
1619717014.676879, 36
1619717014.696589, 37
1619717014.717555, 37
1619717014.734520, 35
1619717014.752793, 36
1619717014.772506, 36
1619717014.793118, 36
1619717014.812726, 35
1619717014.830293, 37
1619717014.847326, 36
1619717014.868331, 36
1619717014.887254, 37
1619717014.905029, 36
1619717014.928244, 37
1619717014.946497, 36
1619717014.963598, 37
1619717014.983846, 37
1619717015.003572, 37
1619717015.021886, 38
1619717015.040316, 37
1619717015.060236, 37
1619717015.079205, 38
1619717015.099689, 37
1619717015.134271, 37
1619717015.152149, 38
1619717015.172897, 38
1619717015.232358, 37
1619717015.253009, 40
1619717015.284113, 37
1619717015.303094, 38
1619717015.321283, 38
1619717015.340419, 38
1619717015.359491, 38
1619717015.378437, 38
1619717015.398126, 40
1619717015.414454, 38
1619717015.430728, 40
1619717015.447082, 39
1619717015.466051, 39
1619717015.483684, 39
1619717015.499908, 38
1619717015.518260, 40
1619717015.535959, 39
1619717015.553314, 39
1619717015.569952, 39
1619717015.590376, 39
1619717015.608425, 39
1619717015.626818, 39
1619717015.644265, 40
1619717015.663145, 40
1619717015.687650, 40
1619717015.723138, 40
1619717015.746026, 40
1619717015.771176, 40
1619717015.791093, 41
1619717015.810000, 40
1619717015.827565, 40
1619717015.847970, 41
1619717015.864394, 41
1619717015.881279, 41
1619717015.901663, 41
1619717015.920555, 41
1619717015.941101, 41
1619717015.964376, 41
1619717015.981900, 41
1619717015.999587, 41
1619717016.021365, 41
1619717016.040425, 41
1619717016.060203, 41
1619717016.078767, 42
1619717016.096708, 42
1619717016.115863, 43
1619717016.133559, 43
1619717016.149077, 43
1619717016.168141, 44
1619717016.183752, 44
1619717016.200810, 43
1619717016.217708, 44
1619717016.233415, 42
1619717016.253044, 42
1619717016.271400, 42
1619717016.288372, 42
1619717016.311777, 42
1619717016.332632, 43
1619717016.357715, 45
1619717016.375423, 45
1619717016.394375, 44
1619717016.412189, 43
1619717016.429110, 43
1619717016.447647, 42
1619717016.464443, 43
1619717016.481401, 43
1619717016.499087, 44
1619717016.516813, 44
1619717016.537814, 43
1619717016.557966, 44
1619717016.576578, 46
1619717016.596176, 45
1619717016.614828, 45
1619717016.633904, 45
1619717016.651522, 45
1619717016.669372, 44
1619717016.686887, 44
1619717016.710729, 45
1619717016.730433, 45
1619717016.747370, 45
1619717016.765083, 46
1619717016.782023, 45
1619717016.797646, 45
1619717016.816537, 45
1619717016.832076, 45
1619717016.849009, 45
1619717016.866707, 45
1619717016.882645, 47
1619717016.914491, 46
1619717016.938680, 45
1619717016.956331, 45
1619717016.976054, 47
1619717016.995788, 46
1619717017.014149, 45
1619717017.031741, 45
1619717017.050061, 46
1619717017.066469, 46
1619717017.084211, 47
1619717017.100480, 47
1619717017.116850, 48
1619717017.133036, 47
1619717017.150635, 46
1619717017.166292, 46
1619717017.184770, 46
1619717017.201606, 46
1619717017.218634, 47
1619717017.234945, 46
1619717017.256134, 46
1619717017.274403, 47
1619717017.293351, 47
1619717017.313247, 47
1619717017.330068, 48
1619717017.347795, 48
1619717017.365528, 48
1619717017.381792, 47
1619717017.402852, 47
1619717017.419117, 47
1619717017.436760, 47
1619717017.454658, 48
1619717017.472735, 47
1619717017.494637, 47
1619717017.516486, 49
1619717017.543194, 49
1619717017.561246, 50
1619717017.579586, 49
1619717017.595881, 49
1619717017.611464, 50
1619717017.629897, 49
1619717017.646922, 47
1619717017.666561, 47
1619717017.682954, 47
1619717017.699974, 49
1619717017.718951, 48
1619717017.737775, 49
1619717017.755915, 48
1619717017.775789, 47
1619717017.794292, 48
1619717017.813431, 49
1619717017.832358, 49
1619717017.849851, 49
1619717017.869546, 48
1619717017.887239, 50
1619717017.908643, 50
1619717017.928759, 49
1619717017.946395, 49
1619717017.964418, 50
1619717017.981061, 50
1619717017.998725, 50
1619717018.015734, 49
1619717018.033388, 49
1619717018.050394, 48
1619717018.067452, 48
1619717018.085905, 49
1619717018.110260, 49
1619717018.137363, 49
1619717018.156478, 49
1619717018.175464, 49
1619717018.195945, 49
1619717018.213492, 49
1619717018.229270, 49
1619717018.247541, 49
1619717018.263803, 41
1619717018.279639, 35
1619717018.296541, 28
1619717018.313489, 22
1619717018.331832, 17
1619717018.350278, 6
1619717018.373247, 8
1619717018.392988, 9
1619717018.412107, 8
1619717018.432421, 8
1619717018.450036, 9
1619717018.471758, 9
1619717018.488637, 9
1619717018.507110, 10
1619717018.526850, 10
1619717018.544756, 9
1619717018.563125, 10
1619717018.581170, 10
1619717018.598217, 11
1619717018.615216, 11
1619717018.632259, 11
1619717018.650510, 10
1619717018.666853, 10
1619717018.683825, 12
1619717018.709334, 11
1619717018.729351, 12
1619717018.749168, 12
1619717018.765324, 11
1619717018.781924, 11
1619717018.797985, 12
1619717018.815084, 12
1619717018.832003, 13
1619717018.849023, 14
1619717018.866708, 14
1619717018.883636, 14
1619717018.900056, 14
1619717018.917041, 14
1619717018.933896, 14
1619717018.955423, 14
1619717018.973984, 15
1619717018.991674, 14
1619717019.012140, 15
1619717019.028453, 14
1619717019.044029, 15
1619717019.062452, 15
1619717019.082072, 15
1619717019.101506, 16
1619717019.118124, 16
1619717019.136807, 16
1619717019.154800, 16
1619717019.173158, 17
1619717019.193520, 17
1619717019.210578, 18
1619717019.227709, 16
1619717019.246565, 16
1619717019.265634, 17
1619717019.283256, 17
1619717019.312666, 19
1619717019.333671, 17
1619717019.352055, 18
1619717019.371594, 18
1619717019.392140, 18
1619717019.410325, 19
1619717019.427529, 18
1619717019.446752, 20
1619717019.464686, 19
1619717019.481287, 19
1619717019.498294, 20
1619717019.514637, 18
1619717019.532402, 20
1619717019.548702, 19
1619717019.565677, 20
1619717019.583433, 20
1619717019.601682, 20
1619717019.623362, 20
1619717019.642670, 20
1619717019.662302, 21
1619717019.683109, 21
1619717019.700897, 21
1619717019.719841, 21
1619717019.737554, 21
1619717019.755488, 23
1619717019.775225, 23
1619717019.796814, 21
1619717019.815142, 21
1619717019.832154, 22
1619717019.851331, 21
1619717019.867492, 22
1619717019.884662, 21
1619717019.901467, 24
1619717019.942889, 23
1619717019.963087, 23
1619717019.980726, 23
1619717019.997566, 22
1619717020.014032, 22
1619717020.033102, 23
1619717020.050811, 24
1619717020.068456, 24
1619717020.087631, 23
1619717020.106205, 24
1619717020.125729, 25
1619717020.143884, 24
1619717020.160118, 23
1619717020.181207, 24
1619717020.197487, 25
1619717020.215088, 25
1619717020.233252, 25
1619717020.254021, 23
1619717020.272939, 25
1619717020.290148, 26
1619717020.311851, 25
1619717020.330891, 25
1619717020.347160, 26
1619717020.365480, 26
1619717020.381734, 24
1619717020.399404, 26
1619717020.415214, 26
1619717020.431349, 26
1619717020.453115, 25
1619717020.470799, 27
1619717020.489142, 27
1619717020.523865, 26
1619717020.542180, 27
1619717020.561952, 27
1619717020.581099, 27
1619717020.600109, 27
1619717020.616534, 26
1619717020.632801, 26
1619717020.648687, 28
1619717020.667936, 28
1619717020.684962, 28
1619717020.700682, 29
1619717020.724306, 27
1619717020.741017, 28
1619717020.759224, 27
1619717020.776335, 29
1619717020.795757, 27
1619717020.816041, 29
1619717020.833916, 29
1619717020.850914, 28
1619717020.867911, 28
1619717020.884244, 28
1619717020.900585, 29
1619717020.917536, 30
1619717020.935563, 29
1619717020.952257, 29
1619717020.971950, 29
1619717020.990209, 30
1619717021.009419, 30
1619717021.028203, 30
1619717021.046867, 30
1619717021.065058, 29
1619717021.082455, 29
1619717021.100280, 30
1619717021.123939, 30
1619717021.143077, 31
1619717021.160645, 31
1619717021.178311, 32
1619717021.199808, 31
1619717021.216829, 31
1619717021.235370, 30
1619717021.251709, 30
1619717021.272369, 31
1619717021.296166, 31
1619717021.314576, 31
1619717021.332953, 32
1619717021.349732, 31
1619717021.366765, 32
1619717021.383721, 32
1619717021.400196, 31
1619717021.416439, 32
1619717021.432436, 32
1619717021.450095, 33
1619717021.468390, 32
1619717021.487975, 32
1619717021.507146, 32
1619717021.524799, 31
1619717021.544551, 32
1619717021.563728, 34
1619717021.583890, 33
1619717021.603813, 32
1619717021.622528, 34
1619717021.641705, 33
1619717021.660641, 33
1619717021.678922, 34
1619717021.697091, 33
1619717021.721474, 33
1619717021.744691, 34
1619717021.763554, 34
1619717021.782187, 34
1619717021.798653, 35
1619717021.817646, 34
1619717021.837995, 35
1619717021.858405, 35
1619717021.875733, 34
1619717021.893972, 34
1619717021.912078, 33
1619717021.931053, 34
1619717021.949160, 35
1619717021.965944, 35
1619717021.981498, 35
1619717021.998025, 33
1619717022.016239, 34
1619717022.032792, 35
1619717022.051935, 35
1619717022.071396, 35
1619717022.090171, 35
1619717022.109250, 35
1619717022.126584, 36
1619717022.147161, 36
1619717022.165837, 36
1619717022.182632, 36
1619717022.200116, 36
1619717022.217372, 36
1619717022.233863, 37
1619717022.250364, 37
1619717022.266451, 36
1619717022.283088, 36
1619717022.299847, 36
1619717022.326000, 34
1619717022.345204, 37
1619717022.362960, 37
1619717022.379845, 38
1619717022.396968, 37
1619717022.414147, 37
1619717022.434899, 36
1619717022.452207, 37
1619717022.469515, 37
1619717022.486942, 37
1619717022.506228, 37
1619717022.525741, 39
1619717022.543946, 37
1619717022.562954, 37
1619717022.580385, 38
1619717022.596853, 37
1619717022.615859, 37
1619717022.633177, 37
1619717022.650594, 39
1619717022.671378, 38
1619717022.690363, 39
1619717022.712162, 38
1619717022.728431, 39
1619717022.749981, 38
1619717022.766585, 37
1619717022.782958, 38
1619717022.799401, 39
1619717022.817647, 39
1619717022.837660, 38
1619717022.856860, 38
1619717022.877991, 40
1619717022.895729, 39
1619717022.926844, 40
1619717022.945320, 39
1619717022.963776, 41
1619717022.980386, 40
1619717022.999958, 40
1619717023.020497, 41
1619717023.037774, 39
1619717023.054340, 40
1619717023.075648, 40
1619717023.095138, 40
1619717023.113401, 41
1619717023.130667, 42
1619717023.149562, 40
1619717023.166870, 40
1619717023.183563, 40
1619717023.201792, 41
1619717023.222129, 42
1619717023.241497, 41
1619717023.263619, 43
1619717023.281610, 42
1619717023.297512, 40
1619717023.316485, 41
1619717023.337485, 41
1619717023.355723, 41
1619717023.373125, 41
1619717023.390461, 42
1619717023.408598, 43
1619717023.426720, 41
1619717023.443374, 43
1619717023.461431, 42
1619717023.479605, 42
1619717023.497393, 40
1619717023.532295, 42
1619717023.551844, 43
1619717023.569178, 42
1619717023.588185, 43
1619717023.605408, 43
1619717023.623116, 42
1619717023.644739, 42
1619717023.663517, 43
1619717023.680926, 44
1619717023.698323, 42
1619717023.716535, 44
1619717023.734576, 45
1619717023.754212, 45
1619717023.774593, 43
1619717023.794208, 43
1619717023.811751, 43
1619717023.830097, 44
1619717023.847689, 44
1619717023.865739, 44
1619717023.884688, 45
1619717023.900641, 45
1619717023.917905, 45
1619717023.935967, 44
1619717023.955003, 43
1619717023.972438, 44
1619717023.993435, 44
1619717024.011346, 44
1619717024.027876, 44
1619717024.044945, 45
1619717024.061752, 45
1619717024.080498, 44
1619717024.099106, 43
1619717024.131144, 44
1619717024.150681, 45
1619717024.168224, 45
1619717024.186259, 45
1619717024.203491, 45
1619717024.223201, 44
1619717024.240694, 44
1619717024.260178, 46
1619717024.278234, 46
1619717024.295664, 45
1619717024.312348, 46
1619717024.330359, 45
1619717024.348499, 46
1619717024.366304, 45
1619717024.383256, 46
1619717024.403859, 46
1619717024.422040, 46
1619717024.441092, 47
1619717024.459776, 46
1619717024.477211, 47
1619717024.493157, 47
1619717024.510794, 46
1619717024.528488, 47
1619717024.545046, 47
1619717024.563793, 47
1619717024.581997, 46
1619717024.599356, 46
1619717024.615205, 47
1619717024.632626, 47
1619717024.652221, 47
1619717024.671096, 46
1619717024.688540, 48
1619717024.709012, 46
1619717024.729391, 47
1619717024.751916, 46
1619717024.772328, 47
1619717024.789636, 47
1619717024.810222, 48
1619717024.827426, 47
1619717024.846307, 46
1619717024.863438, 48
1619717024.881642, 48
1619717024.899026, 48
1619717024.916409, 48
1619717024.936896, 49
1619717024.954868, 48
1619717024.972822, 48
1619717024.992503, 49
1619717025.011541, 48
1619717025.031081, 48
1619717025.050638, 49
1619717025.081516, 47
1619717025.116344, 50
1619717025.133626, 48
1619717025.153308, 48
1619717025.170606, 49
1619717025.187961, 48
1619717025.208388, 49
1619717025.225144, 48
1619717025.243962, 50
1619717025.262855, 49
1619717025.280884, 49
1619717025.298222, 50
1619717025.329003, 50
1619717025.349717, 49
1619717025.366328, 48
1619717025.382857, 48
1619717025.403909, 47
1619717025.422872, 47
1619717025.441794, 47
1619717025.459855, 47
1619717025.478005, 46
1619717025.495380, 46
1619717025.512134, 39
1619717025.531008, 39
1619717025.547740, 40
1619717025.565688, 40
1619717025.583219, 31
1619717025.601937, 24
1619717025.619262, 21
1619717025.635957, 21
1619717025.653295, 22
1619717025.674500, 19
1619717025.691071, 22
1619717025.710685, 23
1619717025.729613, 22
1619717025.750269, 22
1619717025.770381, 23
1619717025.788529, 23
1619717025.806778, 23
1619717025.824033, 22
1619717025.844626, 24
1619717025.862702, 24
1619717025.879930, 23
1619717025.900953, 22
1619717025.927835, 23
1619717025.947178, 23
1619717025.965242, 23
1619717025.982635, 24
1619717026.004143, 24
1619717026.021277, 24
1619717026.039380, 24
1619717026.058290, 25
1619717026.076395, 25
1619717026.095099, 24
1619717026.113029, 25
1619717026.133789, 25
1619717026.150471, 26
1619717026.166392, 25
1619717026.182086, 25
1619717026.198444, 24
1619717026.215698, 25
1619717026.231636, 26
1619717026.250583, 25
1619717026.267897, 25
1619717026.288267, 25
1619717026.306859, 27
1619717026.325513, 26
1619717026.344343, 25
1619717026.362240, 26
1619717026.380731, 28
1619717026.397643, 27
1619717026.417793, 27
1619717026.440714, 27
1619717026.458067, 26
1619717026.477503, 27
1619717026.496369, 27
1619717026.515582, 28
1619717026.546950, 28
1619717026.565680, 27
1619717026.582318, 27
1619717026.601002, 28
1619717026.621673, 28
1619717026.642913, 28
1619717026.664333, 29
1619717026.682115, 27
1619717026.704352, 29
1619717026.725155, 28
1619717026.744089, 29
1619717026.761760, 29
1619717026.781189, 29
1619717026.798052, 29
1619717026.816516, 30
1619717026.837187, 30
1619717026.856637, 29
1619717026.874860, 30
1619717026.894655, 30
1619717026.911946, 29
1619717026.929196, 29
1619717026.946241, 31
1619717026.963598, 30
1619717026.980342, 31
1619717026.997201, 30
1619717027.015187, 30
1619717027.031213, 30
1619717027.049536, 31
1619717027.066048, 31
1619717027.084709, 32
1619717027.104199, 31
1619717027.122753, 29
1619717027.149410, 32
1619717027.167373, 31
1619717027.184196, 31
1619717027.200538, 31
1619717027.216102, 31
1619717027.233307, 31
1619717027.254873, 31
1619717027.272161, 32
1619717027.292654, 32
1619717027.315896, 32
1619717027.332929, 33
1619717027.350698, 32
1619717027.369474, 33
1619717027.387859, 32
1619717027.405197, 32
1619717027.425120, 33
1619717027.442953, 33
1619717027.463745, 33
1619717027.480370, 32
1619717027.496455, 33
1619717027.516582, 33
1619717027.534513, 33
1619717027.555287, 33
1619717027.572642, 32
1619717027.590766, 33
1619717027.609493, 33
1619717027.628981, 34
1619717027.649268, 34
1619717027.666774, 34
1619717027.683784, 35
1619717027.699741, 34
1619717027.719133, 34
1619717027.739276, 34
1619717027.762846, 34
1619717027.784200, 34
1619717027.800991, 35
1619717027.819049, 34
1619717027.837033, 35
1619717027.854400, 34
1619717027.873134, 36
1619717027.892658, 35
1619717027.910708, 37
1619717027.928739, 36
1619717027.944327, 36
1619717027.961298, 35
1619717027.977933, 36
1619717027.995262, 36
1619717028.013271, 36
1619717028.029913, 37
1619717028.045939, 36
1619717028.064681, 35
1619717028.082130, 36
1619717028.106937, 37
1619717028.127562, 37
1619717028.144956, 38
1619717028.164620, 36
1619717028.183256, 36
1619717028.203484, 36
1619717028.222125, 37
1619717028.242331, 37
1619717028.263070, 36
1619717028.280468, 37
1619717028.299125, 37
1619717028.317388, 38
1619717028.344504, 37
1619717028.363763, 38
1619717028.382512, 39
1619717028.403269, 37
1619717028.421575, 38
1619717028.438933, 37
1619717028.458432, 39
1619717028.477498, 38
1619717028.496942, 37
1619717028.513359, 38
1619717028.531982, 40
1619717028.550619, 39
1619717028.566792, 39
1619717028.583395, 39
1619717028.600643, 39
1619717028.618078, 39
1619717028.637886, 39
1619717028.660613, 39
1619717028.684648, 39
1619717028.703224, 39
1619717028.724967, 39
1619717028.745106, 40
1619717028.767837, 41
1619717028.785867, 39
1619717028.803828, 38
1619717028.823337, 40
1619717028.842749, 41
1619717028.861036, 40
1619717028.880528, 40
1619717028.898245, 39
1619717028.916276, 40
1619717028.947428, 40
1619717028.965485, 40
1619717028.983687, 42
1619717029.002212, 41
1619717029.021767, 42
1619717029.043481, 42
1619717029.061950, 41
1619717029.078607, 40
1619717029.096700, 41
1619717029.117463, 41
1619717029.134031, 41
1619717029.150732, 40
1619717029.169141, 41
1619717029.186106, 41
1619717029.206770, 42
1619717029.226336, 43
1619717029.243117, 43
1619717029.263360, 43
1619717029.280552, 43
1619717029.298492, 42
1619717029.316603, 42
1619717029.332557, 42
1619717029.349253, 41
1619717029.366598, 41
1619717029.384638, 42
1619717029.403227, 40
1619717029.421260, 42
1619717029.444332, 45
1619717029.462200, 44
1619717029.481673, 44
1619717029.501774,