1619716789.454510, 0
1619716789.491195, 0
1619716789.512158, 0
1619716789.529144, 3
1619716789.547154, 2
1619716789.564637, 3
1619716789.581210, 9
1619716789.603211, 17
1619716789.619191, 21
1619716789.639145, 23
1619716789.656400, 27
1619716789.673891, 34
1619716789.689187, 37
1619716789.708296, 41
1619716789.724515, 47
1619716789.741260, 50
1619716789.759196, 57
1619716789.776449, 61
1619716789.799245, 66
1619716789.816337, 74
1619716789.840431, 79
1619716789.860469, 86
1619716789.879096, 89
1619716789.900205, 96
1619716789.917267, 99
1619716789.933257, 99
1619716789.954547, 99
1619716789.971243, 99
1619716789.990266, 99
1619716790.008758, 100
1619716790.041361, 100
1619716790.059314, 99
1619716790.076328, 99
1619716790.092330, 100
1619716790.113303, 100
1619716790.134065, 99
1619716790.150316, 99
1619716790.168409, 100
1619716790.184656, 100
1619716790.210194, 100
1619716790.230600, 99
1619716790.248377, 99
1619716790.278190, 100
1619716790.296206, 99
1619716790.314782, 100
1619716790.336645, 99
1619716790.357589, 99
1619716790.374357, 99
1619716790.404317, 99
1619716790.423380, 100
1619716790.440488, 100
1619716790.456929, 99
1619716790.473382, 99
1619716790.502429, 100
1619716790.520545, 99
1619716790.537506, 100
1619716790.566559, 99
1619716790.585499, 100
1619716790.604831, 100
1619716790.644209, 100
1619716790.667619, 98
1619716790.684677, 100
1619716790.704602, 100
1619716790.724578, 99
1619716790.744918, 99
1619716790.763621, 99
1619716790.783724, 100
1619716790.800681, 100
1619716790.818783, 100
1619716790.840766, 98
1619716790.861688, 98
1619716790.878744, 99
1619716790.902878, 100
1619716790.922003, 98
1619716790.939174, 99
1619716790.955361, 100
1619716790.971985, 100
1619716790.999328, 98
1619716791.020151, 96
1619716791.036655, 100
1619716791.063818, 99
1619716791.086508, 98
1619716791.103586, 97
1619716791.126912, 96
1619716791.144353, 98
1619716791.164903, 97
1619716791.186753, 96
1619716791.205346, 99
1619716791.241502, 96
1619716791.267894, 96
1619716791.287834, 96
1619716791.309296, 100
1619716791.333598, 100
1619716791.351490, 98
1619716791.370215, 99
1619716791.390530, 100
1619716791.408932, 99
1619716791.427692, 95
1619716791.444537, 96
1619716791.461400, 97
1619716791.479675, 98
1619716791.498925, 100
1619716791.517137, 99
1619716791.535114, 99
1619716791.552340, 100
1619716791.574514, 96
1619716791.592642, 95
1619716791.611767, 96
1619716791.631358, 96
1619716791.649250, 99
1619716791.668374, 100
1619716791.684878, 99
1619716791.701321, 100
1619716791.720716, 97
1619716791.740398, 93
1619716791.760203, 87
1619716791.777973, 78
1619716791.804191, 76
1619716791.831452, 73
1619716791.863256, 72
1619716791.881907, 71
1619716791.898164, 68
1619716791.919372, 67
1619716791.936845, 68
1619716791.954223, 66
1619716791.973316, 65
1619716791.990354, 63
1619716792.018462, 56
1619716792.052210, 55
1619716792.073872, 50
1619716792.090653, 46
1619716792.115574, 44
1619716792.137227, 36
1619716792.154801, 38
1619716792.174154, 35
1619716792.192285, 37
1619716792.214659, 37
1619716792.235234, 35
1619716792.253895, 37
1619716792.278873, 36
1619716792.297574, 36
1619716792.322329, 37
1619716792.351793, 37
1619716792.369259, 38
1619716792.388212, 38
1619716792.424725, 38
1619716792.450238, 37
1619716792.468893, 37
1619716792.494032, 36
1619716792.513796, 37
1619716792.530653, 37
1619716792.551264, 39
1619716792.574906, 38
1619716792.591962, 38
1619716792.613381, 36
1619716792.632513, 39
1619716792.650511, 37
1619716792.671019, 37
1619716792.690296, 37
1619716792.712142, 36
1619716792.733617, 36
1619716792.752302, 37
1619716792.775330, 38
1619716792.796580, 36
1619716792.813350, 37
1619716792.834249, 37
1619716792.851794, 39
1619716792.871152, 37
1619716792.888824, 37
1619716792.906748, 38
1619716792.923563, 37
1619716792.943188, 37
1619716792.964716, 38
1619716792.986295, 37
1619716793.002919, 39
1619716793.038212, 38
1619716793.061909, 41
1619716793.085623, 40
1619716793.104272, 38
1619716793.121708, 39
1619716793.146632, 39
1619716793.164521, 38
1619716793.186296, 39
1619716793.220111, 41
1619716793.241816, 41
1619716793.259729, 41
1619716793.287211, 42
1619716793.306554, 39
1619716793.328782, 39
1619716793.355644, 39
1619716793.374996, 40
1619716793.392758, 40
1619716793.417995, 40
1619716793.436757, 39
1619716793.455780, 43
1619716793.484630, 41
1619716793.504019, 40
1619716793.520784, 42
1619716793.549537, 40
1619716793.568598, 40
1619716793.586875, 40
1619716793.606809, 40
1619716793.628180, 40
1619716793.655994, 40
1619716793.680536, 42
1619716793.697095, 41
1619716793.713342, 41
1619716793.730321, 43
1619716793.747760, 43
1619716793.770543, 40
1619716793.787655, 40
1619716793.809479, 40
1619716793.828264, 42
1619716793.846113, 41
1619716793.864239, 42
1619716793.881383, 43
1619716793.911756, 43
1619716793.930165, 43
1619716793.947584, 44
1619716793.964278, 44
1619716793.982214, 45
1619716794.006380, 43
1619716794.022761, 43
1619716794.038371, 43
1619716794.057420, 43
1619716794.073742, 43
1619716794.091177, 44
1619716794.108627, 43
1619716794.131023, 45
1619716794.159436, 45
1619716794.177629, 45
1619716794.198295, 45
1619716794.225510, 44
1619716794.249545, 44
1619716794.269294, 45
1619716794.288239, 44
1619716794.307467, 43
1619716794.334036, 44
1619716794.353230, 45
1619716794.375133, 45
1619716794.393860, 45
1619716794.410300, 45
1619716794.432287, 44
1619716794.449299, 44
1619716794.468565, 44
1619716794.485183, 44
1619716794.503085, 43
1619716794.527062, 44
1619716794.547673, 44
1619716794.564607, 44
1619716794.584826, 44
1619716794.603579, 45
1619716794.622751, 46
1619716794.640341, 46
1619716794.656841, 47
1619716794.675623, 49
1619716794.692208, 48
1619716794.711214, 48
1619716794.730957, 47
1619716794.748625, 47
1619716794.768811, 45
1619716794.786954, 45
1619716794.805123, 46
1619716794.826372, 47
1619716794.858410, 48
1619716794.879771, 49
1619716794.896822, 48
1619716794.913896, 48
1619716794.930030, 47
1619716794.950824, 46
1619716794.967830, 46
1619716794.984609, 47
1619716795.005834, 48
1619716795.021938, 47
1619716795.042644, 47
1619716795.063405, 48
1619716795.079903, 48
1619716795.097556, 49
1619716795.115063, 49
1619716795.133745, 49
1619716795.153785, 50
1619716795.170630, 49
1619716795.192257, 50
1619716795.210645, 49
1619716795.231807, 49
1619716795.249555, 49
1619716795.267740, 47
1619716795.289561, 47
1619716795.308844, 51
1619716795.334429, 49
1619716795.353522, 49
1619716795.371690, 50
1619716795.396269, 49
1619716795.413482, 49
1619716795.433082, 48
1619716795.459162, 48
1619716795.476791, 48
1619716795.493322, 47
1619716795.509884, 49
1619716795.526915, 48
1619716795.543252, 48
1619716795.564392, 48
1619716795.581312, 50
1619716795.599899, 51
1619716795.617443, 50
1619716795.636197, 50
1619716795.653739, 50
1619716795.670804, 49
1619716795.688506, 49
1619716795.708662, 50
1619716795.726898, 49
1619716795.743869, 49
1619716795.765222, 48
1619716795.783323, 50
1619716795.804654, 49
1619716795.832567, 50
1619716795.852148, 51
1619716795.869781, 51
1619716795.889969, 50
1619716795.908527, 51
1619716795.928422, 50
1619716795.949465, 51
1619716795.965976, 50
1619716795.982500, 51
1619716796.000956, 50
1619716796.028948, 51
1619716796.064564, 51
1619716796.084019, 50
1619716796.101485, 50
1619716796.126485, 51
1619716796.144602, 51
1619716796.165983, 52
1619716796.185988, 52
1619716796.202996, 52
1619716796.223014, 50
1619716796.240524, 51
1619716796.263528, 52
1619716796.281536, 52
1619716796.299104, 51
1619716796.323517, 51
1619716796.342022, 53
1619716796.365511, 54
1619716796.384068, 53
1619716796.400715, 54
1619716796.419052, 52
1619716796.436179, 52
1619716796.454055, 52
1619716796.476116, 51
1619716796.493026, 51
1619716796.510041, 51
1619716796.526548, 51
1619716796.543078, 51
1619716796.564885, 53
1619716796.584588, 54
1619716796.602619, 53
1619716796.633310, 53
1619716796.661142, 54
1619716796.681072, 53
1619716796.700837, 52
1619716796.722112, 53
1619716796.739568, 52
1619716796.756624, 52
1619716796.773809, 53
1619716796.793645, 53
1619716796.813803, 53
1619716796.836616, 54
1619716796.856879, 53
1619716796.872618, 54
1619716796.899139, 54
1619716796.917158, 54
1619716796.943255, 54
1619716796.963684, 54
1619716796.981628, 54
1619716796.999975, 53
1619716797.016690, 54
1619716797.038708, 53
1619716797.055685, 53
1619716797.073681, 53
1619716797.093274, 55
1619716797.111634, 56
1619716797.131233, 56
1619716797.148285, 54
1619716797.179162, 54
1619716797.200306, 56
1619716797.220876, 54
1619716797.264726, 55
1619716797.289484, 55
1619716797.306677, 56
1619716797.332264, 56
1619716797.354713, 54
1619716797.371676, 57
1619716797.399734, 56
1619716797.422754, 57
1619716797.441251, 56
1619716797.460698, 56
1619716797.479234, 57
1619716797.495773, 56
1619716797.520284, 56
1619716797.539252, 56
1619716797.557752, 56
1619716797.578845, 56
1619716797.597138, 55
1619716797.614344, 56
1619716797.635276, 56
1619716797.653238, 57
1619716797.681825, 56
1619716797.698828, 57
1619716797.717753, 58
1619716797.736469, 56
1619716797.752506, 56
1619716797.777326, 56
1619716797.796325, 55
1619716797.815862, 56
1619716797.861781, 58
1619716797.890788, 58
1619716797.909042, 58
1619716797.926285, 59
1619716797.949358, 58
1619716797.968133, 58
1619716797.986383, 59
1619716798.003819, 57
1619716798.020348, 58
1619716798.041814, 59
1619716798.058895, 58
1619716798.075331, 58
1619716798.099845, 58
1619716798.119304, 57
1619716798.137046, 59
1619716798.157013, 59
1619716798.179039, 59
1619716798.198844, 59
1619716798.219428, 59
1619716798.237862, 59
1619716798.256850, 59
1619716798.273647, 58
1619716798.292849, 58
1619716798.310852, 59
1619716798.328563, 59
1619716798.350002, 57
1619716798.365910, 58
1619716798.383903, 59
1619716798.401093, 59
1619716798.418364, 58
1619716798.449764, 59
1619716798.468918, 59
1619716798.487374, 60
1619716798.504891, 60
1619716798.526152, 60
1619716798.543964, 60
1619716798.563004, 61
1619716798.586859, 61
1619716798.622422, 60
1619716798.647444, 61
1619716798.671017, 62
1619716798.691040, 60
1619716798.718465, 60
1619716798.740107, 60
1619716798.757497, 60
1619716798.780087, 61
1619716798.801786, 62
1619716798.821192, 60
1619716798.844746, 60
1619716798.862539, 60
1619716798.880497, 60
1619716798.905656, 60
1619716798.923459, 59
1619716798.946552, 61
1619716798.965091, 61
1619716798.986230, 61
1619716799.013518, 61
1619716799.060813, 61
1619716799.085507, 61
1619716799.104252, 61
1619716799.136631, 61
1619716799.154095, 61
1619716799.172589, 61
1619716799.193518, 62
1619716799.210571, 60
1619716799.233145, 62
1619716799.252123, 61
1619716799.273110, 64
1619716799.298064, 64
1619716799.319298, 63
1619716799.338843, 64
1619716799.357238, 63
1619716799.375082, 61
1619716799.399178, 63
1619716799.420184, 62
1619716799.437035, 63
1619716799.455704, 63
1619716799.506121, 63
1619716799.535315, 63
1619716799.553656, 64
1619716799.570156, 62
1619716799.591082, 62
1619716799.611766, 62
1619716799.637134, 63
1619716799.665204, 61
1619716799.688600, 63
1619716799.705695, 63
1619716799.722626, 63
1619716799.738775, 64
1619716799.766702, 63
1619716799.784284, 64
1619716799.814659, 64
1619716799.835415, 64
1619716799.863432, 64
1619716799.887153, 62
1619716799.903178, 64
1619716799.919145, 65
1619716799.935691, 65
1619716799.951700, 63
1619716799.994463, 63
1619716800.029650, 63
1619716800.057709, 63
1619716800.097742, 63
1619716800.118125, 65
1619716800.151203, 64
1619716800.189202, 64
1619716800.210213, 65
1619716800.255249, 64
1619716800.336301, 65
1619716800.380729, 65
1619716800.432334, 65
1619716800.460327, 66
1619716800.504359, 65
1619716800.556305, 66
1619716800.587328, 66
1619716800.624747, 65
1619716800.649332, 64
1619716800.701859, 65
1619716800.721845, 66
1619716800.744805, 66
1619716800.760807, 67
1619716800.781378, 67
1619716800.800385, 66
1619716800.818396, 66
1619716800.862535, 68
1619716800.888363, 66
1619716800.906312, 66
1619716800.929989, 66
1619716800.952181, 66
1619716800.971842, 67
1619716800.990822, 67
1619716801.007324, 66
1619716801.026371, 67
1619716801.044381, 67
1619716801.064450, 68
1619716801.080870, 66
1619716801.102900, 68
1619716801.120541, 68
1619716801.137725, 68
1619716801.156838, 69
1619716801.173363, 67
1619716801.202486, 67
1619716801.222022, 67
1619716801.240895, 68
1619716801.261425, 67
1619716801.280911, 68
1619716801.303582, 66
1619716801.328086, 67
1619716801.348290, 68
1619716801.372501, 69
1619716801.390969, 68
1619716801.429069, 69
1619716801.467932, 66
1619716801.500146, 68
1619716801.520076, 69
1619716801.536776, 67
1619716801.553971, 67
1619716801.575771, 67
1619716801.594965, 69
1619716801.612630, 70
1619716801.629573, 68
1619716801.646044, 69
1619716801.664157, 69
1619716801.685969, 69
1619716801.704657, 69
1619716801.720958, 69
1619716801.743030, 69
1619716801.762146, 69
1619716801.782000, 68
1619716801.806553, 69
1619716801.828122, 68
1619716801.853363, 69
1619716801.873535, 69
1619716801.895504, 70
1619716801.921110, 70
1619716801.941060, 71
1619716801.961027, 70
1619716801.981042, 70
1619716802.006993, 70
1619716802.028310, 70
1619716802.075548, 69
1619716802.103659, 69
1619716802.123126, 69
1619716802.140173, 70
1619716802.160536, 69
1619716802.177095, 69
1619716802.197553, 69
1619716802.216577, 71
1619716802.239093, 70
1619716802.262716, 71
1619716802.284235, 71
1619716802.306593, 70
1619716802.324228, 72
1619716802.344479, 71
1619716802.367592, 71
1619716802.394124, 71
1619716802.412292, 71
1619716802.431927, 70
1619716802.450598, 70
1619716802.470250, 71
1619716802.489193, 71
1619716802.511142, 72
1619716802.530121, 70
1619716802.549141, 71
1619716802.575641, 71
1619716802.594068, 73
1619716802.610123, 74
1619716802.630624, 73
1619716802.651624, 73
1619716802.673960, 72
1619716802.693122, 73
1619716802.717288, 72
1619716802.736509, 73
1619716802.753679, 73
1619716802.773253, 72
1619716802.792269, 73
1619716802.813157, 74
1619716802.830684, 73
1619716802.848234, 74
1619716802.865221, 74
1619716802.882196, 75
1619716802.899720, 74
1619716802.917334, 73
1619716802.937918, 73
1619716802.957162, 72
1619716802.973710, 73
1619716802.994846, 73
1619716803.012317, 72
1619716803.028419, 72
1619716803.046236, 72
1619716803.064243, 73
1619716803.086723, 71
1619716803.104289, 72
1619716803.121739, 74
1619716803.143580, 73
1619716803.160697, 72
1619716803.179246, 74
1619716803.198844, 73
1619716803.219063, 73
1619716803.259087, 73
1619716803.284281, 73
1619716803.304780, 73
1619716803.324359, 74
1619716803.341817, 73
1619716803.358267, 73
1619716803.374495, 72
1619716803.402778, 74
1619716803.421798, 73
1619716803.438844, 75
1619716803.456829, 75
1619716803.474373, 74
1619716803.489902, 73
1619716803.509348, 74
1619716803.526773, 75
1619716803.548357, 75
1619716803.566801, 73
1619716803.584401, 73
1619716803.606937, 75
1619716803.622843, 75
1619716803.639304, 73
1619716803.657817, 75
1619716803.675838, 76
1619716803.701314, 76
1619716803.718292, 75
1619716803.737910, 77
1619716803.758156, 75
1619716803.779713, 75
1619716803.798874, 76
1619716803.815547, 75
1619716803.836433, 75
1619716803.863849, 73
1619716803.895892, 75
1619716803.915970, 74
1619716803.939778, 75
1619716803.962455, 75
1619716803.983633, 74
1619716804.019441, 75
1619716804.042026, 77
1619716804.066677, 75
1619716804.087038, 76
1619716804.108496, 76
1619716804.130402, 75
1619716804.153454, 76
1619716804.170933, 76
1619716804.191932, 76
1619716804.209798, 75
1619716804.228730, 75
1619716804.246470, 75
1619716804.266510, 75
1619716804.285952, 75
1619716804.302955, 75
1619716804.324249, 76
1619716804.340940, 76
1619716804.358947, 76
1619716804.374976, 78
1619716804.391434, 77
1619716804.408553, 77
1619716804.430934, 76
1619716804.472946, 77
1619716804.497958, 77
1619716804.514963, 75
1619716804.532972, 77
1619716804.555514, 75
1619716804.575153, 77
1619716804.591499, 77
1619716804.608631, 76
1619716804.627876, 77
1619716804.644894, 77
1619716804.662998, 78
1619716804.687015, 77
1619716804.707039, 78
1619716804.723543, 79
1619716804.746067, 78
1619716804.768393, 78
1619716804.785576, 77
1619716804.804111, 78
1619716804.821995, 76
1619716804.840041, 76
1619716804.857524, 77
1619716804.882757, 77
1619716804.902632, 77
1619716804.922576, 78
1619716804.943542, 77
1619716804.964200, 78
1619716804.982120, 78
1619716804.998773, 78
1619716805.016065, 78
1619716805.034230, 78
1619716805.069772, 78
1619716805.095358, 79
1619716805.119123, 78
1619716805.136198, 78
1619716805.152193, 78
1619716805.172388, 78
1619716805.204629, 78
1619716805.278604, 78
1619716805.309099, 80
1619716805.331088, 79
1619716805.350218, 80
1619716805.368151, 80
1619716805.384204, 79
1619716805.400274, 79
1619716805.432646, 79
1619716805.461652, 79
1619716805.479927, 79
1619716805.496281, 78
1619716805.519151, 80
1619716805.539196, 79
1619716805.556196, 79
1619716805.578707, 80
1619716805.596269, 79
1619716805.613210, 79
1619716805.630697, 80
1619716805.654880, 80
1619716805.675155, 78
1619716805.695725, 80
1619716805.713799, 80
1619716805.733218, 80
1619716805.752748, 81
1619716805.773839, 80
1619716805.789665, 80
1619716805.811242, 80
1619716805.833017, 79
1619716805.851263, 80
1619716805.867514, 79
1619716805.883755, 80
1619716805.900606, 80
1619716805.921789, 80
1619716805.942782, 80
1619716805.964742, 81
1619716805.983303, 81
1619716806.005212, 81
1619716806.021238, 80
1619716806.038778, 81
1619716806.060314, 81
1619716806.077309, 80
1619716806.096260, 79
1619716806.117830, 80
1619716806.134241, 79
1619716806.156789, 81
1619716806.177065, 81
1619716806.195747, 79
1619716806.218805, 81
1619716806.243026, 81
1619716806.278383, 82
1619716806.306458, 82
1619716806.325928, 81
1619716806.350957, 82
1619716806.369898, 82
1619716806.387365, 81
1619716806.404479, 83
1619716806.422307, 81
1619716806.443413, 82
1619716806.465694, 81
1619716806.485441, 81
1619716806.506852, 80
1619716806.525826, 81
1619716806.554231, 83
1619716806.573423, 83
1619716806.590335, 83
1619716806.622977, 84
1619716806.643384, 83
1619716806.663333, 83
1619716806.695755, 83
1619716806.716861, 83
1619716806.735861, 83
1619716806.754948, 81
1619716806.777885, 81
1619716806.798987, 83
1619716806.821090, 80
1619716806.914572, 83
1619716806.947075, 81
1619716806.973418, 81
1619716806.991126, 82
1619716807.008291, 82
1619716807.028106, 82
1619716807.045188, 83
1619716807.064352, 83
1619716807.088200, 84
1619716807.110764, 82
1619716807.138807, 82
1619716807.164293, 82
1619716807.183917, 82
1619716807.202069, 82
1619716807.220814, 83
1619716807.238936, 82
1619716807.259116, 84
1619716807.281001, 84
1619716807.298701, 84
1619716807.321204, 84
1619716807.339728, 84
1619716807.358953, 84
1619716807.377345, 85
1619716807.403377, 84
1619716807.421798, 84
1619716807.438439, 85
1619716807.467672, 85
1619716807.503711, 84
1619716807.522837, 84
1619716807.541296, 85
1619716807.557734, 83
1619716807.574068, 84
1619716807.594647, 85
1619716807.611063, 85
1619716807.630838, 84
1619716807.646591, 84
1619716807.664365, 84
1619716807.684387, 85
1619716807.701997, 85
1619716807.723177, 85
1619716807.743998, 85
1619716807.761928, 85
1619716807.796092, 84
1619716807.820168, 83
1619716807.840893, 83
1619716807.862623, 84
1619716807.886950, 84
1619716807.905228, 83
1619716807.928065, 85
1619716807.951318, 85
1619716807.972187, 85
1619716807.990365, 85
1619716808.008652, 85
1619716808.025011, 85
1619716808.041518, 83
1619716808.058898, 84
1619716808.087207, 85
1619716808.120766, 86
1619716808.139027, 85
1619716808.156640, 85
1619716808.175693, 84
1619716808.197583, 84
1619716808.217903, 85
1619716808.238887, 85
1619716808.257196, 87
1619716808.274585, 86
1619716808.291328, 87
1619716808.310572, 87
1619716808.329692, 86
1619716808.350016, 87
1619716808.367077, 86
1619716808.384590, 86
1619716808.401782, 86
1619716808.421506, 86
1619716808.437709, 85
1619716808.458675, 85
1619716808.478994, 85
1619716808.496193, 85
1619716808.512671, 85
1619716808.530721, 85
1619716808.561013, 86
1619716808.589204, 86
1619716808.607522, 86
1619716808.631352, 87
1619716808.650600, 87
1619716808.702480, 87
1619716808.722935, 87
1619716808.741950, 87
1619716808.762114, 88
1619716808.780878, 87
1619716808.803295, 87
1619716808.826196, 87
1619716808.846468, 87
1619716808.865363, 87
1619716808.883144, 87
1619716808.900938, 86
1619716808.923931, 88
1619716808.940657, 88
1619716808.960471, 87
1619716808.977128, 88
1619716808.993634, 88
1619716809.011476, 88
1619716809.030362, 88
1619716809.048949, 87
1619716809.065221, 87
1619716809.080762, 87
1619716809.097572, 87
1619716809.115642, 88
1619716809.132348, 86
1619716809.150469, 85
1619716809.167028, 87
1619716809.185025, 86
1619716809.203120, 86
1619716809.222015, 87
1619716809.257419, 88
1619716809.284262, 86
1619716809.314371, 88
1619716809.335137, 88
1619716809.353112, 88
1619716809.372824, 89
1619716809.390113, 88
1619716809.413111, 88
1619716809.431256, 89
1619716809.449211, 88
1619716809.468182, 88
1619716809.487160, 87
1619716809.503895, 87
1619716809.522636, 88
1619716809.542290, 88
1619716809.561151, 89
1619716809.583298, 87
1619716809.600196, 89
1619716809.619272, 89
1619716809.638172, 88
1619716809.658167, 89
1619716809.680741, 90
1619716809.701147, 90
1619716809.721405, 88
1619716809.743168, 89
1619716809.760372, 90
1619716809.778190, 88
1619716809.796203, 89
1619716809.814142, 88
1619716809.832213, 89
1619716809.850155, 87
1619716809.872717, 88
1619716809.912219, 89
1619716809.935370, 89
1619716809.957398, 89
1619716809.979177, 91
1619716810.002064, 89
1619716810.020139, 90
1619716810.041497, 90
1619716810.058055, 90
1619716810.078165, 91
1619716810.095452, 90
1619716810.112395, 90
1619716810.133448, 90
1619716810.150720, 91
1619716810.166646, 89
1619716810.187071, 90
1619716810.206646, 90
1619716810.227476, 89
1619716810.246086, 88
1619716810.262668, 91
1619716810.280666, 92
1619716810.297903, 92
1619716810.315885, 92
1619716810.333561, 92
1619716810.350805, 92
1619716810.367910, 92
1619716810.386189, 93
1619716810.402876, 92
1619716810.419421, 90
1619716810.435219, 93
1619716810.451932, 91
1619716810.472423, 91
1619716810.495225, 90
1619716810.521096, 89
1619716810.538896, 89
1619716810.566583, 90
1619716810.585947, 89
1619716810.604100, 91
1619716810.625468, 91
1619716810.643036, 92
1619716810.662926, 93
1619716810.681616, 92
1619716810.703916, 91
1619716810.724102, 91
1619716810.744333, 91
1619716810.766910, 91
1619716810.784350, 91
1619716810.801364, 92
1619716810.820476, 90
1619716810.842144, 91
1619716810.863751, 90
1619716810.884036, 90
1619716810.902852, 90
1619716810.923822, 91
1619716810.946802, 91
1619716810.974719, 92
1619716811.001487, 91
1619716811.021843, 92
1619716811.038104, 93
1619716811.062800, 93
1619716811.095041, 94
1619716811.126604, 93
1619716811.143184, 91
1619716811.162114, 92
1619716811.181897, 92
1619716811.200052, 91
1619716811.218371, 92
1619716811.235329, 92
1619716811.253188, 92
1619716811.272792, 92
1619716811.289628, 93
1619716811.308041, 92
1619716811.325126, 92
1619716811.350491, 94
1619716811.369123, 93
1619716811.385052, 92
1619716811.401424, 93
1619716811.419166, 93
1619716811.446439, 93
1619716811.465909, 93
1619716811.487181, 93
1619716811.508916, 94
1619716811.529934, 91
1619716811.551077, 93
1619716811.570855, 93
1619716811.589671, 93
1619716811.609300, 93
1619716811.627001, 92
1619716811.645068, 92
1619716811.662494, 95
1619716811.683383, 93
1619716811.713773, 94
1619716811.734309, 94
1619716811.758414, 94
1619716811.776100, 95
1619716811.795601, 95
1619716811.817821, 94
1619716811.836160, 95
1619716811.854142, 94
1619716811.873956, 92
1619716811.890873, 93
1619716811.907889, 94
1619716811.926775, 93
1619716811.944437, 93
1619716811.964061, 94
1619716811.981004, 93
1619716812.005160, 94
1619716812.024078, 94
1619716812.041309, 95
1619716812.060133, 95
1619716812.078339, 94
1619716812.096505, 94
1619716812.116220, 94
1619716812.135580, 95
1619716812.151971, 95
1619716812.170178, 95
1619716812.191764, 95
1619716812.210752, 94
1619716812.229573, 94
1619716812.248660, 92
1619716812.276519, 95
1619716812.324654, 94
1619716812.343690, 94
1619716812.361066, 96
1619716812.380728, 96
1619716812.397307, 96
1619716812.414280, 96
1619716812.435515, 96
1619716812.453516, 96
1619716812.473021, 97
1619716812.489347, 96
1619716812.509619, 96
1619716812.531055, 96
1619716812.548125, 98
1619716812.564970, 96
1619716812.581715, 96
1619716812.597907, 96
1619716812.614876, 96
1619716812.639266, 93
1619716812.656861, 95
1619716812.678709, 95
1619716812.699283, 95
1619716812.716765, 96
1619716812.734433, 96
1619716812.753452, 97
1619716812.774540, 96
1619716812.794941, 96
1619716812.813231, 97
1619716812.842637, 97
1619716812.862052, 96
1619716812.879008, 95
1619716812.920051, 97
1619716812.939339, 94
1619716812.957464, 95
1619716812.975191, 96
1619716812.994096, 96
1619716813.013698, 95
1619716813.041954, 97
1619716813.058695, 96
1619716813.078886, 97
1619716813.103693, 96
1619716813.121321, 97
1619716813.138723, 96
1619716813.156995, 96
1619716813.172895, 96
1619716813.189822, 98
1619716813.206760, 97
1619716813.227817, 96
1619716813.246671, 98
1619716813.267675, 97
1619716813.290675, 97
1619716813.309255, 97
1619716813.326253, 96
1619716813.342594, 96
1619716813.362829, 96
1619716813.380612, 96
1619716813.399987, 96
1619716813.419006, 96
1619716813.436684, 97
1619716813.453861, 98
1619716813.472781, 97
1619716813.500299, 97
1619716813.523836, 98
1619716813.540758, 98
1619716813.560955, 97
1619716813.579157, 96
1619716813.598787, 96
1619716813.616576, 98
1619716813.636241, 98
1619716813.653498, 97
1619716813.670648, 97
1619716813.698044, 96
1619716813.715823, 96
1619716813.732684, 97
1619716813.749423, 98
1619716813.765714, 95
1619716813.787983, 98
1619716813.806215, 98
1619716813.823782, 98
1619716813.846727, 97
1619716813.866546, 98
1619716813.886385, 99
1619716813.908278, 98
1619716813.930735, 97
1619716813.948096, 98
1619716813.965879, 97
1619716813.983217, 99
1619716814.001374, 100
1619716814.018359, 99
1619716814.043534, 98
1619716814.066149, 98
1619716814.088317, 96
1619716814.119228, 99
1619716814.142208, 98
1619716814.168388, 98
1619716814.188049, 99
1619716814.207624, 100
1619716814.228212, 99
1619716814.246963, 99
1619716814.268699, 97
1619716814.291438, 99
1619716814.314929, 99
1619716814.335722, 99
1619716814.353820, 99
1619716814.372651, 98
1619716814.391281, 98
1619716814.411487, 98
1619716814.429496, 99
1619716814.449390, 99
1619716814.465889, 98
1619716814.484552, 99
1619716814.501503, 98
1619716814.518352, 99
1619716814.542826, 99
1619716814.562439, 100
1619716814.585072, 100
1619716814.603991, 99
1619716814.621453, 100
1619716814.647202, 99
1619716814.665372, 99
1619716814.687856, 98
1619716814.717007, 98
1619716814.742219, 98
1619716814.760396, 97
1619716814.780597, 98
1619716814.801964, 97
1619716814.822519, 98
1619716814.839489, 97
1619716814.863087, 97
1619716814.885553, 98
1619716814.905933, 98
1619716814.927034, 97
1619716814.945915, 98
1619716814.963213, 97
1619716814.983844, 97
1619716815.001990, 97
1619716815.020207, 90
1619716815.036639, 89
1619716815.065251, 89
1619716815.083558, 88
1619716815.100911, 88
1619716815.121896, 88
1619716815.139331, 86
1619716815.161601, 79
1619716815.179761, 70
1619716815.201680, 63
1619716815.221533, 55
1619716815.238681, 48
1619716815.260059, 48
1619716815.281326, 47
1619716815.328578, 46
1619716815.348431, 47
1619716815.369615, 47
1619716815.386639, 48
1619716815.405947, 48
1619716815.423115, 48
1619716815.440743, 48
1619716815.466630, 50
1619716815.483861, 48
1619716815.500913, 49
1619716815.525409, 51
1619716815.544175, 50
1619716815.562345, 50
1619716815.582639, 48
1619716815.599429, 49
1619716815.620282, 49
1619716815.642386, 48
1619716815.660149, 49
1619716815.686375, 49
1619716815.708557, 49
1619716815.724825, 49
1619716815.749465, 50
1619716815.767666, 50
1619716815.784750, 48
1619716815.806716, 49
1619716815.824181, 49
1619716815.846325, 48
1619716815.869870, 48
1619716815.889163, 48
1619716815.916305, 49
1619716815.942542, 50
1619716815.966110, 50
1619716815.986217, 49
1619716816.003945, 51
1619716816.028739, 51
1619716816.049227, 49
1619716816.067136, 50
1619716816.085746, 49
1619716816.102320, 49
1619716816.127525, 49
1619716816.147135, 49
1619716816.164741, 51
1619716816.181399, 51
1619716816.198964, 52
1619716816.220678, 51
1619716816.238120, 50
1619716816.261940, 51
1619716816.282596, 51
1619716816.300374, 51
1619716816.321519, 51
1619716816.338854, 52
1619716816.360087, 51
1619716816.376653, 51
1619716816.395940, 51
1619716816.415631, 51
1619716816.431648, 51
1619716816.450804, 53
1619716816.471916, 52
1619716816.512743, 52
1619716816.550874, 50
1619716816.567767, 51
1619716816.591920, 51
1619716816.609359, 52
1619716816.626236, 51
1619716816.653364, 52
1619716816.677831, 54
1619716816.696616, 52
1619716816.715186, 54
1619716816.733297, 54
1619716816.750761, 54
1619716816.774445, 54
1619716816.793757, 52
1619716816.811862, 53
1619716816.837295, 53
1619716816.859098, 53
1619716816.876640, 53
1619716816.894590, 52
1619716816.912495, 52
1619716816.933015, 54
1619716816.950264, 53
1619716816.966652, 53
1619716816.995991, 55
1619716817.015480, 52
1619716817.032477, 54
1619716817.050336, 55
1619716817.067614, 53
1619716817.085564, 54
1619716817.120770, 53
1619716817.146367, 53
1619716817.166103, 54
1619716817.183536, 56
1619716817.201823, 55
1619716817.222825, 55
1619716817.240719, 54
1619716817.259979, 56
1619716817.279108, 55
1619716817.296872, 54
1619716817.317409, 54
1619716817.335285, 54
1619716817.355028, 54
1619716817.372394, 54
1619716817.390624, 55
1619716817.409504, 54
1619716817.426068, 54
1619716817.458909, 57
1619716817.479183, 56
1619716817.495805, 56
1619716817.512541, 55
1619716817.531565, 55
1619716817.551437, 56
1619716817.574469, 55
1619716817.592197, 54
1619716817.611048, 55
1619716817.631118, 56
1619716817.647847, 56
1619716817.665127, 54
1619716817.698139, 55
1619716817.728091, 57
1619716817.753996, 58
1619716817.774399, 57
1619716817.790396, 56
1619716817.808376, 56
1619716817.825524, 57
1619716817.841683, 55
1619716817.859963, 56
1619716817.877430, 57
1619716817.894810, 55
1619716817.911254, 56
1619716817.934502, 55
1619716817.955341, 56
1619716817.973463, 57
1619716817.995979, 58
1619716818.015216, 57
1619716818.034907, 56
1619716818.052863, 57
1619716818.070835, 57
1619716818.088649, 57
1619716818.106034, 57
1619716818.126440, 56
1619716818.143187, 57
1619716818.161682, 57
1619716818.181737, 58
1619716818.201638, 57
1619716818.221652, 57
1619716818.247621, 58
1619716818.265598, 59
1619716818.285842, 59
1619716818.304333, 58
1619716818.332057, 59
1619716818.353686, 59
1619716818.374688, 57
1619716818.395171, 58
1619716818.416620, 59
1619716818.433388, 57
1619716818.451265, 58
1619716818.472912, 57
1619716818.489553, 57
1619716818.514306, 60
1619716818.532814, 59
1619716818.550166, 59
1619716818.570594, 59
1619716818.587945, 59
1619716818.607073, 59
1619716818.625737, 60
1619716818.642994, 59
1619716818.659596, 59
1619716818.678712, 60
1619716818.695129, 60
1619716818.718281, 59
1619716818.734959, 61
1619716818.752256, 61
1619716818.775549, 62
1619716818.793385, 61
1619716818.811208, 61
1619716818.829879, 61
1619716818.845967, 61
1619716818.866511, 60
1619716818.884643, 60
1619716818.904714, 60
1619716818.927539, 58
1619716818.948557, 60
1619716818.968089, 60
1619716818.987367, 60
1619716819.005945, 60
1619716819.022513, 60
1619716819.038915, 61
1619716819.056433, 61
1619716819.073777, 62
1619716819.095030, 60
1619716819.112597, 60
1619716819.128684, 60
1619716819.145749, 62
1619716819.169298, 62
1619716819.189608, 61
1619716819.210923, 60
1619716819.231135, 61
1619716819.249522, 61
1619716819.266898, 61
1619716819.284694, 61
1619716819.302415, 61
1619716819.321865, 62
1619716819.342251, 64
1619716819.360181, 64
1619716819.381190, 62
1619716819.397256, 63
1619716819.415029, 62
1619716819.432914, 62
1619716819.452203, 62
1619716819.468775, 62
1619716819.487331, 62
1619716819.503439, 62
1619716819.537527, 61
1619716819.559871, 61
1619716819.577530, 62
1619716819.599792, 63
1619716819.617430, 61
1619716819.635953, 62
1619716819.655126, 63
1619716819.671655, 63
1619716819.689131, 64
1619716819.705804, 63
1619716819.725639, 63
1619716819.742896, 61
1619716819.763335, 63
1619716819.791172, 62
1619716819.807909, 62
1619716819.825763, 62
1619716819.845138, 63
1619716819.861624, 62
1619716819.878916, 64
1619716819.897331, 63
1619716819.917142, 64
1619716819.936407, 63
1619716819.955426, 64
1619716819.972995, 64
1619716819.993039, 65
1619716820.017143, 64
1619716820.034531, 63
1619716820.053598, 63
1619716820.070301, 63
1619716820.086345, 63
1619716820.103143, 64
1619716820.144687, 61
1619716820.166706, 64
1619716820.185399, 64
1619716820.206050, 64
1619716820.225607, 65
1619716820.247589, 64
1619716820.267490, 64
1619716820.295055, 64
1619716820.313857, 64
1619716820.333573, 65
1619716820.354902, 63
1619716820.371441, 65
1619716820.392896, 64
1619716820.409680, 64
1619716820.427239, 64
1619716820.446077, 66
1619716820.462699, 65
1619716820.486359, 66
1619716820.504413, 65
1619716820.521662, 65
1619716820.540251, 65
1619716820.558708, 65
1619716820.576548, 65
1619716820.593782, 64
1619716820.612678, 64
1619716820.631508, 64
1619716820.650693, 66
1619716820.669846, 65
1619716820.687460, 64
1619716820.706383, 65
1619716820.746608, 66
1619716820.768411, 66
1619716820.785032, 67
1619716820.806099, 65
1619716820.822658, 66
1619716820.845559, 67
1619716820.865678, 66
1619716820.886948, 67
1619716820.907589, 66
1619716820.927123, 66
1619716820.954991, 65
1619716820.974129, 66
1619716820.992794, 65
1619716821.011350, 65
1619716821.029958, 67
1619716821.047068, 66
1619716821.063747, 66
1619716821.082904, 67
1619716821.100280, 67
1619716821.118082, 66
1619716821.139187, 68
1619716821.157760, 68
1619716821.175856, 68
1619716821.196138, 67
1619716821.217896, 67
1619716821.239392, 68
1619716821.257946, 68
1619716821.284663, 67
1619716821.302921, 66
1619716821.330200, 67
1619716821.346069, 68
1619716821.359685, 68
1619716821.373310, 68
1619716821.388767, 69
1619716821.403569, 67
1619716821.417190, 68
1619716821.432390, 68
1619716821.449846, 68
1619716821.464148, 67
1619716821.477693, 68
1619716821.493887, 67
1619716821.510363, 68
1619716821.526417, 67
1619716821.542315, 66
1619716821.559713, 68
1619716821.575712, 66
1619716821.593074, 67
1619716821.610481, 68
1619716821.627945, 69
1619716821.650818, 68
1619716821.668436, 69
1619716821.685124, 70
1619716821.705056, 69
1619716821.723271, 69
1619716821.742604, 69
1619716821.761595, 69
1619716821.778724, 68
1619716821.798120, 68
1619716821.820860, 68
1619716821.841762, 68
1619716821.868168, 68
1619716821.886317, 69
1619716821.904430, 69
1619716821.944783, 69
1619716821.971874, 70
1619716821.990094, 69
1619716822.006782, 70
1619716822.027206, 70
1619716822.043754, 70
1619716822.060574, 69
1619716822.079641, 70
1619716822.101175, 69
1619716822.129901, 69
1619716822.148625, 68
1619716822.165715, 70
1619716822.188944, 69
1619716822.208420, 69
1619716822.230081, 72
1619716822.255345, 71
1619716822.273857, 72
1619716822.295647, 72
1619716822.314860, 72
1619716822.336296, 71
1619716822.354392, 70
1619716822.374608, 71
1619716822.396073, 70
1619716822.413741, 70
1619716822.432910, 70
1619716822.450126, 70
1619716822.473580, 70
1619716822.493734, 71
1619716822.511572, 72
1619716822.550315, 71
1619716822.569542, 72
1619716822.587727, 71
1619716822.606048, 72
1619716822.623067, 71
1619716822.639800, 71
1619716822.656896, 72
1619716822.676604, 70
1619716822.695391, 71
1619716822.715476, 71
1619716822.736461, 70
1619716822.752500, 70
1619716822.770435, 72
1619716822.787161, 72
1619716822.814371, 71
1619716822.844477, 70
1619716822.868243, 73
1619716822.885444, 74
1619716822.902094, 74
1619716822.919949, 73
1619716822.936513, 74
1619716822.955221, 74
1619716822.972163, 73
1619716822.990766, 73
1619716823.008228, 74
1619716823.031130, 73
1619716823.047393, 72
1619716823.064355, 73
1619716823.083196, 72
1619716823.100994, 73
1619716823.119833, 72
1619716823.147599, 73
1619716823.172721, 74
1619716823.191167, 74
1619716823.208800, 73
1619716823.225754, 72
1619716823.243717, 74
1619716823.260863, 74
1619716823.278743, 73
1619716823.299036, 71
1619716823.316501, 72
1619716823.333365, 73
1619716823.349659, 72
1619716823.368978, 72
1619716823.386312, 73
1619716823.409159, 73
1619716823.436409, 73
1619716823.452119, 73
1619716823.469401, 73
1619716823.493923, 73
1619716823.511795, 73
1619716823.529900, 73
1619716823.548659, 74
1619716823.567571, 73
1619716823.585256, 73
1619716823.603444, 75
1619716823.632319, 75
1619716823.653069, 73
1619716823.670274, 75
1619716823.686587, 75
1619716823.710654, 75
1619716823.752409, 76
1619716823.775095, 75
1619716823.793136, 76
1619716823.822716, 75
1619716823.842682, 74
1619716823.861873, 74
1619716823.887239, 73
1619716823.906182, 74
1619716823.922785, 73
1619716823.939112, 73
1619716823.957749, 74
1619716823.981930, 74
1619716824.007731, 76
1619716824.027143, 76
1619716824.048292, 74
1619716824.067381, 75
1619716824.087421, 75
1619716824.107188, 75
1619716824.126456, 75
1619716824.147619, 75
1619716824.169238, 74
1619716824.191898, 76
1619716824.212247, 75
1619716824.233428, 74
1619716824.256753, 75
1619716824.276671, 74
1619716824.296978, 74
1619716824.316473, 76
1619716824.349421, 76
1619716824.369966, 76
1619716824.386832, 76
1619716824.403190, 77
1619716824.423403, 75
1619716824.443946, 76
1619716824.462821, 76
1619716824.479758, 75
1619716824.502172, 76
1619716824.520288, 76
1619716824.538001, 75
1619716824.557049, 76
1619716824.574297, 77
1619716824.590952, 76
1619716824.607704, 75
1619716824.623948, 78
1619716824.642011, 78
1619716824.660531, 76
1619716824.679592, 77
1619716824.702541, 76
1619716824.720485, 76
1619716824.738226, 77
1619716824.756368, 77
1619716824.773066, 77
1619716824.790023, 76
1619716824.806864, 77
1619716824.825456, 76
1619716824.841747, 76
1619716824.863431, 76
1619716824.882739, 77
1619716824.899432, 77
1619716824.918647, 77
1619716824.944907, 77
1619716824.971059, 78
1619716824.990162, 77
1619716825.006426, 77
1619716825.026298, 78
1619716825.044234, 78
1619716825.064657, 79
1619716825.082932, 80
1619716825.100923, 78
1619716825.117915, 78
1619716825.142615, 78
1619716825.161369, 77
1619716825.181182, 77
1619716825.201710, 77
1619716825.218583, 77
1619716825.235891, 78
1619716825.253531, 79
1619716825.275271, 79
1619716825.292661, 79
1619716825.310248, 79
1619716825.329572, 79
1619716825.349272, 77
1619716825.386903, 80
1619716825.419708, 79
1619716825.441409, 78
1619716825.460082, 79
1619716825.477558, 78
1619716825.495945, 77
1619716825.526021, 78
1619716825.555310, 79
1619716825.584104, 78
1619716825.601430, 79
1619716825.621371, 78
1619716825.638817, 78
1619716825.656385, 80
1619716825.679157, 79
1619716825.696718, 79
1619716825.715178, 79
1619716825.736404, 77
1619716825.753381, 78
1619716825.771279, 78
1619716825.788771, 80
1619716825.804852, 79
1619716825.821915, 79
1619716825.836991, 78
1619716825.853259, 79
1619716825.877281, 81
1619716825.895701, 80
1619716825.914924, 80
1619716825.936320, 81
1619716825.952584, 80
1619716825.972121, 80
1619716825.998728, 80
1619716826.016636, 80
1619716826.035671, 80
1619716826.053526, 80
1619716826.070946, 78
1619716826.096270, 78
1619716826.115491, 80
1619716826.137230, 79
1619716826.158724, 79
1619716826.179759, 80
1619716826.198071, 80
1619716826.217766, 81
1619716826.235248, 81
1619716826.255140, 80
1619716826.282583, 81
1619716826.308769, 80
1619716826.327438, 82
1619716826.350302, 81
1619716826.371558, 79
1619716826.388402, 80
1619716826.407584, 79
1619716826.426328, 80
1619716826.445541, 81
1619716826.469984, 80
1619716826.487175, 81
1619716826.510859, 81
1619716826.528061, 80
1619716826.550419, 81
1619716826.568528, 81
1619716826.586377, 82
1619716826.604027, 81
1619716826.620331, 83
1619716826.637810, 81
1619716826.657032, 81
1619716826.677348, 83
1619716826.697141, 80
1619716826.714744, 81
1619716826.740780, 80
1619716826.768596, 81
1619716826.795576, 81
1619716826.811873, 82
1619716826.834239, 82
1619716826.853504, 83
1619716826.871600, 82
1619716826.889582, 82
1619716826.909540, 82
1619716826.926524, 82
1619716826.943295, 82
1619716826.960788, 83
1619716826.983672, 83
1619716827.002990, 82
1619716827.019859, 81
1619716827.036733, 82
1619716827.053744, 82
1619716827.071183, 82
1619716827.088663, 82
1619716827.105559, 82
1619716827.133812, 82
1619716827.153690, 84
1619716827.171879, 82
1619716827.194133, 84
1619716827.210982, 83
1619716827.229645, 82
1619716827.250053, 83
1619716827.267460, 84
1619716827.293849, 83
1619716827.315832, 84
1619716827.357246, 82
1619716827.379220, 83
1619716827.403348, 82
1619716827.424505, 82
1619716827.441898, 82
1619716827.464895, 83
1619716827.481613, 83
1619716827.505139, 84
1619716827.526823, 83
1619716827.546965, 85
1619716827.578919, 85
1619716827.598886, 84
1619716827.618371, 86
1619716827.643152, 84
1619716827.663016, 85
1619716827.681186, 85
1619716827.698071, 84
1619716827.715488, 83
1619716827.734725, 83
1619716827.753548, 84
1619716827.772285, 83
1619716827.792078, 83
1619716827.809719, 84
1619716827.825878, 85
1619716827.844616, 84
1619716827.864465, 85
1619716827.886643, 85
1619716827.904188, 85
1619716827.928296, 84
1619716827.970385, 85
1619716827.990324, 86
1619716828.007766, 83
1619716828.028278, 83
1619716828.046342, 85
1619716828.065615, 85
1619716828.086980, 84
1619716828.104798, 84
1619716828.134232, 86
1619716828.153199, 85
1619716828.170582, 86
1619716828.188885, 85
1619716828.211789, 84
1619716828.231664, 86
1619716828.250687, 86
1619716828.270360, 86
1619716828.296143, 86
1619716828.313953, 87
1619716828.335970, 86
1619716828.354318, 86
1619716828.373042, 85
1619716828.390412, 87
1619716828.414866, 86
1619716828.432465, 85
1619716828.450404, 87
1619716828.471512, 86
1619716828.489592, 86
1619716828.505520, 87
1619716828.523297, 85
1619716828.550907, 87
1619716828.578517, 87
1619716828.600296, 86
1619716828.618764, 85
1619716828.635348, 88
1619716828.654098, 88
1619716828.671577, 86
1619716828.689659, 86
1619716828.707777, 85
1619716828.724032, 86
1619716828.746361, 87
1619716828.763272, 86
1619716828.781309, 87
1619716828.800727, 86
1619716828.818027, 88
1619716828.846942, 86
1619716828.869331, 88
1619716828.886106, 87
1619716828.912697, 87
1619716828.928944, 87
1619716828.947622, 87
1619716828.976733, 88
1619716828.994161, 86
1619716829.013874, 86
1619716829.042206, 86
1619716829.060424, 86
1619716829.079632, 86
1619716829.105079, 86
1619716829.123024, 88
1619716829.140485, 88
1619716829.162780, 87
1619716829.182729, 86
1619716829.198984, 87
1619716829.218270, 89
1619716829.235718, 88
1619716829.253212, 88
1619716829.272148, 87
1619716829.289959, 89
1619716829.307028, 88
1619716829.324904, 87
1619716829.345398, 86
1619716829.361693, 88
1619716829.381764, 87
1619716829.399394, 88
1619716829.416557, 87
1619716829.432149, 87
1619716829.448983, 89
1619716829.468324, 88
1619716829.485127, 88
1619716829.504552, 88
1619716829.523187, 89
1619716829.540970, 89
1619716829.559023, 89
1619716829.576766, 87
1619716829.596227, 87
1619716829.616720, 88
1619716829.635989, 88
1619716829.654093, 89
1619716829.670947, 89
1619716829.696861, 88
1619716829.717943, 88
1619716829.734209, 89
1619716829.760235, 86
1619716829.780631, 89
1619716829.811927, 88
1619716829.831248, 90
1619716829.847567, 89
1619716829.873460, 90
1619716829.892730, 90
1619716829.910805, 89
1619716829.931379, 89
1619716829.948284, 89
1619716829.965639, 89
1619716829.984205, 89
1619716830.006462, 89
1619716830.026182, 87
1619716830.042039, 89
1619716830.058866, 89
1619716830.076416, 87
1619716830.093893, 89
1619716830.112643, 88
1619716830.130586, 88
1619716830.148175, 90
1619716830.168578, 91
1619716830.191117, 90
1619716830.210769, 90
1619716830.229133, 91
1619716830.247547, 89
1619716830.271037, 90
1619716830.292198, 90
1619716830.315489, 90
1619716830.333747, 89
1619716830.373521, 90
1619716830.390337, 91
1619716830.410459, 91
1619716830.428690, 92
1619716830.447600, 93
1619716830.464930, 91
1619716830.487088, 92
1619716830.503343, 92
1619716830.526884, 90
1619716830.544471, 92
1619716830.562828, 93
1619716830.583963, 91
1619716830.600828, 90
1619716830.624341, 93
1619716830.642361, 91
1619716830.662959, 90
1619716830.682784, 91
1619716830.701410, 90
1619716830.728773, 89
1619716830.747245, 91
1619716830.767221, 91
1619716830.787079, 92
1619716830.810940, 91
1619716830.832182, 93
1619716830.855024, 93
1619716830.877939, 92
1619716830.896411, 94
1619716830.915466, 92
1619716830.934251, 93
1619716830.954819, 92
1619716830.987897, 93
1619716831.012897, 92
1619716831.031890, 92
1619716831.055029, 91
1619716831.074697, 91
1619716831.092079, 92
1619716831.111235, 91
1619716831.128365, 91
1619716831.148889, 92
1619716831.166866, 90
1619716831.187087, 92
1619716831.214599, 92
1619716831.233503, 92
1619716831.250921, 92
1619716831.270736, 92
1619716831.288163, 93
1619716831.309456, 93
1619716831.330640, 94
1619716831.348589, 93
1619716831.367029, 93
1619716831.386010, 93
1619716831.402967, 93
1619716831.426042, 90
1619716831.443548, 93
1619716831.460295, 92
1619716831.477073, 91
1619716831.494436, 91
1619716831.512635, 92
1619716831.533927, 93
1619716831.555913, 94
1619716831.583886, 93
1619716831.601676, 94
1619716831.620773, 92
1619716831.638716, 94
1619716831.658372, 94
1619716831.676870, 93
1619716831.694318, 94
1619716831.715459, 93
1619716831.739893, 92
1619716831.761904, 92
1619716831.786200, 93
1619716831.801883, 92
1619716831.818444, 93
1619716831.849840, 92
1619716831.867792, 93
1619716831.888236, 95
1619716831.910439, 93
1619716831.929603, 93
1619716831.948760, 93
1619716831.966575, 94
1619716831.983987, 94
1619716832.004363, 94
1619716832.022032, 95
1619716832.040182, 94
1619716832.060383, 94
1619716832.079060, 93
1619716832.110686, 92
1619716832.128931, 93
1619716832.171031, 94
1619716832.189526, 94
1619716832.211555, 96
1619716832.234186, 94
1619716832.254340, 94
1619716832.276458, 95
1619716832.295574, 94
1619716832.312912, 94
1619716832.332301, 95
1619716832.361924, 94
1619716832.379225, 95
1619716832.399426, 94
1619716832.426649, 94
1619716832.445765, 93
1619716832.465471, 95
1619716832.485002, 95
1619716832.502397, 95
1619716832.528326, 94
1619716832.544502, 94
1619716832.559480, 93
1619716832.575797, 95
1619716832.591414, 95
1619716832.606935, 94
1619716832.621949, 96
1619716832.637770, 96
1619716832.655528, 95
1619716832.671118, 95
1619716832.688177, 95
1619716832.705060, 96
1619716832.725889, 95
1619716832.756698, 95
1619716832.772312, 96
1619716832.787855, 96
1619716832.804240, 95
1619716832.820332, 94
1619716832.835378, 94
1619716832.850965, 93
1619716832.866691, 95
1619716832.879924, 95
1619716832.893840, 94
1619716832.907160, 95
1619716832.921785, 96
1619716832.939727, 96
1619716832.957713, 96
1619716832.975649, 97
1619716832.993625, 97
1619716833.014898, 95
1619716833.031023, 97
1619716833.047901, 95
1619716833.065797, 96
1619716833.086069, 97
1619716833.102369, 96
1619716833.119202, 96
1619716833.137790, 96
1619716833.156284, 96
1619716833.177892, 96
1619716833.196286, 97
1619716833.214367, 96
1619716833.231098, 96
1619716833.249576, 97
1619716833.265278, 97
1619716833.281477, 97
1619716833.301738, 98
1619716833.318006, 97
1619716833.336740, 98
1619716833.373923, 97
1619716833.396741, 97
1619716833.413271, 97
1619716833.433789, 97
1619716833.452165, 97
1619716833.469516, 97
1619716833.489868, 98
1619716833.508307, 96
1619716833.528354, 97
1619716833.555153, 97
1619716833.575388, 96
1619716833.593874, 97
1619716833.614696, 97
1619716833.636189, 96
1619716833.653564, 97
1619716833.678951, 99
1619716833.699920, 98
1619716833.716739, 97
1619716833.736341, 99
1619716833.752572, 98
1619716833.770487, 97
1619716833.790639, 97
1619716833.809896, 98
1619716833.827808, 97
1619716833.845113, 98
1619716833.866875, 97
1619716833.884005, 96
1619716833.911157, 97
1619716833.932553, 97
1619716833.975991, 98
1619716834.004324, 98
1619716834.024826, 99
1619716834.043983, 99
1619716834.062623, 98
1619716834.086936, 97
1619716834.105010, 99
1619716834.127579, 98
1619716834.151922, 98
1619716834.168185, 99
1619716834.185489, 99
1619716834.202572, 98
1619716834.221433, 98
1619716834.242316, 96
1619716834.260495, 99
1619716834.278185, 99
1619716834.295691, 97
1619716834.313640, 98
1619716834.332342, 97
1619716834.362308, 98
1619716834.385620, 99
1619716834.403460, 98
1619716834.423733, 100
1619716834.445793, 99
1619716834.463199, 100
1619716834.481081, 99
1619716834.500315, 98
1619716834.519309, 100
1619716834.542009, 99
1619716834.564291, 100
1619716834.583839, 99
1619716834.603983, 99
1619716834.623771, 97
1619716834.641689, 99
1619716834.665556, 97
1619716834.681697, 98
1619716834.703722, 99
1619716834.725748, 99
1619716834.743696, 99
1619716834.762267, 98
1619716834.780308, 100
1619716834.797728, 99
1619716834.816130, 99
1619716834.832496, 99
1619716834.861723, 99
1619716834.881035, 100
1619716834.897381, 100
1619716834.917138, 99
1619716834.934484, 100
1619716834.953048, 100
1619716834.971528, 99
1619716834.990613, 98
1619716835.010388, 98
1619716835.027192, 98
1619716835.044805, 97
1619716835.062589, 97
1619716835.079364, 97
1619716835.100341, 98
1619716835.117564, 96
1619716835.141850, 97
1619716835.170780, 97
1619716835.190154, 97
1619716835.208340, 97
1619716835.226700, 89
1619716835.246982, 89
1619716835.264471, 85
1619716835.289772, 78
1619716835.306033, 71
1619716835.324717, 63
1619716835.344431, 59
1619716835.361259, 50
1619716835.382541, 46
1619716835.398244, 47
1619716835.418928, 48
1619716835.443249, 46
1619716835.462506, 47
1619716835.480673, 48
1619716835.496845, 46
1619716835.514240, 47
1619716835.532331, 48
1619716835.549045, 48
1619716835.567617, 47
1619716835.584566, 47
1619716835.601268, 48
1619716835.619753, 45
1619716835.642341, 48
1619716835.661559, 49
1619716835.678418, 49
1619716835.696354, 49
1619716835.713777, 48
1619716835.732321, 49
1619716835.756579, 48
1619716835.793235, 48
1619716835.811129, 49
1619716835.827366, 49
1619716835.844769, 49
1619716835.862702, 49
1619716835.881222, 49
1619716835.902353, 51
1619716835.921107, 50
1619716835.938297, 50
1619716835.955329, 50
1619716835.975416, 50
1619716835.995717, 48
1619716836.013725, 49
1619716836.030924, 49
1619716836.049500, 50
1619716836.066573, 49
1619716836.093493, 49
1619716836.111695, 49
1619716836.132737, 50
1619716836.159569, 51
1619716836.178218, 51
1619716836.195532, 50
1619716836.218425, 50
1619716836.239078, 49
1619716836.261794, 50
1619716836.280622, 50
1619716836.300011, 50
1619716836.317730, 51
1619716836.343520, 52
1619716836.391377, 51
1619716836.412391, 51
1619716836.431241, 52
1619716836.449439, 51
1619716836.465998, 52
1619716836.487091, 50
1619716836.505946, 49
1619716836.524214, 51
1619716836.544033, 50
1619716836.561348, 51
1619716836.581466, 50
1619716836.599535, 51
1619716836.618902, 53
1619716836.637366, 52
1619716836.653488, 53
1619716836.678281, 53
1619716836.696728, 52
1619716836.713091, 52
1619716836.732348, 53
1619716836.749721, 53
1619716836.768819, 52
1619716836.790696, 51
1619716836.807714, 52
1619716836.824688, 52
1619716836.843433, 51
1619716836.863373, 54
1619716836.885924, 53
1619716836.901997, 53
1619716836.923110, 54
1619716836.941116, 54
1619716836.969296, 53
1619716836.993181, 52
1619716837.011982, 53
1619716837.032669, 53
1619716837.052416, 53
1619716837.069857, 52
1619716837.089898, 55
1619716837.106073, 53
1619716837.127189, 53
1619716837.144406, 54
1619716837.167015, 54
1619716837.184286, 54
1619716837.201746, 54
1619716837.229601, 55
1619716837.249627, 54
1619716837.267253, 55
1619716837.290667, 53
1619716837.308011, 55
1619716837.327389, 55
1619716837.345689, 54
1619716837.365741, 54
1619716837.390791, 54
1619716837.409716, 54
1619716837.428377, 56
1619716837.446335, 56
1619716837.463239, 55
1619716837.483805, 55
1619716837.502696, 54
1619716837.524002, 55
1619716837.545362, 54
1619716837.576201, 55
1619716837.598405, 54
1619716837.626845, 55
1619716837.653995, 56
1619716837.672292, 55
1619716837.692733, 55
1619716837.712743, 55
1619716837.731021, 57
1619716837.750103, 56
1619716837.768271, 56
1619716837.785793, 56
1619716837.806359, 55
1619716837.823082, 56
1619716837.840023, 56
1619716837.858336, 55
1619716837.878208, 55
1619716837.901113, 58
1619716837.917715, 58
1619716837.936607, 57
1619716837.955650, 58
1619716837.972967, 58
1619716837.990187, 57
1619716838.008426, 57
1619716838.029377, 57
1619716838.046956, 56
1619716838.070921, 56
1619716838.090103, 56
1619716838.111196, 56
1619716838.129485, 56
1619716838.148574, 56
1619716838.181829, 58
1619716838.208122, 57
1619716838.231010, 58
1619716838.252586, 57
1619716838.273474, 57
1619716838.293493, 59
1619716838.313286, 59
1619716838.332262, 58
1619716838.352252, 58
1619716838.380697, 57
1619716838.397734, 58
1619716838.416036, 58
1619716838.433648, 58
1619716838.452531, 60
1619716838.474608, 58
1619716838.493580, 59
1619716838.511863, 57
1619716838.529000, 59
1619716838.550047, 59
1619716838.567900, 57
1619716838.585500, 60
1619716838.607222, 58
1619716838.626816, 57
1619716838.645054, 58
1619716838.666536, 58
1619716838.683265, 58
1619716838.701889, 59
1619716838.718518, 59
1619716838.744383, 60
1619716838.775658, 60
1619716838.804119, 60
1619716838.822867, 61
1619716838.839993, 59
1619716838.860000, 60
1619716838.878218, 60
1619716838.898807, 59
1619716838.916181, 59
1619716838.933560, 59
1619716838.962192, 59
1619716838.978769, 60
1619716838.998651, 61
1619716839.018046, 61
1619716839.035882, 61
1619716839.059150, 60
1619716839.076313, 60
1619716839.094576, 61
1619716839.113995, 61
1619716839.131004, 60
1619716839.162453, 61
1619716839.184267, 59
1619716839.204396, 60
1619716839.222919, 61
1619716839.241249, 60
1619716839.258819, 61
1619716839.282278, 62
1619716839.300045, 61
1619716839.317665, 63
1619716839.335195, 63
1619716839.353330, 62
1619716839.378728, 61
1619716839.398672, 61
1619716839.416407, 60
1619716839.437829, 61
1619716839.455697, 61
1619716839.472372, 61
1619716839.492715, 61
1619716839.512621, 62
1619716839.530815, 61
1619716839.551896, 62
1619716839.570695, 60
1619716839.590695, 63
1619716839.609017, 64
1619716839.626698, 63
1619716839.643786, 62
1619716839.662553, 63
1619716839.681457, 63
1619716839.699745, 62
1619716839.719172, 62
1619716839.738666, 60
1619716839.756337, 62
1619716839.772834, 62
1619716839.790018, 62
1619716839.807100, 62
1619716839.829420, 64
1619716839.845923, 63
1619716839.863103, 64
1619716839.883315, 64
1619716839.902458, 64
1619716839.923063, 64
1619716839.940261, 64
1619716839.959735, 65
1619716839.982524, 62
1619716840.005757, 63
1619716840.022850, 62
1619716840.039932, 62
1619716840.056627, 61
1619716840.073989, 62
1619716840.095867, 64
1619716840.112546, 64
1619716840.134087, 65
1619716840.150663, 64
1619716840.167811, 64
1619716840.184368, 64
1619716840.204266, 63
1619716840.227072, 64
1619716840.249860, 64
1619716840.268602, 63
1619716840.287495, 64
1619716840.306830, 63
1619716840.326286, 63
1619716840.348144, 64
1619716840.368449, 65
1619716840.398171, 64
1619716840.416786, 64
1619716840.433865, 66
1619716840.454985, 64
1619716840.471557, 65
1619716840.488133, 66
1619716840.504768, 65
1619716840.521738, 64
1619716840.542779, 64
1619716840.574696, 65
1619716840.601015, 66
1619716840.625494, 64
1619716840.645758, 65
1619716840.664414, 66
1619716840.680808, 65
1619716840.697936, 66
1619716840.718929, 66
1619716840.737927, 66
1619716840.756295, 65
1619716840.771631, 64
1619716840.789293, 65
1619716840.810966, 65
1619716840.826727, 64
1619716840.848357, 64
1619716840.877454, 66
1619716840.895207, 66
1619716840.912940, 66
1619716840.932050, 66
1619716840.949401, 67
1619716840.968464, 66
1619716840.987017, 66
1619716841.004668, 67
1619716841.022432, 66
1619716841.038362, 67
1619716841.068479, 66
1619716841.088294, 68
1619716841.106221, 66
1619716841.123085, 64
1619716841.139935, 67
1619716841.160185, 66
1619716841.185578, 67
1619716841.209805, 64
1619716841.229706, 67
1619716841.249390, 68
1619716841.271162, 67
1619716841.287664, 68
1619716841.308777, 67
1619716841.326425, 67
1619716841.348607, 67
1619716841.366390, 68
1619716841.383133, 67
1619716841.399699, 67
1619716841.421753, 66
1619716841.441875, 66
1619716841.463390, 68
1619716841.482292, 67
1619716841.499915, 68
1619716841.530138, 68
1619716841.549542, 67
1619716841.566702, 69
1619716841.585578, 68
1619716841.601929, 68
1619716841.621974, 68
1619716841.643622, 69
1619716841.661568, 68
1619716841.677304, 66
1619716841.694144, 67
1619716841.710734, 68
1619716841.727336, 68
1619716841.750716, 67
1619716841.789375, 67
1619716841.813508, 68
1619716841.831766, 70
1619716841.859742, 69
1619716841.882558, 69
1619716841.900260, 70
1619716841.917950, 69
1619716841.935194, 69
1619716841.952704, 69
1619716841.973928, 68
1619716841.992664, 69
1619716842.016965, 69
1619716842.034054, 68
1619716842.052593, 68
1619716842.078740, 69
1619716842.096597, 69
1619716842.115338, 71
1619716842.132372, 70
1619716842.148804, 70
1619716842.169374, 70
1619716842.184807, 70
1619716842.204272, 70
1619716842.225303, 70
1619716842.246044, 71
1619716842.266529, 68
1619716842.292541, 69
1619716842.313525, 69
1619716842.336334, 70
1619716842.352260, 68
1619716842.391613, 70
1619716842.414236, 70
1619716842.436763, 69
1619716842.458316, 72
1619716842.473698, 72
1619716842.490697, 70
1619716842.509466, 73
1619716842.531869, 71
1619716842.548412, 73
1619716842.567085, 71
1619716842.584540, 72
1619716842.601246, 71
1619716842.618292, 71
1619716842.634845, 72
1619716842.652478, 70
1619716842.672390, 69
1619716842.688287, 69
1619716842.703604, 72
1619716842.725463, 71
1619716842.744180, 72
1619716842.762389, 72
1619716842.779388, 71
1619716842.798382, 71
1619716842.816154, 72
1619716842.836068, 72
1619716842.854788, 72
1619716842.872437, 69
1619716842.899575, 72
1619716842.917198, 72
1619716842.933754, 71
1619716842.954794, 70
1619716843.001414, 72
1619716843.022698, 72
1619716843.039089, 72
1619716843.058394, 72
1619716843.078791, 72
1619716843.098873, 72
1619716843.116615, 72
1619716843.132923, 73
1619716843.148974, 72
1619716843.165466, 72
1619716843.188490, 73
1619716843.208308, 71
1619716843.229365, 72
1619716843.253799, 71
1619716843.272169, 71
1619716843.299223, 73
1619716843.316584, 74
1619716843.334308, 74
1619716843.355178, 75
1619716843.373010, 74
1619716843.395271, 75
1619716843.412505, 73
1619716843.430674, 75
1619716843.461258, 75
1619716843.480679, 73
1619716843.498544, 72
1619716843.517431, 73
1619716843.533932, 73
1619716843.551062, 72
1619716843.579301, 72
1619716843.618709, 73
1619716843.635801, 73
1619716843.652578, 74
1619716843.669540, 74
1619716843.688473, 74
1619716843.704836, 74
1619716843.728282, 74
1619716843.750421, 74
1619716843.767091, 75
1619716843.786797, 73
1619716843.804381, 74
1619716843.821199, 73
1619716843.839700, 73
1619716843.858724, 74
1619716843.879721, 74
1619716843.897522, 74
1619716843.922077, 74
1619716843.939202, 75
1619716843.962071, 75
1619716843.986600, 75
1619716844.004688, 74
1619716844.024259, 75
1619716844.045048, 74
1619716844.062431, 75
1619716844.091018, 75
1619716844.108155, 75
1619716844.125872, 74
1619716844.145241, 73
1619716844.163007, 75
1619716844.189181, 74
1619716844.210220, 74
1619716844.236673, 76
1619716844.259326, 75
1619716844.281983, 77
1619716844.301050, 75
1619716844.325781, 75
1619716844.343167, 76
1619716844.367790, 75
1619716844.383718, 76
1619716844.412379, 75
1619716844.430635, 74
1619716844.446526, 75
1619716844.463170, 74
1619716844.480243, 76
1619716844.497337, 75
1619716844.514826, 75
1619716844.536060, 76
1619716844.553241, 77
1619716844.570335, 77
1619716844.586890, 77
1619716844.612447, 76
1619716844.632194, 77
1619716844.648770, 77
1619716844.670258, 75
1619716844.686377, 76
1619716844.704454, 76
1619716844.723876, 75
1619716844.741556, 75
1619716844.759806, 76
1619716844.798524, 76
1619716844.817708, 76
1619716844.846729, 77
1619716844.864913, 77
1619716844.883154, 77
1619716844.900889, 77
1619716844.919800, 77
1619716844.936432, 77
1619716844.955234, 78
1619716844.972590, 76
1619716845.006441, 77
1619716845.024323, 76
1619716845.042914, 78
1619716845.063531, 77
1619716845.080786, 77
1619716845.099079, 77
1619716845.117891, 77
1619716845.137932, 77
1619716845.155587, 78
1619716845.172257, 77
1619716845.197916, 77
1619716845.216455, 79
1619716845.234341, 78
1619716845.258944, 79
1619716845.282391, 78
1619716845.301187, 78
1619716845.319454, 76
1619716845.336080, 78
1619716845.361186, 77
1619716845.403879, 78
1619716845.424356, 77
1619716845.441999, 79
1619716845.464194, 79
1619716845.481788, 79
1619716845.498888, 79
1619716845.520994, 76
1619716845.537638, 78
1619716845.554713, 78
1619716845.571167, 79
1619716845.588729, 79
1619716845.608201, 78
1619716845.626387, 78
1619716845.646535, 78
1619716845.664624, 79
1619716845.682618, 78
1619716845.707196, 78
1619716845.724842, 79
1619716845.742161, 80
1619716845.771640, 80
1619716845.789849, 78
1619716845.807334, 79
1619716845.823378, 80
1619716845.842184, 80
1619716845.862683, 80
1619716845.879804, 80
1619716845.897526, 81
1619716845.915949, 79
1619716845.934009, 80
1619716845.953352, 79
1619716845.970357, 76
1619716846.010909, 79
1619716846.030051, 80
1619716846.049139, 79
1619716846.065884, 80
1619716846.081944, 80
1619716846.098951, 80
1619716846.117260, 81
1619716846.134173, 81
1619716846.158879, 80
1619716846.180489, 80
1619716846.198227, 80
1619716846.215488, 80
1619716846.234769, 81
1619716846.262738, 80
1619716846.285913, 79