1619718383.676182, 0
1619718383.739473, 2
1619718383.772462, 6
1619718383.793397, 4
1619718383.811692, 4
1619718383.827754, 11
1619718383.848962, 18
1619718383.869005, 19
1619718383.887213, 23
1619718383.905268, 28
1619718383.921341, 35
1619718383.937267, 39
1619718383.954360, 44
1619718383.973234, 47
1619718383.990219, 51
1619718384.006152, 56
1619718384.022539, 62
1619718384.042949, 67
1619718384.060407, 70
1619718384.076121, 73
1619718384.092421, 78
1619718384.108574, 85
1619718384.129802, 90
1619718384.146562, 95
1619718384.164529, 102
1619718384.182443, 108
1619718384.199613, 112
1619718384.216467, 117
1619718384.233585, 121
1619718384.250653, 128
1619718384.267386, 131
1619718384.284661, 136
1619718384.301534, 141
1619718384.319639, 147
1619718384.338651, 152
1619718384.358359, 160
1619718384.379673, 162
1619718384.396767, 165
1619718384.414657, 170
1619718384.432805, 176
1619718384.449594, 181
1619718384.468250, 184
1619718384.486122, 189
1619718384.504429, 195
1619718384.523167, 201
1619718384.544041, 208
1619718384.564201, 212
1619718384.584002, 217
1619718384.602352, 223
1619718384.619741, 228
1619718384.638911, 233
1619718384.659053, 240
1619718384.677786, 246
1619718384.696581, 253
1619718384.722085, 261
1619718384.751079, 264
1619718384.768076, 270
1619718384.787009, 275
1619718384.807112, 280
1619718384.825127, 285
1619718384.845284, 291
1619718384.862078, 296
1619718384.880698, 303
1619718384.904201, 310
1619718384.923580, 314
1619718384.943681, 319
1619718384.962033, 328
1619718384.980569, 332
1619718384.997101, 335
1619718385.018312, 342
1619718385.037509, 346
1619718385.056201, 350
1619718385.073122, 356
1619718385.091281, 362
1619718385.107806, 366
1619718385.128272, 371
1619718385.144321, 378
1619718385.162240, 382
1619718385.182132, 388
1619718385.199116, 392
1619718385.216291, 397
1619718385.235163, 404
1619718385.252143, 409
1619718385.278220, 415
1619718385.305918, 423
1619718385.335626, 431
1619718385.357224, 440
1619718385.464975, 453
1619718385.555949, 470
1619718385.584048, 482
1619718385.605180, 495
1619718385.625808, 507
1619718385.647775, 519
1619718385.665202, 526
1619718385.683742, 537
1619718385.700835, 546
1619718385.720895, 560
1619718385.739740, 571
1619718385.759773, 579
1619718385.776560, 589
1619718385.795844, 596
1619718385.812341, 599
1619718385.830659, 599
1619718385.848609, 599
1619718385.865455, 600
1619718385.889155, 600
1619718385.905405, 600
1619718385.928813, 600
1619718385.948111, 599
1619718385.970573, 598
1619718385.992311, 600
1619718386.015617, 599
1619718386.032273, 600
1619718386.049987, 600
1619718386.066566, 600
1619718386.082351, 600
1619718386.098273, 600
1619718386.113117, 599
1619718386.129750, 599
1619718386.144734, 600
1619718386.162201, 599
1619718386.179075, 600
1619718386.195613, 599
1619718386.212458, 600
1619718386.229969, 599
1619718386.245668, 600
1619718386.261666, 599
1619718386.280678, 599
1619718386.297003, 600
1619718386.316551, 599
1619718386.333039, 599
1619718386.349710, 599
1619718386.367296, 600
1619718386.383072, 600
1619718386.398903, 599
1619718386.415565, 600
1619718386.432317, 599
1619718386.447152, 600
1619718386.463456, 600
1619718386.482018, 599
1619718386.497855, 600
1619718386.515517, 599
1619718386.542141, 599
1619718386.559851, 599
1619718386.576575, 599
1619718386.593153, 600
1619718386.611343, 600
1619718386.626741, 599
1619718386.643712, 599
1619718386.658002, 600
1619718386.672023, 600
1619718386.688581, 600
1619718386.703939, 599
1619718386.719856, 599
1619718386.739079, 599
1619718386.756698, 599
1619718386.776260, 600
1619718386.794676, 600
1619718386.814575, 599
1619718386.831445, 600
1619718386.847852, 599
1619718386.864072, 599
1619718386.883813, 600
1619718386.900546, 600
1619718386.917266, 600
1619718386.933945, 600
1619718386.952533, 599
1619718386.971765, 600
1619718386.993679, 599
1619718387.015538, 600
1619718387.040390, 599
1619718387.058668, 600
1619718387.076336, 600
1619718387.094625, 600
1619718387.116801, 600
1619718387.140411, 599
1619718387.163159, 599
1619718387.180890, 600
1619718387.198703, 598
1619718387.216301, 599
1619718387.242536, 599
1619718387.263030, 600
1619718387.280848, 599
1619718387.301031, 600
1619718387.316875, 599
1619718387.334435, 599
1619718387.352878, 600
1619718387.370484, 600
1619718387.392670, 600
1619718387.411260, 599
1619718387.432212, 600
1619718387.449636, 599
1619718387.468985, 599
1619718387.486406, 600
1619718387.504813, 600
1619718387.525970, 600
1619718387.544460, 600
1619718387.562069, 599
1619718387.580474, 599
1619718387.598866, 599
1619718387.615672, 599
1619718387.635712, 599
1619718387.656014, 600
1619718387.676354, 599
1619718387.697249, 599
1619718387.716591, 600
1619718387.745564, 598
1619718387.783333, 599
1619718387.801671, 599
1619718387.818895, 597
1619718387.838050, 597
1619718387.855505, 597
1619718387.876745, 597
1619718387.896454, 599
1619718387.912830, 597
1619718387.933769, 597
1619718387.951142, 597
1619718387.967018, 595
1619718387.983681, 596
1619718388.001332, 596
1619718388.019884, 596
1619718388.038221, 596
1619718388.058385, 595
1619718388.078603, 594
1619718388.098060, 595
1619718388.114688, 594
1619718388.132078, 593
1619718388.148861, 595
1619718388.166334, 594
1619718388.186702, 594
1619718388.204403, 595
1619718388.229175, 595
1619718388.248891, 594
1619718388.266090, 594
1619718388.283921, 593
1619718388.300319, 593
1619718388.319661, 594
1619718388.336623, 593
1619718388.362755, 593
1619718388.380536, 592
1619718388.398134, 593
1619718388.416076, 593
1619718388.433270, 592
1619718388.450766, 591
1619718388.469198, 590
1619718388.490301, 594
1619718388.512732, 599
1619718388.533482, 600
1619718388.552808, 600
1619718388.572124, 600
1619718388.591231, 599
1619718388.610487, 600
1619718388.630577, 599
1619718388.649858, 600
1619718388.666669, 600
1619718388.684172, 600
1619718388.699940, 600
1619718388.721092, 600
1619718388.740466, 599
1619718388.760613, 600
1619718388.781283, 600
1619718388.798334, 599
1619718388.818568, 600
1619718388.837024, 599
1619718388.854541, 599
1619718388.872213, 600
1619718388.892949, 600
1619718388.913003, 600
1619718388.940442, 600
1619718388.964393, 598
1619718388.983842, 600
1619718389.004716, 600
1619718389.023449, 600
1619718389.044956, 599
1619718389.066577, 600
1619718389.085973, 599
1619718389.107414, 600
1619718389.130214, 599
1619718389.146949, 599
1619718389.163248, 600
1619718389.179458, 599
1619718389.196390, 600
1619718389.214028, 599
1619718389.230876, 600
1619718389.246467, 600
1619718389.262721, 600
1619718389.280917, 600
1619718389.298473, 599
1619718389.316217, 600
1619718389.332964, 600
1619718389.348648, 600
1619718389.366107, 599
1619718389.383453, 600
1619718389.401839, 600
1619718389.418112, 599
1619718389.433683, 593
1619718389.450618, 599
1619718389.466924, 599
1619718389.483639, 599
1619718389.500837, 599
1619718389.521087, 598
1619718389.546688, 598
1619718389.564002, 599
1619718389.582207, 599
1619718389.598437, 598
1619718389.614011, 599
1619718389.631504, 600
1619718389.649735, 598
1619718389.666044, 599
1619718389.682878, 598
1619718389.699147, 599
1619718389.715826, 598
1619718389.732295, 598
1619718389.748621, 598
1619718389.764265, 598
1619718389.783222, 597
1619718389.801737, 599
1619718389.819827, 600
1619718389.838720, 596
1619718389.855063, 594
1619718389.872969, 592
1619718389.891480, 596
1619718389.910306, 600
1619718389.927185, 599
1619718389.948798, 599
1619718389.968864, 599
1619718389.989580, 600
1619718390.013141, 598
1619718390.032365, 599
1619718390.050604, 599
1619718390.067358, 599
1619718390.088877, 600
1619718390.106708, 600
1619718390.126334, 599
1619718390.160694, 600
1619718390.182101, 600
1619718390.198873, 599
1619718390.217806, 600
1619718390.234617, 600
1619718390.251581, 600
1619718390.270764, 599
1619718390.289842, 599
1619718390.310575, 599
1619718390.327620, 598
1619718390.344504, 598
1619718390.361961, 598
1619718390.378816, 598
1619718390.397072, 597
1619718390.413884, 598
1619718390.429551, 598
1619718390.446434, 598
1619718390.462834, 597
1619718390.481680, 595
1619718390.499403, 598
1619718390.517989, 597
1619718390.534197, 597
1619718390.550522, 597
1619718390.569235, 598
1619718390.587128, 597
1619718390.607059, 596
1619718390.625285, 597
1619718390.641554, 597
1619718390.661662, 598
1619718390.678700, 597
1619718390.696389, 597
1619718390.712575, 598
1619718390.743885, 600
1619718390.760928, 598
1619718390.779499, 593
1619718390.796203, 595
1619718390.812538, 594
1619718390.828694, 596
1619718390.844518, 595
1619718390.862273, 598
1619718390.881168, 598
1619718390.897899, 599
1619718390.916672, 596
1619718390.933626, 598
1619718390.950199, 598
1619718390.966810, 600
1619718390.983728, 598
1619718391.001186, 598
1619718391.022070, 599
1619718391.041796, 599
1619718391.063733, 598
1619718391.080374, 598
1619718391.096829, 599
1619718391.113253, 598
1619718391.130276, 597
1619718391.149222, 599
1619718391.165240, 597
1619718391.181957, 597
1619718391.198268, 594
1619718391.214251, 596
1619718391.232319, 595
1619718391.247743, 594
1619718391.265776, 593
1619718391.283386, 593
1619718391.303738, 595
1619718391.321744, 594
1619718391.344870, 594
1619718391.360730, 593
1619718391.379758, 593
1619718391.395759, 593
1619718391.412246, 593
1619718391.428780, 594
1619718391.444773, 592
1619718391.463413, 594
1619718391.481986, 593
1619718391.505850, 593
1619718391.528578, 593
1619718391.545753, 595
1619718391.563786, 596
1619718391.579813, 597
1619718391.596417, 597
1619718391.613694, 600
1619718391.631075, 599
1619718391.649873, 599
1619718391.666813, 596
1619718391.682901, 594
1619718391.700321, 593
1619718391.718840, 594
1619718391.736579, 596
1619718391.754342, 597
1619718391.775919, 596
1619718391.794311, 596
1619718391.812458, 597
1619718391.828820, 596
1619718391.844525, 597
1619718391.863294, 595
1619718391.879037, 597
1619718391.896097, 597
1619718391.913108, 596
1619718391.933129, 597
1619718391.950060, 598
1619718391.968513, 600
1619718391.989571, 599
1619718392.009169, 599
1619718392.027122, 597
1619718392.044251, 594
1619718392.064022, 595
1619718392.080554, 595
1619718392.096163, 594
1619718392.112986, 593
1619718392.128532, 594
1619718392.145025, 595
1619718392.161063, 595
1619718392.178045, 596
1619718392.196084, 595
1619718392.214564, 595
1619718392.234060, 594
1619718392.249596, 595
1619718392.266691, 595
1619718392.282571, 594
1619718392.300189, 595
1619718392.316594, 594
1619718392.333161, 595
1619718392.352233, 596
1619718392.372326, 596
1619718392.392277, 596
1619718392.411056, 595
1619718392.429692, 600
1619718392.446064, 599
1619718392.462126, 600
1619718392.478598, 596
1619718392.496251, 598
1619718392.517429, 597
1619718392.541138, 600
1619718392.567658, 597
1619718392.587132, 594
1619718392.606132, 597
1619718392.625645, 598
1619718392.643119, 599
1619718392.661118, 596
1619718392.677719, 594
1619718392.695658, 593
1619718392.713685, 594
1619718392.729628, 595
1619718392.747670, 594
1619718392.763721, 594
1619718392.779645, 593
1619718392.800177, 595
1619718392.816393, 595
1619718392.832646, 597
1619718392.849261, 599
1619718392.867153, 597
1619718392.885652, 595
1619718392.908625, 596
1619718392.928386, 596
1619718392.946854, 596
1619718392.966823, 596
1619718392.983309, 595
1619718392.999241, 597
1619718393.017203, 595
1619718393.036862, 596
1619718393.057211, 596
1619718393.075085, 595
1619718393.092314, 597
1619718393.110763, 598
1619718393.128976, 595
1619718393.161695, 596
1619718393.179996, 595
1619718393.198716, 596
1619718393.214703, 597
1619718393.232444, 598
1619718393.249247, 595
1619718393.264766, 597
1619718393.281223, 599
1619718393.299278, 599
1619718393.316284, 596
1619718393.333734, 598
1619718393.354759, 598
1619718393.374411, 596
1619718393.394006, 598
1619718393.412586, 598
1619718393.429237, 597
1619718393.446800, 599
1619718393.464393, 598
1619718393.481353, 599
1619718393.500382, 595
1619718393.516746, 596
1619718393.533975, 595
1619718393.550758, 596
1619718393.567312, 595
1619718393.584323, 596
1619718393.601791, 598
1619718393.618309, 597
1619718393.635319, 597
1619718393.654296, 596
1619718393.672447, 599
1619718393.693422, 598
1619718393.712380, 595
1619718393.729933, 596
1619718393.748408, 595
1619718393.773852, 592
1619718393.793845, 595
1619718393.809368, 593
1619718393.829318, 594
1619718393.844865, 595
1619718393.864665, 595
1619718393.882812, 595
1619718393.899375, 594
1619718393.916463, 595
1619718393.932489, 593
1619718393.948546, 595
1619718393.964434, 593
1619718393.980487, 594
1619718393.996857, 595
1619718394.016107, 595
1619718394.035343, 595
1619718394.055378, 596
1619718394.074010, 597
1619718394.092915, 596
1619718394.112539, 598
1619718394.130383, 599
1619718394.146880, 597
1619718394.163408, 595
1619718394.179395, 596
1619718394.196385, 596
1619718394.213930, 595
1619718394.230689, 598
1619718394.246928, 596
1619718394.264539, 594
1619718394.281520, 596
1619718394.298675, 597
1619718394.315889, 597
1619718394.333042, 597
1619718394.356950, 595
1619718394.376662, 594
1619718394.396101, 595
1619718394.414584, 595
1619718394.432439, 597
1619718394.448578, 595
1619718394.464462, 595
1619718394.481038, 597
1619718394.496515, 596
1619718394.512993, 599
1619718394.532651, 596
1619718394.548944, 595
1619718394.566037, 595
1619718394.584580, 594
1619718394.601953, 594
1619718394.620472, 592
1619718394.638502, 593
1619718394.656531, 595
1619718394.675313, 593
1619718394.693471, 594
1619718394.711487, 594
1619718394.728511, 595
1619718394.746051, 594
1619718394.762509, 594
1619718394.779056, 593
1619718394.796329, 596
1619718394.814977, 593
1619718394.832874, 594
1619718394.849495, 594
1619718394.865507, 593
1619718394.881545, 594
1619718394.897909, 595
1619718394.915197, 596
1619718394.933032, 594
1619718394.951111, 600
1619718394.982738, 598
1619718395.001540, 598
1619718395.019058, 599
1619718395.039565, 597
1619718395.065551, 600
1619718395.083055, 596
1619718395.098602, 595
1619718395.115237, 597
1619718395.130777, 597
1619718395.148188, 596
1619718395.163560, 599
1619718395.180691, 595
1619718395.195818, 596
1619718395.212556, 595
1619718395.229066, 595
1619718395.245213, 595
1619718395.261101, 596
1619718395.277587, 595
1619718395.293097, 597
1619718395.310150, 598
1619718395.327118, 595
1619718395.344210, 600
1619718395.362081, 599
1619718395.382316, 596
1619718395.399121, 596
1619718395.416219, 594
1619718395.433232, 594
1619718395.455019, 595
1619718395.476671, 594
1619718395.494138, 595
1619718395.515655, 595
1619718395.534184, 597
1619718395.561450, 595
1619718395.582249, 595
1619718395.600621, 594
1619718395.616239, 596
1619718395.632630, 595
1619718395.649198, 595
1619718395.666657, 594
1619718395.683692, 595
1619718395.702599, 595
1619718395.720667, 595
1619718395.741400, 597
1619718395.760309, 594
1619718395.778687, 596
1619718395.797824, 596
1619718395.814652, 595
1619718395.830683, 592
1619718395.847237, 589
1619718395.863259, 585
1619718395.882229, 581
1619718395.900271, 578
1619718395.917742, 572
1619718395.933254, 568
1619718395.950196, 566
1619718395.968935, 560
1619718395.988888, 557
1619718396.007828, 550
1619718396.024854, 544
1619718396.042840, 536
1619718396.061273, 530
1619718396.078268, 524
1619718396.094777, 518
1619718396.114780, 514
1619718396.131212, 506
1619718396.154513, 501
1619718396.172715, 497
1619718396.192393, 494
1619718396.209314, 489
1619718396.226801, 483
1619718396.244374, 476
1619718396.261733, 469
1619718396.278794, 461
1619718396.295767, 454
1619718396.312425, 448
1619718396.329799, 440
1619718396.346290, 434
1619718396.364421, 426
1619718396.381307, 418
1619718396.400398, 414
1619718396.416416, 406
1619718396.432863, 399
1619718396.450395, 391
1619718396.469267, 383
1619718396.487865, 375
1619718396.505288, 367
1619718396.526316, 367
1619718396.543928, 367
1619718396.561837, 368
1619718396.579447, 369
1619718396.596554, 366
1619718396.614835, 369
1619718396.630860, 367
1619718396.647839, 367
1619718396.665413, 366
1619718396.682796, 367
1619718396.700521, 367
1619718396.716961, 364
1619718396.736418, 355
1619718396.758921, 346
1619718396.792913, 338
1619718396.815023, 332
1619718396.832840, 327
1619718396.849409, 322
1619718396.866392, 315
1619718396.888737, 307
1619718396.912502, 300
1619718396.931378, 292
1619718396.950871, 284
1619718396.970874, 275
1619718396.993172, 266
1619718397.017400, 260
1619718397.037918, 253
1619718397.056422, 248
1619718397.076652, 241
1619718397.096221, 236
1619718397.113392, 228
1619718397.131974, 222
1619718397.148511, 216
1619718397.164935, 208
1619718397.181967, 203
1619718397.198710, 203
1619718397.215120, 202
1619718397.232400, 202
1619718397.250451, 199
1619718397.266449, 197
1619718397.282943, 199
1619718397.299500, 197
1619718397.315434, 195
1619718397.334080, 193
1619718397.363401, 192
1619718397.386743, 192
1619718397.404490, 192
1619718397.423474, 193
1619718397.444055, 193
1619718397.462052, 193
1619718397.479494, 192
1619718397.495970, 192
1619718397.514000, 192
1619718397.530981, 192
1619718397.548604, 193
1619718397.570018, 192
1619718397.590974, 192
1619718397.608893, 193
1619718397.630982, 192
1619718397.647121, 193
1619718397.668230, 193
1619718397.684544, 191
1619718397.700654, 190
1619718397.717568, 192
1619718397.735002, 193
1619718397.752670, 192
1619718397.771013, 192
1619718397.792322, 192
1619718397.812935, 191
1619718397.831500, 191
1619718397.849574, 191
1619718397.867129, 191
1619718397.886061, 191
1619718397.906291, 192
1619718397.926524, 191
1619718397.963652, 192
1619718397.987850, 193
1619718398.006065, 192
1619718398.025571, 192
1619718398.042421, 192
1619718398.062121, 192
1619718398.078852, 192
1619718398.096197, 193
1619718398.114974, 190
1619718398.131559, 193
1619718398.147593, 192
1619718398.164084, 193
1619718398.179597, 193
1619718398.195626, 192
1619718398.211710, 191
1619718398.228250, 194
1619718398.244347, 193
1619718398.262680, 192
1619718398.280257, 194
1619718398.298641, 192
1619718398.315277, 192
1619718398.331239, 193
1619718398.348759, 193
1619718398.365737, 191
1619718398.382120, 192
1619718398.398149, 192
1619718398.416249, 191
1619718398.433151, 190
1619718398.449166, 192
1619718398.466762, 191
1619718398.486638, 191
1619718398.504681, 193
1619718398.523156, 191
1619718398.544651, 193
1619718398.568340, 193
1619718398.592283, 191
1619718398.614677, 194
1619718398.632251, 193
1619718398.649261, 193
1619718398.665946, 192
1619718398.683172, 194
1619718398.699554, 193
1619718398.715736, 193
1619718398.734692, 194
1619718398.751183, 193
1619718398.767201, 193
1619718398.783717, 194
1619718398.803790, 193
1619718398.821759, 193
1619718398.844373, 194
1619718398.862718, 193
1619718398.881900, 193
1619718398.903338, 192
1619718398.924479, 193
1619718398.946317, 194
1619718398.971233, 193
1619718398.999486, 193
1619718399.018989, 193
1619718399.046326, 192
1619718399.065264, 192
1619718399.082251, 192
1619718399.099798, 192
1619718399.117462, 192
1619718399.138273, 193
1619718399.172414, 193
1619718399.191485, 193
1619718399.210330, 193
1619718399.227831, 194
1619718399.247884, 192
1619718399.264432, 193
1619718399.280805, 194
1619718399.296807, 192
1619718399.314874, 193
1619718399.333306, 193
1619718399.350444, 193
1619718399.368531, 194
1619718399.384799, 193
1619718399.400472, 192
1619718399.416882, 194
1619718399.433364, 193
1619718399.451850, 193
1619718399.469817, 194
1619718399.489710, 194
1619718399.508528, 194
1619718399.524982, 194
1619718399.541316, 194
1619718399.558439, 195
1619718399.576542, 194
1619718399.593389, 194
1619718399.613392, 193
1619718399.629906, 193
1619718399.645876, 194
1619718399.662406, 193
1619718399.678433, 193
1619718399.696497, 194
1619718399.712847, 194
1619718399.734424, 195
1619718399.753411, 192
1619718399.775646, 195
1619718399.794356, 194
1619718399.812466, 194
1619718399.829871, 195
1619718399.846772, 194
1619718399.864500, 194
1619718399.881253, 195
1619718399.897920, 195
1619718399.916390, 194
1619718399.933489, 195
1619718399.949465, 195
1619718399.965975, 195
1619718399.981938, 194
1619718399.998909, 195
1619718400.018998, 195
1619718400.038991, 196
1619718400.060436, 196
1619718400.077917, 197
1619718400.095029, 197
1619718400.111998, 195
1619718400.129966, 196
1619718400.146527, 196
1619718400.166675, 195
1619718400.183436, 194
1619718400.203584, 194
1619718400.222962, 194
1619718400.242505, 195
1619718400.258592, 194
1619718400.277447, 194
1619718400.294594, 194
1619718400.311532, 195
1619718400.330034, 195
1619718400.346025, 195
1619718400.381477, 195
1619718400.399617, 196
1619718400.416976, 195
1619718400.433548, 195
1619718400.450561, 195
1619718400.466492, 195
1619718400.484071, 194
1619718400.503501, 194
1619718400.524240, 196
1619718400.541110, 196
1619718400.559655, 194
1619718400.577223, 196
1619718400.594687, 196
1619718400.614197, 195
1619718400.632509, 196
1619718400.649555, 197
1619718400.666065, 197
1619718400.681569, 197
1619718400.697545, 196
1619718400.715544, 195
1619718400.732159, 197
1619718400.749095, 197
1619718400.768567, 196
1619718400.785064, 196
1619718400.801029, 197
1619718400.819103, 196
1619718400.835102, 195
1619718400.851596, 195
1619718400.867636, 196
1619718400.887212, 195
1619718400.906580, 196
1619718400.928255, 196
1619718400.946677, 196
1619718400.978219, 196
1619718401.009610, 196
1619718401.027620, 197
1619718401.045634, 197
1619718401.063139, 196
1619718401.079591, 197
1619718401.095664, 195
1619718401.112235, 195
1619718401.128613, 196
1619718401.145096, 196
1619718401.162623, 196
1619718401.179188, 196
1619718401.196314, 196
1619718401.215531, 195
1619718401.233163, 195
1619718401.250671, 195
1619718401.267647, 195
1619718401.283168, 196
1619718401.299836, 197
1619718401.316719, 198
1619718401.336247, 196
1619718401.354162, 197
1619718401.373165, 196
1619718401.390703, 195
1619718401.409505, 195
1619718401.428201, 196
1619718401.446248, 195
1619718401.463681, 195
1619718401.480356, 196
1619718401.496712, 196
1619718401.514274, 197
1619718401.530748, 198
1619718401.550723, 197
1619718401.579249, 198
1619718401.598573, 196
1619718401.616279, 198
1619718401.632941, 197
1619718401.650438, 198
1619718401.667743, 197
1619718401.683198, 197
1619718401.699308, 197
1619718401.716334, 197
1619718401.736786, 196
1619718401.752745, 197
1619718401.770662, 196
1619718401.789205, 197
1619718401.809762, 196
1619718401.825744, 196
1619718401.844364, 196
1619718401.864468, 196
1619718401.883238, 196
1619718401.904807, 197
1619718401.923759, 196
1619718401.942863, 196
1619718401.959550, 196
1619718401.978255, 197
1619718401.995406, 196
1619718402.013781, 196
1619718402.030305, 195
1619718402.046263, 196
1619718402.063369, 196
1619718402.079841, 195
1619718402.095801, 196
1619718402.112308, 198
1619718402.129418, 197
1619718402.148476, 198
1619718402.172367, 198
1619718402.193305, 196
1619718402.210762, 197
1619718402.230310, 197
1619718402.246309, 196
1619718402.262313, 197
1619718402.283449, 198
1619718402.300420, 196
1619718402.316455, 197
1619718402.332871, 197
1619718402.348420, 197
1619718402.364812, 197
1619718402.381410, 197
1619718402.400405, 197
1619718402.416530, 196
1619718402.432390, 197
1619718402.448605, 198
1619718402.466336, 197
1619718402.482375, 197
1619718402.498443, 198
1619718402.514991, 198
1619718402.531932, 197
1619718402.551741, 198
1619718402.568552, 198
1619718402.586066, 197
1619718402.605516, 196
1619718402.622580, 196
1619718402.644477, 195
1619718402.660956, 197
1619718402.677976, 197
1619718402.695936, 196
1619718402.719974, 197
1619718402.739013, 198
1619718402.758939, 198
1619718402.793547, 198
1619718402.813896, 197
1619718402.831412, 197
1619718402.848287, 196
1619718402.864512, 197
1619718402.881944, 198
1619718402.936677, 197
1619718402.956567, 198
1619718402.976637, 198
1619718402.998635, 199
1619718403.016058, 199
1619718403.033793, 199
1619718403.055524, 198
1619718403.074946, 199
1619718403.093502, 198
1619718403.112532, 199
1619718403.129497, 200
1619718403.145636, 199
1619718403.161998, 199
1619718403.179177, 198
1619718403.200493, 197
1619718403.216620, 198
1619718403.232684, 197
1619718403.253462, 198
1619718403.272585, 198
1619718403.289537, 197
1619718403.307067, 197
1619718403.325038, 199
1619718403.345381, 198
1619718403.362538, 197
1619718403.387261, 199
1619718403.405515, 197
1619718403.423060, 199
1619718403.441020, 199
1619718403.459772, 198
1619718403.478004, 198
1619718403.494511, 198
1619718403.511548, 198
1619718403.528290, 199
1619718403.545563, 198
1619718403.562118, 198
1619718403.579539, 198
1619718403.598084, 198
1619718403.615561, 198
1619718403.634079, 198
1619718403.651131, 199
1619718403.668951, 199
1619718403.686660, 198
1619718403.704118, 198
1619718403.720557, 198
1619718403.738633, 198
1619718403.757127, 199
1619718403.776219, 200
1619718403.794577, 199
1619718403.811607, 198
1619718403.828235, 198
1619718403.847636, 198
1619718403.865632, 198
1619718403.882690, 198
1619718403.905461, 198
1619718403.924141, 198
1619718403.944305, 198
1619718403.961110, 199
1619718403.991391, 199
1619718404.009671, 199
1619718404.026184, 198
1619718404.046834, 200
1619718404.063654, 199
1619718404.081634, 199
1619718404.098738, 199
1619718404.120238, 200
1619718404.139211, 198
1619718404.159640, 199
1619718404.177302, 199
1619718404.194170, 198
1619718404.211659, 198
1619718404.230778, 200
1619718404.248068, 199
1619718404.266761, 198
1619718404.284312, 199
1619718404.301165, 199
1619718404.318150, 198
1619718404.333759, 198
1619718404.350179, 200
1619718404.366295, 199
1619718404.382733, 198
1619718404.399195, 198
1619718404.417731, 198
1619718404.435719, 199
1619718404.453107, 201
1619718404.470684, 200
1619718404.489218, 199
1619718404.507247, 199
1619718404.528840, 200
1619718404.547771, 200
1619718404.563701, 200
1619718404.597225, 201
1619718404.620808, 198
1619718404.640333, 200
1619718404.658407, 200
1619718404.679786, 199
1619718404.696316, 200
1619718404.712741, 200
1619718404.729556, 201
1619718404.746355, 201
1619718404.764769, 200
1619718404.781336, 200
1619718404.796795, 200
1619718404.813241, 200
1619718404.830320, 200
1619718404.846849, 200
1619718404.864373, 201
1619718404.880454, 200
1619718404.899283, 200
1619718404.916946, 202
1619718404.933783, 200
1619718404.952769, 199
1619718404.972696, 200
1619718404.993732, 200
1619718405.011943, 199
1619718405.029453, 198
1619718405.048620, 198
1619718405.066139, 198
1619718405.082200, 200
1619718405.101337, 198
1619718405.118746, 199
1619718405.139396, 201
1619718405.156249, 200
1619718405.176469, 201
1619718405.210347, 200
1619718405.229342, 200
1619718405.246202, 201
1619718405.262402, 200
1619718405.279140, 200
1619718405.295371, 199
1619718405.315111, 200
1619718405.331916, 201
1619718405.349523, 200
1619718405.366994, 199
1619718405.383147, 200
1619718405.399206, 200
1619718405.414625, 199
1619718405.431528, 200
1619718405.448373, 201
1619718405.464513, 201
1619718405.481912, 201
1619718405.498302, 201
1619718405.514724, 201
1619718405.530912, 200
1619718405.547805, 201
1619718405.566035, 201
1619718405.582923, 201
1619718405.603389, 200
1619718405.626226, 200
1619718405.643683, 200
1619718405.663953, 200
1619718405.684596, 200
1619718405.703444, 201
1619718405.721886, 202
1619718405.743799, 201
1619718405.764853, 201
1619718405.802828, 201
1619718405.826958, 202
1619718405.843844, 200
1619718405.861812, 201
1619718405.882123, 202
1619718405.899591, 202
1619718405.922049, 201
1619718405.943049, 202
1619718405.962398, 202
1619718405.981826, 203
1619718406.000666, 202
1619718406.021668, 203
1619718406.041060, 202
1619718406.062080, 200
1619718406.080179, 202
1619718406.097328, 201
1619718406.119183, 201
1619718406.139461, 202
1619718406.160276, 200
1619718406.179147, 201
1619718406.199362, 200
1619718406.218945, 198
1619718406.235552, 201
1619718406.255761, 200
1619718406.281126, 199
1619718406.298878, 201
1619718406.316891, 200
1619718406.342846, 201
1619718406.361313, 202
1619718406.383451, 201
1619718406.400595, 202
1619718406.421684, 202
1619718406.440644, 201
1619718406.460871, 201
1619718406.479688, 200
1619718406.497089, 201
1619718406.514502, 201
1619718406.531176, 202
1619718406.548558, 201
1619718406.564858, 201
1619718406.580940, 201
1619718406.598869, 202
1619718406.619977, 202
1619718406.640745, 203
1619718406.659604, 201
1619718406.676981, 201
1619718406.695761, 202
1619718406.713989, 200
1619718406.735579, 201
1619718406.753673, 201
1619718406.772390, 201
1619718406.792574, 201
1619718406.811265, 202
1619718406.829668, 201
1619718406.847492, 200
1619718406.864836, 201
1619718406.881555, 201
1619718406.900983, 200
1619718406.919841, 202
1619718406.944648, 203
1619718406.964433, 202
1619718406.993695, 200
1619718407.016689, 202
1619718407.040395, 201
1619718407.065876, 201
1619718407.083868, 202
1619718407.100490, 202
1619718407.117873, 202
1619718407.133745, 201
1619718407.150377, 203
1619718407.166339, 201
1619718407.184453, 201
1619718407.200352, 202
1619718407.220494, 203
1619718407.239585, 203
1619718407.257050, 203
1619718407.275121, 202
1619718407.293153, 202
1619718407.311950, 201
1619718407.329983, 203
1619718407.348883, 202
1619718407.366886, 201
1619718407.384284, 203
1619718407.400823, 203
1619718407.416778, 203
1619718407.434088, 203
1619718407.455291, 202
1619718407.475480, 202
1619718407.495542, 203
1619718407.512289, 202
1619718407.530461, 202
1619718407.546188, 202
1619718407.564978, 203
1619718407.599102, 202
1619718407.623694, 203
1619718407.640944, 204
1619718407.660443, 204
1619718407.679364, 203
1619718407.696126, 204
1619718407.712654, 203
1619718407.729161, 203
1619718407.745065, 204
1619718407.761709, 203
1619718407.782135, 203
1619718407.800083, 203
1619718407.816520, 203
1619718407.836381, 203
1619718407.853589, 203
1619718407.873378, 203
1619718407.893437, 203
1619718407.910811, 203
1619718407.927416, 202
1619718407.945583, 203
1619718407.961985, 203
1619718407.984428, 203
1619718408.002587, 203
1619718408.021996, 203
1619718408.040995, 202
1619718408.062501, 202
1619718408.079180, 203
1619718408.095044, 202
1619718408.115540, 203
1619718408.132677, 203
1619718408.149934, 203
1619718408.171032, 203
1619718408.199982, 202
1619718408.220465, 204
1619718408.238289, 203
1619718408.255597, 204
1619718408.274592, 203
1619718408.293303, 204
1619718408.312108, 203
1619718408.328868, 204
1619718408.346033, 204
1619718408.364175, 204
1619718408.380874, 204
1619718408.400957, 204
1619718408.417244, 204
1619718408.432794, 204
1619718408.448709, 205
1619718408.464181, 205
1619718408.481965, 204
1619718408.498137, 205
1619718408.516793, 204
1619718408.533367, 205
1619718408.550558, 204
1619718408.567374, 206
1619718408.584484, 205
1619718408.605932, 204
1619718408.625974, 203
1619718408.647024, 203
1619718408.665013, 205
1619718408.682305, 204
1619718408.705706, 203
1619718408.724505, 204
1619718408.745984, 202
1619718408.762980, 203
1619718408.800690, 204
1619718408.825686, 204
1619718408.842881, 204
1619718408.861601, 204
1619718408.878300, 202
1619718408.896375, 204
1619718408.915779, 204
1619718408.932724, 202
1619718408.949918, 204
1619718408.967993, 204
1619718408.988277, 203
1619718409.007950, 204
1619718409.028076, 205
1619718409.046083, 204
1619718409.064644, 205
1619718409.081494, 204
1619718409.097517, 206
1619718409.114968, 204
1619718409.130609, 204
1619718409.149850, 204
1619718409.166076, 203
1619718409.184393, 204
1619718409.201567, 205
1619718409.217378, 203
1619718409.233323, 204
1619718409.249765, 204
1619718409.268622, 203
1619718409.287329, 203
1619718409.311290, 203
1619718409.328604, 203
1619718409.343945, 203
1619718409.363411, 203
1619718409.390779, 205
1619718409.419128, 205
1619718409.437858, 204
1619718409.455692, 204
1619718409.475458, 204
1619718409.495820, 203
1619718409.512135, 204
1619718409.528715, 203
1619718409.545121, 204
1619718409.563502, 204
1619718409.580134, 205
1619718409.596881, 204
1619718409.616733, 205
1619718409.635606, 204
1619718409.655404, 205
1619718409.674730, 204
1619718409.691489, 203
1619718409.708900, 205
1619718409.727459, 204
1619718409.748809, 204
1619718409.765494, 205
1619718409.781951, 204
1619718409.797867, 205
1619718409.814524, 204
1619718409.831195, 204
1619718409.848723, 204
1619718409.867566, 204
1619718409.887558, 205
1619718409.906911, 204
1619718409.925009, 205
1619718409.944473, 205
1619718409.962417, 204
1619718409.980038, 204
1619718410.009871, 205
1619718410.029669, 206
1619718410.047320, 205
1619718410.066622, 204
1619718410.087041, 206
1619718410.104928, 205
1619718410.123900, 205
1619718410.144117, 205
1619718410.164014, 205
1619718410.182322, 203
1619718410.198992, 205
1619718410.217127, 205
1619718410.233063, 205
1619718410.249711, 205
1619718410.268549, 206
1619718410.285917, 204
1619718410.306805, 205
1619718410.326351, 205
1619718410.342314, 204
1619718410.360315, 205
1619718410.377337, 206
1619718410.395882, 206
1619718410.413065, 205
1619718410.429046, 205
1619718410.447147, 206
1619718410.465906, 205
1619718410.484897, 206
1619718410.501323, 205
1619718410.519446, 205
1619718410.537818, 204
1619718410.556249, 205
1619718410.576628, 204
1619718410.595738, 205
1619718410.630014, 205
1619718410.651043, 206
1619718410.670388, 206
1619718410.689298, 206
1619718410.707449, 206
1619718410.724827, 206
1619718410.743760, 205
1619718410.762130, 207
1619718410.780544, 206
1619718410.798090, 205
1619718410.815279, 206
1619718410.833305, 206
1619718410.849884, 205
1619718410.865853, 204
1619718410.885960, 205
1619718410.904883, 206
1619718410.927019, 206
1619718410.944970, 205
1619718410.964400, 207
1619718410.981670, 205
1619718411.000450, 207
1619718411.018098, 207
1619718411.038041, 206
1619718411.060700, 207
1619718411.079142, 207
1619718411.099444, 204
1619718411.116121, 204
1619718411.134832, 205
1619718411.152216, 204
1619718411.169477, 206
1619718411.201726, 205
1619718411.221644, 205
1619718411.245522, 207
1619718411.262867, 206
1619718411.279492, 206
1619718411.295410, 206
1619718411.313976, 206
1619718411.331954, 206
1619718411.349266, 206
1619718411.367481, 206
1619718411.385708, 206
1619718411.404275, 206
1619718411.420742, 207
1619718411.439512, 206
1619718411.456094, 207
1619718411.473545, 206
1619718411.490064, 207
1619718411.508294, 206
1619718411.529819, 207
1619718411.546578, 206
1619718411.563101, 206
1619718411.580604, 206
1619718411.597824, 207
1619718411.613735, 206
1619718411.631820, 208
1619718411.650678, 206
1619718411.667223, 206
1619718411.685833, 206
1619718411.704262, 207
1619718411.724926, 206
1619718411.744649, 207
1619718411.763497, 205
1619718411.798225, 205
1619718411.831210, 206
1619718411.853499, 208
1619718411.872692, 206
1619718411.890371, 206
1619718411.911080, 208
1619718411.929048, 207
1619718411.947792, 207
1619718411.968872, 207
1619718411.990385, 208
1619718412.010709, 208
1619718412.030226, 207
1619718412.049467, 207
1619718412.069141, 207
1619718412.085947, 208
1619718412.103869, 209
1619718412.122001, 207
1619718412.142379, 208
1619718412.161041, 209
1619718412.180284, 208
1619718412.197143, 208
1619718412.215302, 209
1619718412.231735, 208
1619718412.249282, 208
1619718412.265952, 209
1619718412.284898, 207
1619718412.303288, 208
1619718412.322877, 209
1619718412.344431, 207
1619718412.362842, 207
1619718412.379989, 208
1619718412.407241, 208
1619718412.428839, 207
1619718412.448277, 208
1619718412.465480, 208
1619718412.488282, 208
1619718412.506924, 209
1619718412.528489, 209
1619718412.546690, 208
1619718412.564603, 208
1619718412.581978, 209
1619718412.598102, 208
1619718412.614505, 207
1619718412.632631, 209
1619718412.649909, 208
1619718412.666151, 209
1619718412.683356, 208
1619718412.706337, 208
1619718412.726277, 208
1619718412.743670, 209
1619718412.760959, 208
1619718412.778395, 208
1619718412.796878, 209
1619718412.815220, 209
1619718412.837641, 208
1619718412.856492, 209
1619718412.877630, 209
1619718412.895856, 207
1619718412.915803, 208
1619718412.936992, 209
1619718412.955585, 209
1619718412.976601, 209
1619718413.011300, 207
1619718413.045309, 210
1619718413.069459, 208
1619718413.088416, 207
1619718413.111318, 208
1619718413.131525, 208
1619718413.148436, 209
1619718413.164546, 208
1619718413.181447, 208
1619718413.197417, 208
1619718413.213994, 208
1619718413.230872, 208
1619718413.249906, 208
1619718413.266810, 208
1619718413.286935, 208
1619718413.304804, 208
1619718413.322949, 210
1619718413.341393, 209
1619718413.359630, 208
1619718413.380398, 208
1619718413.396538, 209
1619718413.414044, 209
1619718413.430688, 209
1619718413.447440, 210
1619718413.467748, 210
1619718413.488620, 209
1619718413.506837, 211
1619718413.524314, 209
1619718413.543521, 210
1619718413.562322, 209
1619718413.584725, 209
1619718413.605709, 207
1619718413.635777, 209
1619718413.654253, 208
1619718413.671539, 208
1619718413.689623, 208
1619718413.708630, 208
1619718413.727206, 208
1619718413.744680, 209
1619718413.761202, 209
1619718413.779258, 209
1619718413.796872, 209
1619718413.813935, 208
1619718413.831289, 210
1619718413.847282, 209
1619718413.863117, 209
1619718413.883449, 208
1619718413.899340, 209
1619718413.915225, 208
1619718413.931941, 208
1619718413.950671, 209
1619718413.971992, 209
1619718413.990222, 209
1619718414.015046, 209
1619718414.031643, 210
1619718414.047654, 209
1619718414.064257, 209
1619718414.080171, 208
1619718414.096830, 209
1619718414.114883, 209
1619718414.131531, 209
1619718414.148259, 209
1619718414.166776, 210
1619718414.185161, 209
1619718414.214634, 208
1619718414.231973, 208
1619718414.249370, 210
1619718414.265943, 210
1619718414.282056, 208
1619718414.298027, 208
1619718414.315199, 209
1619718414.332672, 208
1619718414.352019, 210
1619718414.373985, 210
1619718414.393287, 209
1619718414.410618, 210
1619718414.428548, 211
1619718414.445302, 210
1619718414.463447, 210
1619718414.480797, 210
1619718414.496701, 210
1619718414.513344, 211
1619718414.530054, 211
1619718414.547456, 210
1619718414.564355, 211
1619718414.584898, 211
1619718414.603745, 211
1619718414.620373, 211
1619718414.637719, 211
1619718414.655109, 211
1619718414.676334, 211
1619718414.693448, 211
1619718414.711607, 211
1619718414.728161, 210
1619718414.745642, 209
1619718414.765828, 209
1619718414.788572, 209
1619718414.814877, 211
1619718414.838330, 210
1619718414.860061, 209
1619718414.878891, 209
1619718414.898465, 208
1619718414.916087, 208
1619718414.934604, 208
1619718414.952747, 208
1619718414.971438, 208
1619718414.989565, 210
1619718415.008597, 210
1619718415.026475, 211
1619718415.045552, 210
1619718415.064177, 209
1619718415.081430, 210
1619718415.101635, 209
1619718415.120450, 210
1619718415.137934, 210
1619718415.156895, 210
1619718415.175690, 210
1619718415.192768, 210
1619718415.210104, 210
1619718415.226026, 210
1619718415.243458, 209
1619718415.261458, 209
1619718415.278876, 210
1619718415.296270, 210
1619718415.313558, 210
1619718415.329923, 211
1619718415.348498, 210
1619718415.364923, 209
1619718415.380187, 211
1619718415.416750, 210
1619718415.438228, 211
1619718415.454887, 210
1619718415.474493, 210
1619718415.491078, 211
1619718415.507462, 210
1619718415.525820, 209
1619718415.546077, 211
1619718415.567129, 209
1619718415.585048, 210
1619718415.602426, 209
1619718415.620545, 211
1619718415.638618, 211
1619718415.657834, 211
1619718415.676171, 210
1619718415.695765, 210
1619718415.713070, 210
1619718415.729733, 210
1619718415.746337, 210
1619718415.764722, 211
1619718415.783309, 211
1619718415.802209, 211
1619718415.823866, 211
1619718415.844741, 211
1619718415.861303, 210
1619718415.880233, 211
1619718415.897483, 210
1619718415.914825, 210
1619718415.932267, 210
1619718415.948386, 209
1619718415.966377, 211
1619718415.986232, 212
1619718416.028591, 212
1619718416.051539, 213
1619718416.068334, 212
1619718416.085570, 212
1619718416.107654, 213
1619718416.124890, 211
1619718416.145807, 211
1619718416.162414, 211
1619718416.181963, 211
1619718416.202259, 212
1619718416.220459, 211
1619718416.238367, 212
1619718416.255010, 212
1619718416.273404, 212
1619718416.291997, 211
1619718416.310146, 212
1619718416.327665, 213
1619718416.344562, 211
1619718416.360923, 211
1619718416.380536, 212
1619718416.396615, 212
1619718416.412520, 212
1619718416.429736, 212
1619718416.447819, 212
1619718416.464495, 212
1619718416.481108, 213
1619718416.497763, 212
1619718416.515112, 212
1619718416.531818, 213
1619718416.549988, 212
1619718416.570814, 212
1619718416.592547, 212
1619718416.619973, 212
1619718416.641140, 213
1619718416.660683, 213
1619718416.678142, 212
1619718416.695892, 213
1619718416.713340, 213
1619718416.729914, 213
1619718416.748775, 213
1619718416.765810, 212
1619718416.783831, 211
1619718416.800480, 212
1619718416.817055, 212
1619718416.840305, 210
1619718416.858299, 212
1619718416.924308, 211
1619718416.944199, 213
1619718416.960544, 214
1619718416.983365, 213
1619718417.001991, 214
1619718417.023574, 213
1619718417.041699, 212
1619718417.059896, 213
1619718417.076815, 213
1619718417.093726, 213
1619718417.111320, 214
1619718417.128822, 214
1619718417.144945, 212
1619718417.161852, 213
1619718417.180671, 214
1619718417.197899, 212
1619718417.213997, 213
1619718417.230811, 214
1619718417.248927, 213
1619718417.270199, 213
1619718417.287911, 214
1619718417.305917, 213
1619718417.323060, 213
1619718417.341924, 212
1619718417.362620, 213
1619718417.380150, 214
1619718417.397145, 213
1619718417.413379, 213
1619718417.430400, 213
1619718417.448401, 211
1619718417.467656, 211
1619718417.486734, 212
1619718417.504632, 211
1619718417.523413, 211
1619718417.540589, 211
1619718417.560167, 213
1619718417.581022, 212
1619718417.597100, 212
1619718417.613363, 211
1619718417.630363, 213
1619718417.646515, 212
1619718417.663741, 212
1619718417.679844, 214
1619718417.697724, 212
1619718417.715574, 212
1619718417.732761, 213
1619718417.748856, 212
1619718417.764232, 211
1619718417.780810, 213
1619718417.797087, 213
1619718417.815784, 212
1619718417.837427, 213
1619718417.856860, 212
1619718417.874848, 212
1619718417.892632, 214
1619718417.911526, 213
1619718417.928251, 212
1619718417.945608, 214
1619718417.963158, 213
1619718417.981176, 213
1619718417.999424, 213
1619718418.020402, 213
1619718418.038730, 211
1619718418.057958, 214
1619718418.074557, 211
1619718418.093386, 211
1619718418.110953, 212
1619718418.128173, 212
1619718418.148449, 212
1619718418.166408, 212
1619718418.182555, 212
1619718418.203652, 213
1619718418.221812, 213
1619718418.243254, 214
1619718418.260815, 214
1619718418.278242, 213
1619718418.293818, 213
1619718418.310572, 214
1619718418.327883, 213
1619718418.344430, 213
1619718418.361833, 214
1619718418.380390, 212
1619718418.396565, 213
1619718418.428180, 213
1619718418.448968, 213
1619718418.466593, 213
1619718418.485866, 214
1619718418.504162, 213
1619718418.522688, 212
1619718418.542101, 213
1619718418.560075, 212
1619718418.579376, 213
1619718418.595860, 213
1619718418.612611, 213
1619718418.631875, 212
1619718418.648324, 214
1619718418.664604, 214
1619718418.681098, 213
1619718418.699546, 213
1619718418.716961, 213
1619718418.733254, 211
1619718418.749839, 213
1619718418.767328, 213
1619718418.790841, 213
1619718418.808894, 213
1619718418.829204, 213
1619718418.845995, 214
1619718418.865258, 215
1619718418.882393, 214
1619718418.898482, 214
1619718418.914679, 214
1619718418.934113, 214
1619718418.955536, 214
1619718418.976779, 213
1619718418.996667, 211
1619718419.036428, 215
1619718419.061677, 215
1619718419.078859, 214
1619718419.096308, 214
1619718419.113060, 215
1619718419.131299, 214
1619718419.147415, 216
1619718419.163477, 215
1619718419.180357, 214
1619718419.197155, 214
1619718419.214109, 214
1619718419.231224, 216
1619718419.249891, 215
1619718419.265871, 214
1619718419.282040, 215
1619718419.298905, 215
1619718419.316730, 215
1619718419.333249, 215
1619718419.349230, 215
1619718419.366121, 215
1619718419.382278, 214
1619718419.401282, 213
1619718419.416852, 214
1619718419.437816, 215
1619718419.456282, 215
1619718419.476662, 214
1619718419.500169, 214
1619718419.518486, 215
1619718419.535944, 215
1619718419.553642, 215
1619718419.572301, 214
1619718419.593693, 214
1619718419.614410, 216
1619718419.640094, 215
1619718419.661945, 215
1619718419.679165, 215
1619718419.696791, 215
1619718419.714374, 216
1619718419.730442, 215
1619718419.746685, 215
1619718419.765957, 216
1619718419.785472, 215
1619718419.803131, 216
1619718419.822595, 215
1619718419.842806, 216
1619718419.858930, 215
1619718419.876705, 217
1619718419.892815, 216
1619718419.910516, 216
1619718419.927399, 216
1619718419.946884, 216
1619718419.963701, 215
1619718419.981469, 215
1619718419.998295, 215
1619718420.019857, 215
1619718420.040157, 215
1619718420.058479, 214
1619718420.074523, 214
1619718420.095052, 214
1619718420.111533, 214
1619718420.131003, 214
1619718420.147554, 216
1619718420.165386, 214
1619718420.185655, 215
1619718420.206672, 214
1619718420.234722, 216
1619718420.255899, 215
1619718420.276999, 215
1619718420.298182, 215
1619718420.315065, 215
1619718420.332770, 215
1619718420.349522, 215
1619718420.365623, 215
1619718420.382526, 214
1619718420.398597, 215
1619718420.415473, 215
1619718420.432669, 214
1619718420.448948, 215
1619718420.465852, 216
1619718420.483288, 214
1619718420.502983, 216
1619718420.521525, 215
1619718420.538692, 214
1619718420.556189, 215
1619718420.574318, 216
1619718420.592550, 215
1619718420.608593, 214
1619718420.629624, 215
1619718420.645951, 215
1619718420.662870, 214
1619718420.679802, 215
1619718420.696672, 215
1619718420.713230, 216
1619718420.730215, 213
1619718420.749188, 214
1619718420.765919, 215
1619718420.782271, 215
1619718420.800684, 214
1619718420.832776, 215
1619718420.848609, 216
1619718420.864879, 217
1619718420.881446, 216
1619718420.898140, 216
1619718420.918862, 216
1619718420.938851, 215
1619718420.958136, 217
1619718420.974958, 216
1619718420.992481, 215
1619718421.011161, 217
1619718421.028633, 216
1619718421.046008, 215
1619718421.062628, 215
1619718421.080009, 216
1619718421.098145, 216
1619718421.116866, 215
1619718421.133581, 217
1619718421.150134, 216
1619718421.167502, 216
1619718421.184909, 216
1619718421.202333, 215
1619718421.221941, 216
1619718421.242371, 215
1619718421.259812, 217
1619718421.278549, 215
1619718421.295113, 215
1619718421.314806, 216
1619718421.331488, 216
1619718421.348005, 215
1619718421.365956, 216
1619718421.382553, 215
1619718421.405155, 217
1619718421.438430, 216
1619718421.455806, 216
1619718421.474048, 217
1619718421.492322, 216
1619718421.510260, 216
1619718421.529386, 216
1619718421.545704, 216
1619718421.566887, 215
1619718421.583499, 215
1619718421.600211, 215
1619718421.617508, 216
1619718421.637198, 217
1619718421.656762, 217
1619718421.674124, 217
1619718421.692442, 217
1619718421.713365, 215
1619718421.730093, 216
1619718421.747458, 216
1619718421.764858, 216
1619718421.781156, 216
1619718421.798047, 216
1619718421.814666, 216
1619718421.831286, 216
1619718421.850916, 216
1619718421.866729, 216
1619718421.883292, 217
1619718421.900362, 218
1619718421.918736, 217
1619718421.938431, 216
1619718421.956326, 215
1619718421.973415, 215
1619718421.990776, 215
1619718422.007727, 217
1619718422.027676, 216
1619718422.061261, 218
1619718422.078113, 218
1619718422.094879, 218
1619718422.114870, 216
1619718422.132609, 218
1619718422.149359, 217
1619718422.168475, 217
1619718422.184995, 218
1619718422.200763, 217
1619718422.217395, 218
1619718422.234320, 217
1619718422.252670, 217
1619718422.270358, 218
1619718422.288816, 217
1619718422.305947, 217
1619718422.324526, 218
1619718422.342646, 217
1619718422.359710, 219
1619718422.379761, 218
1619718422.396698, 218
1619718422.413047, 217
1619718422.432294, 218
1619718422.449292, 219
1619718422.464976, 217
1619718422.480836, 218
1619718422.496806, 218
1619718422.512933, 217
1619718422.532146, 217
1619718422.553210, 218
1619718422.571720, 217
1619718422.593293, 217
1619718422.619424, 215
1619718422.641892, 216
1619718422.660458, 215
1619718422.677387, 218
1619718422.697260, 218
1619718422.715517, 217
1619718422.732814, 218
1619718422.749921, 218
1619718422.765731, 218
1619718422.782707, 218
1619718422.800496, 218
1619718422.819652, 218
1619718422.842680, 218
1619718422.859781, 218
1619718422.877597, 218
1619718422.895203, 218
1619718422.912462, 218
1619718422.932938, 218
1619718422.949897, 220
1619718422.966240, 219
1619718422.983804, 218
1619718423.002989, 219
1619718423.024392, 218
1619718423.043772, 219
1619718423.061966, 219
1619718423.081039, 219
1619718423.100974, 219
1619718423.119881, 218
1619718423.138113, 219
1619718423.156861, 219
1619718423.173418, 218
1619718423.192321, 217
1619718423.222858, 217
1619718423.247043, 218
1619718423.264515, 218
1619718423.280687, 217
1619718423.297131, 216
1619718423.316755, 217
1619718423.334202, 216
1619718423.350948, 217
1619718423.372423, 217
1619718423.391940, 218
1619718423.409607, 218
1619718423.427200, 218
1619718423.444332, 218
1619718423.461695, 218
1619718423.478790, 219
1619718423.498331, 219
1619718423.514385, 219
1619718423.532029, 218
1619718423.548307, 219
1619718423.564022, 218
1619718423.580530, 218
1619718423.597449, 218
1619718423.616332, 219
1619718423.635155, 219
1619718423.653454, 220
1619718423.671031, 220
1619718423.690429, 220
1619718423.708223, 219
1619718423.728351, 220
1619718423.745719, 221
1619718423.762001, 220
1619718423.779656, 220
1619718423.796438, 219
1619718423.827669, 220
1619718423.847898, 218
1619718423.866089, 218
1619718423.885647, 218
1619718423.903134, 219
1619718423.922095, 218
1619718423.943524, 216
1619718423.959835, 218
1619718423.980695, 220
1619718424.000336, 219
1619718424.018691, 219
1619718424.042747, 218
1619718424.059593, 220
1619718424.075242, 220
1619718424.092458, 219
1619718424.110824, 220
1619718424.129216, 219
1619718424.145500, 220
1619718424.161811, 220
1619718424.178734, 218
1619718424.194893, 219
1619718424.211180, 219
1619718424.228836, 220
1619718424.246282, 219
1619718424.263045, 219
1619718424.278730, 219
1619718424.295356, 219
1619718424.314524, 219
1619718424.330777, 219
1619718424.347275, 219
1619718424.364079, 218
1619718424.380973, 218
1619718424.402796, 219
1619718424.423948, 218
1619718424.456434, 221
1619718424.476347, 221
1619718424.493042, 219
1619718424.513836, 219
1619718424.530132, 219
1619718424.545810, 218
1619718424.562030, 219
1619718424.578988, 219
1619718424.595445, 219
1619718424.612388, 219
1619718424.628592, 220
1619718424.645578, 221
1619718424.662351, 220
1619718424.681888, 220
1619718424.699496, 221
1619718424.715818, 220
1619718424.732230, 220
1619718424.748809, 220
1619718424.764636, 220
1619718424.780908, 220
1619718424.798552, 220
1619718424.815710, 221
1619718424.834532, 220
1619718424.852014, 220
1619718424.871347, 221
1619718424.890046, 220
1619718424.906581, 221
1619718424.924628, 221
1619718424.944396, 221
1619718424.962326, 220
1619718424.980510, 219
1619718424.997476, 219
1619718425.021543, 220
1619718425.044491, 220
1619718425.063984, 221
1619718425.082407, 220
1619718425.099997, 219
1619718425.118595, 221
1619718425.136765, 220
1619718425.154505, 220
1619718425.172228, 221
1619718425.191322, 220
1619718425.209572, 219
1619718425.226927, 220
1619718425.247216, 221
1619718425.263722, 220
1619718425.287070, 221
1619718425.307964, 220
1619718425.326315, 220
1619718425.342841, 221
1619718425.362601, 221
1619718425.380250, 220
1619718425.397919, 221
1619718425.414360, 221
1619718425.432039, 219
1619718425.449055, 221
1619718425.468129, 222
1619718425.488353, 221
1619718425.507447, 220
1619718425.524736, 220
1619718425.544348, 221
1619718425.561227, 221
1619718425.580171, 221
1619718425.596589, 221
1619718425.616258, 219
1619718425.645911, 220
1619718425.663666, 222
1619718425.682520, 220
1619718425.699874, 221
1619718425.715711, 221
1619718425.732719, 220
1619718425.749703, 221
1619718425.765589, 221
1619718425.782684, 220
1619718425.801020, 219
1619718425.820771, 219
1619718425.841042, 219
1619718425.858847, 219
1619718425.876263, 220
1619718425.896767, 218
1619718425.914525, 221
1619718425.942905, 221
1619718425.960726, 220
1619718425.978790, 221
1619718425.998349, 220
1619718426.016001, 221
1619718426.033967, 221
1619718426.052177, 219
1619718426.070420, 220
1619718426.088274, 220
1619718426.105249, 220
1619718426.123088, 221
1619718426.141465, 221
1619718426.158480, 222
1619718426.178826, 221
1619718426.195267, 221
1619718426.210832, 222
1619718426.228339, 220
1619718426.252315, 220
1619718426.272550, 220
1619718426.292343, 220
1619718426.315431, 220
1619718426.331983, 222
1619718426.348361, 221
1619718426.367036, 221
1619718426.385995, 221
1619718426.413966, 219
1619718426.432075, 221
1619718426.448068, 220
1619718426.470812, 220
1619718426.491036, 220
1619718426.509456, 220
1619718426.527885, 219
1619718426.544458, 220
1619718426.561454, 220
1619718426.577400, 221
1619718426.593717, 221
1619718426.613490, 221
1619718426.630470, 220
1619718426.648256, 221
1619718426.665215, 221
1619718426.682347, 222
1619718426.698793, 221
1619718426.715231, 222
1619718426.731739, 223
1619718426.748740, 223
1619718426.767418, 222
1619718426.786770, 224
1619718426.804622, 222
1619718426.823046, 221
1619718426.862169, 223
1619718426.879549, 222
1619718426.895457, 222
1619718426.914112, 221
1619718426.932652, 223
1619718426.949707, 222
1619718426.968646, 222
1619718426.988308, 223
1619718427.008552, 222
1619718427.026423, 223
1619718427.044763, 221
1619718427.064374, 222
1619718427.081432, 223
1619718427.100495, 221
1619718427.116281, 222
1619718427.133942, 220
1619718427.150435, 221
1619718427.168343, 222
1619718427.185918, 220
1619718427.204867, 222
1619718427.227196, 222
1619718427.245438, 223
1619718427.263128, 221
1619718427.280868, 222
1619718427.298931, 221
1619718427.318854, 221
1619718427.336665, 221
1619718427.353036, 223
1619718427.370745, 223
1619718427.389862, 223
1619718427.413854, 224
1619718427.441413, 222
1619718427.461030, 223
1619718427.480654, 223
1619718427.498216, 223
1619718427.514711, 222
1619718427.531150, 224
1619718427.547018, 222
1619718427.563528, 222
1619718427.580221, 222
1619718427.596440, 223
1619718427.612307, 223
1619718427.631138, 224
1619718427.648396, 223
1619718427.667336, 223
1619718427.685307, 224
1619718427.703837, 222
1619718427.724474, 223
1619718427.743625, 223
1619718427.762374, 223
1619718427.780532, 223
1619718427.800026, 221
1619718427.816756, 222
1619718427.832334, 221
1619718427.848806, 221
1619718427.866040, 223
1619718427.882365, 224
1619718427.901492, 223
1619718427.920517, 225
1619718427.939358, 224
1619718427.957753, 223
1619718427.976786, 225
1619718427.995069, 223
1619718428.011489, 223
1619718428.045725, 223
1619718428.066608, 224
1619718428.084385, 223
1619718428.103120, 223
1619718428.122801, 222
1619718428.140015, 223
1619718428.157684, 224
1619718428.175445, 224
1619718428.193183, 223
1619718428.210278, 224
1619718428.227407, 223
1619718428.247414, 223
1619718428.264703, 225
1619718428.281766, 223
1619718428.297654, 224
1619718428.319171, 224
1619718428.338661, 224
1619718428.357134, 224
1619718428.378656, 223
1619718428.396317, 223
1619718428.414664, 221
1619718428.434984, 221
1619718428.452652, 222
1619718428.469136, 221
1619718428.486868, 220
1619718428.505295, 222
1619718428.524597, 221
1619718428.545016, 221
1619718428.560904, 223
1619718428.577400, 222
1619718428.593827, 222
1619718428.612175, 223
1619718428.630559, 223
1619718428.649171, 222
1619718428.670488, 224
1619718428.692194, 223
1619718428.709810, 222
1619718428.728129, 223
1619718428.746403, 223
1619718428.763457, 223
1619718428.780749, 223
1619718428.796843, 223
1619718428.815527, 223
1619718428.833697, 223
1619718428.853623, 223
1619718428.873681, 224
1619718428.890847, 224
1619718428.910947, 225
1619718428.931828, 224
1619718428.948300, 225
1619718428.964157, 225
1619718428.984393, 222
1619718429.004635, 224
1619718429.025355, 224
1619718429.042188, 223
1619718429.062597, 223
1619718429.079575, 222
1619718429.097542, 221
1619718429.115105, 223
1619718429.131425, 223
1619718429.151032, 222
1619718429.168149, 222
1619718429.183922, 224
1619718429.204358, 224
1619718429.224198, 225
1619718429.255502, 222
1619718429.273950, 224
1619718429.291774, 224
1619718429.311956, 223
1619718429.328976, 223
1619718429.346243, 224
1619718429.363278, 224
1619718429.379766, 224
1619718429.401040, 225
1619718429.420277, 225
1619718429.437851, 223
1619718429.458235, 224
1619718429.475936, 224
1619718429.496305, 223
1619718429.513206, 223
1619718429.529663, 224
1619718429.546144, 223
1619718429.562041, 223
1619718429.578982, 225
1619718429.594905, 223
1619718429.611943, 225
1619718429.628863, 225
1619718429.650653, 223
1619718429.667671, 223
1619718429.685963, 225
1619718429.706330, 224
1619718429.724602, 222
1619718429.745029, 223
1619718429.764122, 223
1619718429.781074, 222
1619718429.798818, 224
1619718429.815259, 222
1619718429.848477, 223
1619718429.872931, 223
1619718429.890156, 224
1619718429.907948, 223
1619718429.926282, 224
1619718429.943253, 224
1619718429.960909, 224
1619718429.977443, 224
1619718429.995866, 224
1619718430.012520, 224
1619718430.030061, 225
1619718430.048904, 224
1619718430.068426, 225
1619718430.087633, 224
1619718430.104684, 225
1619718430.122446, 225
1619718430.139738, 224
1619718430.158202, 224
1619718430.178170, 225
1619718430.195948, 224
1619718430.215155, 223
1619718430.232144, 224
1619718430.250395, 223
1619718430.266265, 224
1619718430.284681, 223
1619718430.305355, 224
1619718430.324716, 225
1619718430.341676, 224
1619718430.358138, 224
1619718430.373965, 224
1619718430.392856, 224
1619718430.410772, 225
1619718430.453676, 223
1619718430.474483, 223
1619718430.492486, 224
1619718430.509385, 225
1619718430.527259, 225
1619718430.547324, 225
1619718430.568928, 225
1619718430.590919, 224
1619718430.608339, 225
1619718430.624723, 225
1619718430.642401, 224
1619718430.662603, 226
1619718430.679303, 225
1619718430.695587, 225
1619718430.713468, 225
1619718430.730710, 226
1619718430.749410, 225
1619718430.765887, 226
1619718430.782657, 226
1619718430.799518, 226
1619718430.815287, 226
1619718430.831748, 226
1619718430.847637, 226
1619718430.864208, 225
1619718430.882463, 227
1619718430.904611, 226
1619718430.924326, 226
1619718430.942650, 226
1619718430.962963, 226
1619718430.980102, 226
1619718430.997932, 226
1619718431.014399, 226
1619718431.040462, 226
1619718431.067634, 227
1619718431.088936, 224
1619718431.110199, 226
1619718431.128372, 224
1619718431.145354, 226
1619718431.164373, 225
1619718431.181406, 227
1619718431.201828, 225
1619718431.220780, 228
1619718431.239641, 227
1619718431.258304, 226
1619718431.275093, 226
1619718431.292560, 227
1619718431.309970, 226
1619718431.325762, 226
1619718431.344282, 225
1619718431.361856, 225
1619718431.380322, 225
1619718431.396683, 226
1619718431.413248, 226
1619718431.430444, 224
1619718431.447330, 225
1619718431.463069, 225
1619718431.481700, 226
1619718431.498611, 225
1619718431.515040, 226
1619718431.532761, 224
1619718431.549771, 225
1619718431.566301, 225
1619718431.582755, 228
1619718431.600574, 227
1619718431.619534, 228
1619718431.644230, 227
1619718431.665571, 226
1619718431.682034, 227
1619718431.699227, 226
1619718431.716502, 226
1619718431.733966, 226
1619718431.755383, 225
1619718431.774358, 226
1619718431.795456, 227
1619718431.812411, 226
1619718431.831396, 225
1619718431.848703, 227
1619718431.868330, 227
1619718431.887809, 227
1619718431.906966, 227
1619718431.925945, 227
1619718431.943737, 227
1619718431.961337, 228
1619718431.980506, 227
1619718431.998005, 225
1619718432.018389, 226
1619718432.038018, 226
1619718432.057081, 226
1619718432.076796, 226
1619718432.093697, 227
1619718432.111674, 225
1619718432.128123, 226
1619718432.144992, 227
1619718432.161314, 226
1619718432.178446, 226
1619718432.194491, 227
1619718432.213169, 227
1619718432.239297, 226
1619718432.259088, 227
1619718432.279384, 227
1619718432.296507, 227
1619718432.313521, 227
1619718432.330091, 226
1619718432.346539, 226
1619718432.364340, 226
1619718432.380605, 226
1619718432.396443, 226
1619718432.414884, 224
1619718432.431328, 227
1619718432.451444, 226
1619718432.469582, 225
1619718432.486911, 227
1619718432.510126, 227
1619718432.528128, 227
1619718432.545181, 227
1619718432.561886, 228
1619718432.578063, 227
1619718432.594713, 227
1619718432.611980, 226
1619718432.627749, 228
1619718432.649277, 227
1619718432.667948, 228
1619718432.685949, 227
1619718432.707005, 228
1619718432.726079, 228
1619718432.745526, 228
1619718432.761782, 227
1619718432.778916, 228
1619718432.798601, 228
1619718432.816002, 228
1619718432.832968, 228
1619718432.854409, 228
1619718432.875374, 229
1619718432.892490, 227
1619718432.909902, 228
1619718432.929678, 228
1619718432.946650, 228
1619718432.963808, 228
1619718432.980747, 228
1619718433.001098, 228
1619718433.020104, 229
1619718433.039104, 226
1619718433.060103, 227
1619718433.104642, 226
1619718433.128795, 226
1619718433.145804, 226
1619718433.162209, 226
1619718433.178749, 226
1619718433.194534, 225
1619718433.211633, 227
1619718433.227472, 227
1619718433.243973, 227
1619718433.260466, 227
1619718433.276965, 226
1619718433.292695, 227
1619718433.310464, 228
1619718433.326339, 227
1619718433.342751, 228
1619718433.359916, 228
1619718433.376565, 229
1619718433.394094, 228
1619718433.411197, 228
1619718433.428838, 227
1619718433.445990, 227
1619718433.465568, 227
1619718433.483336, 227
1619718433.501109, 227
1619718433.517596, 228
1619718433.535292, 227
1619718433.555566, 227
1619718433.573313, 227
1619718433.589790, 228
1619718433.608344, 229
1619718433.626502, 227
1619718433.644345, 227
1619718433.661361, 228
1619718433.679156, 228
1619718433.695648, 227
1619718433.713320, 227
1619718433.731120, 228
1619718433.747590, 227
1619718433.769709, 226
1619718433.789404, 227
1619718433.809611, 228
1619718433.827362, 227
1619718433.846384, 229
1619718433.864149, 229
1619718433.881835, 228
1619718433.900193, 229
1619718433.919248, 229
1619718433.937225, 228
1619718433.955912, 229
1619718433.974306, 230
1619718433.992067, 229
1619718434.009147, 229
1619718434.027726, 229
1619718434.065513, 229
1619718434.089371, 228
1619718434.108731, 228
1619718434.125640, 229
1619718434.144967, 229
1619718434.162416, 229
1619718434.180797, 228
1619718434.197218, 229
1619718434.213065, 228
1619718434.229479, 230
1619718434.245367, 229
1619718434.261840, 229
1619718434.277809, 230
1619718434.295401, 229
1619718434.311900, 229
1619718434.330982, 227
1619718434.347393, 228
1619718434.365676, 228
1619718434.384747, 229
1619718434.403978, 229
1619718434.424210, 228
1619718434.444432, 227
1619718434.463269, 228
1619718434.483360, 228
1619718434.500970, 227
1619718434.518938, 229
1619718434.539300, 230
1619718434.559400, 229
1619718434.576461, 228
1619718434.594161, 229
1619718434.612735, 228
1619718434.631696, 229
1619718434.668233, 228
1619718434.691187, 229
1619718434.712716, 229
1619718434.731567, 228
1619718434.749457, 227
1619718434.765879, 229
1619718434.786079, 227
1619718434.808623, 229
1619718434.827289, 229
1619718434.850150, 229
1619718434.866554, 229
1619718434.883698, 230
1619718434.900198, 229
1619718434.915955, 230
1619718434.936246, 229
1619718434.956768, 230
1619718434.981304, 231
1619718434.997915, 230
1619718435.018019, 230
1619718435.036763, 231
1619718435.057939, 230
1619718435.080712, 230
1619718435.097646, 230
1619718435.116874, 229
1619718435.134396, 228
1619718435.151542, 229
1619718435.169233, 230
1619718435.187768, 228
1619718435.207814, 229
1619718435.227551, 231
1619718435.247743, 230
1619718435.273763, 230
1619718435.293010, 231
1619718435.309612, 229
1619718435.326182, 230
1619718435.342537, 230
1619718435.360800, 228
1619718435.380072, 230
1619718435.396508, 230
1619718435.413446, 230
1619718435.430611, 228
1619718435.447072, 230
1619718435.463489, 229
1619718435.480634, 230
1619718435.500071, 229
1619718435.519480, 228
1619718435.537222, 229
1619718435.555907, 229
1619718435.575433, 228
1619718435.591592, 228
1619718435.611538, 229
1619718435.628478, 230
1619718435.647289, 230
1619718435.664892, 230
1619718435.681444, 229
1619718435.697754, 229
1619718435.713647, 229
1619718435.732548, 230
1619718435.748953, 231
1619718435.766520, 227
1619718435.784837, 230
1619718435.800737, 229
1619718435.817850, 227
1619718435.836367, 229
1619718435.859568, 229
1619718435.877562, 228
1619718435.897416, 229
1619718435.915766, 229
1619718435.932303, 229
1619718435.948901, 230
1619718435.964837, 230
1619718435.981312, 229
1619718435.997872, 229
1619718436.014430, 230
1619718436.032596, 229
1619718436.049124, 229
1619718436.064742, 230
1619718436.082137, 229
1619718436.099303, 230
1619718436.117658, 230
1619718436.136381, 230
1619718436.154151, 229
1619718436.174335, 229
1619718436.191283, 230
1619718436.208849, 230
1619718436.225180, 230
1619718436.240952, 230
1619718436.258808, 228
1619718436.276564, 230
1619718436.295870, 231
1619718436.312970, 229
1619718436.329253, 229
1619718436.345771, 229
1619718436.362292, 231
1619718436.380526, 229
1619718436.397883, 230
1619718436.420073, 230
1619718436.436933, 228
1619718436.467753, 229
1619718436.489426, 229
1619718436.509048, 230
1619718436.528111, 228
1619718436.547847, 228
1619718436.575165, 231
1619718436.594213, 230
1619718436.611471, 230
1619718436.631254, 230
1619718436.647908, 230
1619718436.665953, 230
1619718436.685997, 230
1619718436.704813, 230
1619718436.727894, 231
1619718436.745332, 231
1619718436.762605, 231
1619718436.781133, 231
1619718436.801476, 231
1619718436.818804, 230
1619718436.836147, 230
1619718436.856191, 231
1619718436.873587, 230
1619718436.892715, 230
1619718436.911709, 229
1619718436.928845, 230
1619718436.948421, 231
1619718436.967116, 231
1619718436.986337, 231
1619718437.008698, 230
1619718437.028767, 232
1619718437.070869, 231
1619718437.100888, 232
1619718437.119784, 230
1619718437.137665, 230
1619718437.157267, 231
1619718437.174558, 230
1619718437.192188, 231
1619718437.209641, 231
1619718437.226344, 231
1619718437.244430, 232
1619718437.263631, 232
1619718437.280282, 232
1619718437.296846, 233
1619718437.315135, 233
1619718437.332561, 232
1619718437.348002, 232
1619718437.364600, 232
1619718437.382043, 232
1619718437.398615, 232
1619718437.416794, 233
1619718437.435041, 233
1619718437.454536, 231
1619718437.473673, 232
1619718437.496241, 232
1619718437.513671, 231
1619718437.531117, 231
1619718437.549242, 231
1619718437.565916, 231
1619718437.582525, 231
1619718437.599042, 229
1619718437.615786, 230
1619718437.634977, 232
1619718437.658107, 231
1619718437.682050, 230
1619718437.701995, 230
1619718437.718743, 232
1619718437.736904, 230
1619718437.757022, 231
1619718437.792309, 231
1619718437.812432, 230
1619718437.828872, 231
1619718437.844667, 230
1619718437.861793, 230
1619718437.878245, 230
1619718437.896283, 230
1619718437.912769, 230
1619718437.938951, 231
1619718437.961416, 230
1619718437.978668, 231
1619718437.996764, 232
1619718438.012753, 231
1619718438.029837, 231
1619718438.045908, 231
1619718438.064194, 231
1619718438.080259, 231
1619718438.098625, 232
1619718438.115586, 231
1619718438.132266, 232
1619718438.150287, 233
1619718438.167419, 232
1619718438.184449, 232
1619718438.208635, 234
1619718438.225516, 232
1619718438.244688, 231
1619718438.264526, 231
1619718438.286143, 232
1619718438.304105, 230
1619718438.322987, 231
1619718438.341235, 233
1619718438.359941, 232
1619718438.377067, 232
1619718438.394149, 232
1619718438.410481, 231
1619718438.430161, 232
1619718438.447330, 232
1619718438.464413, 232
1619718438.482245, 233
1619718438.498914, 231
1619718438.521614, 231
1619718438.542405, 231
1619718438.561477, 231
1619718438.578832, 231
1619718438.595976, 231
1619718438.613884, 230
1619718438.633116, 232
1619718438.653679, 231
1619718438.672292, 233
1619718438.692220, 232
1619718438.712161, 231
1619718438.731970, 232
1619718438.748958, 232
1619718438.767203, 232
1619718438.785961, 232
1619718438.805994, 232
1619718438.824827, 231
1619718438.842809, 232
1619718438.876550, 233
1619718438.897625, 232
1619718438.916135, 232
1619718438.934194, 232
1619718438.952216, 232
1619718438.973128, 233
1619718438.995653, 234
1619718439.014665, 232
1619718439.031555, 231
1619718439.052926, 233
1619718439.072443, 233
1619718439.094889, 232
1619718439.113875, 233
1619718439.131718, 233
1619718439.148486, 232
1619718439.164432, 234
1619718439.180194, 231
1619718439.195972, 230
1619718439.214067, 231
1619718439.232230, 232
1619718439.249979, 231
1619718439.266470, 231
1619718439.284564, 232
1619718439.302420, 232
1619718439.318929, 234
1619718439.339009, 234
1619718439.356678, 233
1619718439.375372, 233
1619718439.392428, 233
1619718439.411033, 233
1619718439.427540, 234
1619718439.444203, 234
1619718439.464433, 234
1619718439.485935, 234
1619718439.506179, 234
1619718439.527012, 233
1619718439.544318, 233
1619718439.561622, 234
1619718439.579992, 234
1619718439.597468, 235
1619718439.614102, 234
1619718439.630608, 236
1619718439.647875, 234
1619718439.664526, 233
1619718439.680415, 234
1619718439.697394, 234
1619718439.714144, 234
1619718439.732077, 232
1619718439.748568, 235
1619718439.765175, 234
1619718439.781276, 234
1619718439.796816, 234
1619718439.812624, 234
1619718439.828529, 233
1619718439.847814, 235
1619718439.865865, 233
1619718439.886071, 232
1619718439.902821, 232
1619718439.920633, 232
1619718439.940343, 233
1619718439.958188, 233
1619718439.976261, 232
1619718439.994883, 232
1619718440.016676, 233
1619718440.036848, 233
1619718440.067663, 233
1619718440.090701, 234
1619718440.110330, 232
1619718440.127965, 233
1619718440.145791, 234
1619718440.162476, 233
1619718440.178873, 233
1619718440.194697, 234
1619718440.210533, 234
1619718440.228528, 234
1619718440.245042, 234
1619718440.261628, 234
1619718440.279046, 233
1619718440.297585, 233
1619718440.314128, 234
1619718440.331384, 234
1619718440.349369, 234
1619718440.365963, 234
1619718440.384593, 234
1619718440.402712, 233
1619718440.420684, 235
1619718440.440338, 235
1619718440.458099, 235
1619718440.475268, 234
1619718440.492022, 234
1619718440.511269, 234
1619718440.527919, 236
1619718440.545783, 234
1619718440.564583, 233
1619718440.580385, 233
1619718440.596190, 233
1619718440.612511, 233
1619718440.631277, 235
1619718440.647745, 235
1619718440.673872, 235
1619718440.698058, 234
1619718440.715970, 234
1619718440.732515, 236
1619718440.748416, 235
1619718440.764841, 235
1619718440.781162, 235
1619718440.799362, 236
1619718440.816467, 234
1619718440.836218, 235
1619718440.853080, 236
1619718440.870361, 234
1619718440.891016, 235
1619718440.907848, 236
1619718440.927358, 236
1619718440.946051, 236
1619718440.964795, 236
1619718440.981216, 235
1619718440.997830, 235
1619718441.014501, 235
1619718441.034670, 235
1619718441.054023, 235
1619718441.072655, 235
1619718441.090022, 234
1619718441.107228, 235
1619718441.125117, 235
1619718441.147419, 235
1619718441.163948, 235
1619718441.179791, 235
1619718441.196482, 235
1619718441.212848, 236
1619718441.232303, 236
1619718441.249725, 234
1619718441.273076, 234
1619718441.294691, 235
1619718441.313362, 233
1619718441.329883, 235
1619718441.345939, 233
1619718441.362378, 236
1619718441.378186, 235
1619718441.396833, 235
1619718441.413335, 236
1619718441.428551, 235
1619718441.445722, 235
1619718441.463122, 237
1619718441.480821, 236
1619718441.496867, 234
1619718441.513850, 234
1619718441.531379, 234
1619718441.550635, 235
1619718441.567152, 234
1619718441.584744, 234
1619718441.604826, 235
1619718441.622534, 235
1619718441.641556, 235
1619718441.657981, 234
1619718441.676639, 234
1619718441.693083, 236
1619718441.710354, 235
1619718441.727608, 236
1619718441.745178, 236
1619718441.763499, 237
1619718441.780158, 236
1619718441.795999, 236
1619718441.812453, 236
1619718441.828486, 235
1619718441.844793, 237
1619718441.864605, 236
1619718441.886881, 235
1619718441.906731, 236
1619718441.926441, 235
1619718441.943634, 235
1619718441.962214, 235
1619718441.978733, 235
1619718441.995906, 235
1619718442.013900, 234
1619718442.031850, 234
1619718442.050011, 235
1619718442.066406, 236
1619718442.085123, 236
1619718442.104613, 237
1619718442.122695, 235
1619718442.140122, 237
1619718442.158166, 236
1619718442.173609, 235
1619718442.192333, 236
1619718442.210190, 236
1619718442.227530, 235
1619718442.245522, 236
1619718442.261310, 235
1619718442.277944, 235
1619718442.294427, 235
1619718442.310288, 236
1619718442.326782, 236
1619718442.344618, 236
1619718442.362738, 236
1619718442.379464, 235
1619718442.396690, 236
1619718442.413285, 235
1619718442.429715, 234
1619718442.446255, 236
1619718442.471593, 235
1619718442.499300, 237
1619718442.519698, 236
1619718442.537622, 236
1619718442.558005, 238
1619718442.575098, 236
1619718442.594092, 236
1619718442.611587, 236
1619718442.628979, 235
1619718442.648894, 235
1619718442.668471, 236
1619718442.686618, 236
1619718442.706052, 235
1619718442.726273, 237
1619718442.743411, 236
1619718442.760573, 237
1619718442.780097, 239
1619718442.797303, 237
1619718442.815292, 236
1619718442.831875, 238
1619718442.848670, 237
1619718442.867104, 237
1619718442.885773, 236
1619718442.904635, 235
1619718442.923236, 237
1619718442.943360, 237
1619718442.962078, 238
1619718442.982730, 238
1619718443.002495, 238
1619718443.024871, 239
1619718443.049663, 239
1619718443.076178, 240
1619718443.098261, 239
1619718443.121171, 238
1619718443.137001, 239
1619718443.153608, 238
1619718443.170808, 239
1619718443.190166, 237
1619718443.208025, 238
1619718443.224736, 239
1619718443.241106, 237
1619718443.259830, 238
1619718443.278024, 238
1619718443.296492, 237
1619718443.314483, 238
1619718443.331751, 237
1619718443.347562, 236
1619718443.363526, 