1619715228.348880, 0
1619715228.377252, 0
1619715228.393802, 0
1619715228.412600, 2
1619715228.430923, 7
1619715228.449858, 4
1619715228.465854, 12
1619715228.482517, 20
1619715228.523806, 25
1619715228.542965, 29
1619715228.560704, 36
1619715228.577248, 39
1619715228.595940, 44
1619715228.612957, 47
1619715228.628872, 52
1619715228.644901, 56
1619715228.660934, 62
1619715228.676928, 65
1619715228.694821, 70
1619715228.711876, 73
1619715228.728243, 81
1619715228.745902, 85
1619715228.765032, 90
1619715228.781992, 96
1619715228.803910, 103
1619715228.820952, 106
1619715228.839856, 110
1619715228.858751, 110
1619715228.874919, 109
1619715228.891958, 110
1619715228.909948, 110
1619715228.926919, 109
1619715228.945987, 109
1619715228.961769, 110
1619715228.978965, 109
1619715229.001325, 109
1619715229.021014, 110
1619715229.044738, 110
1619715229.068703, 110
1619715229.087644, 110
1619715229.126135, 109
1619715229.159618, 110
1619715229.187931, 109
1619715229.207595, 110
1619715229.226999, 109
1619715229.245013, 109
1619715229.262665, 109
1619715229.279661, 109
1619715229.296689, 110
1619715229.312805, 109
1619715229.328781, 109
1619715229.344721, 109
1619715229.361741, 109
1619715229.380146, 109
1619715229.398615, 109
1619715229.416816, 110
1619715229.432786, 109
1619715229.448723, 110
1619715229.465164, 109
1619715229.481774, 110
1619715229.496951, 109
1619715229.513802, 109
1619715229.529742, 110
1619715229.549044, 110
1619715229.566288, 109
1619715229.587755, 110
1619715229.610144, 110
1619715229.628515, 109
1619715229.645394, 109
1619715229.662415, 110
1619715229.678348, 110
1619715229.705621, 109
1619715229.729193, 109
1619715229.749555, 108
1619715229.768617, 107
1619715229.785513, 105
1619715229.802598, 109
1619715229.820943, 110
1619715229.839636, 108
1619715229.856553, 109
1619715229.872666, 110
1619715229.889589, 109
1619715229.907783, 108
1619715229.924691, 110
1619715229.942914, 110
1619715229.960695, 109
1619715229.978572, 108
1619715229.995628, 108
1619715230.013701, 108
1619715230.030811, 108
1619715230.048789, 108
1619715230.065757, 109
1619715230.081898, 110
1619715230.098795, 108
1619715230.115833, 106
1619715230.134937, 106
1619715230.154026, 108
1619715230.171808, 106
1619715230.189288, 107
1619715230.208485, 107
1619715230.225419, 107
1619715230.244565, 107
1619715230.261396, 105
1619715230.279285, 105
1619715230.311524, 105
1619715230.332340, 109
1619715230.350410, 106
1619715230.367464, 108
1619715230.384517, 109
1619715230.402482, 109
1619715230.420496, 110
1619715230.437428, 109
1619715230.454487, 110
1619715230.472824, 108
1619715230.490505, 107
1619715230.508626, 106
1619715230.524937, 105
1619715230.541071, 108
1619715230.559550, 107
1619715230.575533, 108
1619715230.592639, 108
1619715230.612750, 105
1619715230.634781, 101
1619715230.657775, 98
1619715230.677672, 97
1619715230.694727, 91
1619715230.714646, 84
1619715230.737978, 82
1619715230.760711, 78
1619715230.779759, 73
1619715230.800975, 70
1619715230.820811, 69
1619715230.840313, 63
1619715230.863698, 57
1619715230.881072, 52
1619715230.897716, 50
1619715230.918736, 42
1619715230.943469, 41
1619715230.960085, 41
1619715230.977370, 41
1619715230.995465, 41
1619715231.012624, 41
1619715231.029219, 40
1619715231.047614, 41
1619715231.065933, 42
1619715231.084240, 39
1619715231.103561, 40
1619715231.122508, 39
1619715231.139700, 39
1619715231.157930, 40
1619715231.175203, 40
1619715231.192275, 40
1619715231.211009, 40
1619715231.229692, 38
1619715231.250537, 37
1619715231.268365, 39
1619715231.286745, 38
1619715231.304820, 39
1619715231.322815, 38
1619715231.342158, 38
1619715231.360203, 38
1619715231.378121, 40
1619715231.396286, 39
1619715231.413468, 39
1619715231.431563, 39
1619715231.448051, 40
1619715231.466548, 39
1619715231.487860, 39
1619715231.519078, 39
1619715231.542137, 39
1619715231.562760, 39
1619715231.582281, 39
1619715231.603292, 40
1619715231.622586, 40
1619715231.643511, 40
1619715231.664603, 41
1619715231.682595, 40
1619715231.706075, 41
1619715231.728592, 41
1619715231.747257, 40
1619715231.766139, 40
1619715231.783268, 40
1619715231.804883, 39
1619715231.824848, 41
1619715231.841839, 40
1619715231.862947, 41
1619715231.881593, 42
1619715231.901630, 41
1619715231.918407, 41
1619715231.935409, 41
1619715231.955017, 42
1619715231.972564, 41
1619715231.990625, 41
1619715232.009880, 42
1619715232.026378, 42
1619715232.043588, 41
1619715232.059652, 42
1619715232.076567, 42
1619715232.092151, 43
1619715232.115789, 44
1619715232.148813, 43
1619715232.169836, 43
1619715232.191029, 45
1619715232.209646, 44
1619715232.227469, 44
1619715232.245448, 44
1619715232.264184, 43
1619715232.280070, 44
1619715232.296762, 45
1619715232.312417, 43
1619715232.328634, 44
1619715232.346690, 45
1619715232.366004, 45
1619715232.382802, 42
1619715232.399556, 44
1619715232.416383, 43
1619715232.434373, 43
1619715232.451818, 45
1619715232.469840, 45
1619715232.488161, 44
1619715232.505364, 43
1619715232.522806, 45
1619715232.540335, 44
1619715232.558396, 45
1619715232.576487, 44
1619715232.593838, 46
1619715232.614085, 46
1619715232.632338, 45
1619715232.652039, 45
1619715232.671436, 45
1619715232.690683, 45
1619715232.730972, 45
1619715232.749416, 45
1619715232.768985, 46
1619715232.791554, 45
1619715232.809485, 45
1619715232.829462, 45
1619715232.856245, 44
1619715232.876900, 44
1619715232.900398, 45
1619715232.921615, 45
1619715232.941933, 44
1619715232.962833, 45
1619715232.983096, 45
1619715233.003708, 46
1619715233.022860, 47
1619715233.040610, 48
1619715233.060475, 48
1619715233.077219, 47
1619715233.094130, 48
1619715233.111969, 46
1619715233.129553, 47
1619715233.146395, 45
1619715233.163803, 46
1619715233.183215, 47
1619715233.200184, 48
1619715233.217379, 48
1619715233.235504, 47
1619715233.254502, 47
1619715233.271256, 47
1619715233.288109, 46
1619715233.308063, 47
1619715233.333403, 48
1619715233.353345, 47
1619715233.374620, 46
1619715233.393626, 47
1619715233.411379, 46
1619715233.427854, 47
1619715233.444335, 46
1619715233.461608, 49
1619715233.478304, 48
1619715233.496527, 49
1619715233.515549, 47
1619715233.534871, 49
1619715233.556303, 49
1619715233.574148, 49
1619715233.593851, 50
1619715233.611318, 49
1619715233.630030, 50
1619715233.647049, 49
1619715233.665459, 49
1619715233.683476, 49
1619715233.703111, 49
1619715233.721021, 49
1619715233.737827, 48
1619715233.756465, 49
1619715233.772650, 48
1619715233.791904, 49
1619715233.809355, 50
1619715233.826311, 50
1619715233.844430, 50
1619715233.861142, 51
1619715233.879931, 50
1619715233.904266, 50
1619715233.930948, 49
1619715233.959166, 49
1619715233.976394, 50
1619715233.997423, 50
1619715234.019191, 50
1619715234.039147, 50
1619715234.057169, 50
1619715234.076967, 49
1619715234.095144, 50
1619715234.114490, 50
1619715234.136432, 51
1619715234.155681, 51
1619715234.176268, 50
1619715234.194801, 51
1619715234.215406, 51
1619715234.240578, 50
1619715234.259547, 51
1619715234.279697, 51
1619715234.297574, 51
1619715234.318174, 52
1619715234.336282, 51
1619715234.354253, 50
1619715234.378718, 51
1619715234.398505, 52
1619715234.417127, 51
1619715234.436578, 52
1619715234.454616, 51
1619715234.472236, 52
1619715234.493104, 51
1619715234.509899, 51
1619715234.532246, 51
1619715234.551950, 53
1619715234.573786, 52
1619715234.591802, 53
1619715234.609573, 52
1619715234.626657, 52
1619715234.645992, 53
1619715234.662149, 52
1619715234.678737, 52
1619715234.695032, 52
1619715234.712233, 52
1619715234.729178, 52
1619715234.748483, 53
1619715234.764536, 52
1619715234.795952, 53
1619715234.816521, 53
1619715234.832517, 53
1619715234.852732, 52
1619715234.872370, 54
1619715234.889949, 53
1619715234.910415, 52
1619715234.929583, 53
1619715234.950251, 54
1619715234.968945, 54
1619715234.989435, 55
1619715235.007558, 53
1619715235.024479, 53
1619715235.043041, 54
1619715235.060486, 53
1619715235.077959, 53
1619715235.095962, 53
1619715235.123419, 55
1619715235.156302, 56
1619715235.174891, 56
1619715235.198446, 55
1619715235.217140, 55
1619715235.241501, 55
1619715235.265541, 54
1619715235.285590, 53
1619715235.308011, 55
1619715235.326154, 54
1619715235.342769, 56
1619715235.358901, 55
1619715235.375139, 57
1619715235.392619, 56
1619715235.408270, 55
1619715235.425220, 57
1619715235.443531, 56
1619715235.460318, 56
1619715235.476211, 56
1619715235.494005, 55
1619715235.513990, 55
1619715235.535714, 57
1619715235.554981, 56
1619715235.577249, 55
1619715235.597853, 55
1619715235.614711, 55
1619715235.632624, 55
1619715235.651846, 56
1619715235.670581, 56
1619715235.690846, 55
1619715235.709277, 56
1619715235.742882, 56
1619715235.763521, 56
1619715235.781326, 55
1619715235.798223, 56
1619715235.814971, 56
1619715235.831292, 56
1619715235.848134, 55
1619715235.865610, 57
1619715235.884089, 56
1619715235.900513, 56
1619715235.917000, 57
1619715235.934753, 56
1619715235.953636, 56
1619715235.971861, 57
1619715235.991603, 56
1619715236.010345, 58
1619715236.031369, 57
1619715236.052281, 56
1619715236.070453, 58
1619715236.087039, 58
1619715236.106676, 57
1619715236.124312, 57
1619715236.143159, 56
1619715236.162601, 57
1619715236.181212, 57
1619715236.201530, 57
1619715236.221750, 57
1619715236.243862, 56
1619715236.264391, 57
1619715236.284551, 60
1619715236.303923, 58
1619715236.338514, 59
1619715236.362612, 58
1619715236.384743, 58
1619715236.403628, 60
1619715236.420761, 58
1619715236.437397, 57
1619715236.454549, 59
1619715236.473907, 60
1619715236.491728, 59
1619715236.510054, 58
1619715236.527651, 58
1619715236.544732, 58
1619715236.562080, 58
1619715236.580416, 58
1619715236.597818, 59
1619715236.615140, 60
1619715236.631217, 60
1619715236.650705, 60
1619715236.668388, 60
1619715236.686096, 61
1619715236.704998, 60
1619715236.723414, 59
1619715236.742767, 61
1619715236.760438, 59
1619715236.779031, 59
1619715236.797479, 59
1619715236.814134, 59
1619715236.830029, 58
1619715236.846822, 60
1619715236.869297, 58
1619715236.890122, 60
1619715236.909187, 60
1619715236.933861, 59
1619715236.957450, 61
1619715236.985664, 60
1619715237.006175, 60
1619715237.028805, 59
1619715237.048963, 60
1619715237.064891, 60
1619715237.082221, 60
1619715237.100665, 61
1619715237.118174, 61
1619715237.136230, 59
1619715237.153865, 61
1619715237.172458, 60
1619715237.191279, 60
1619715237.209522, 60
1619715237.232281, 60
1619715237.248903, 60
1619715237.266651, 61
1619715237.284509, 61
1619715237.301104, 61
1619715237.318105, 59
1619715237.336089, 61
1619715237.355927, 63
1619715237.377506, 61
1619715237.395274, 63
1619715237.415303, 62
1619715237.435228, 63
1619715237.453993, 63
1619715237.472277, 63
1619715237.490654, 62
1619715237.512474, 63
1619715237.535970, 61
1619715237.561313, 62
1619715237.587550, 62
1619715237.608504, 61
1619715237.628658, 62
1619715237.648651, 62
1619715237.667916, 62
1619715237.686725, 63
1619715237.707852, 62
1619715237.725391, 61
1619715237.742481, 62
1619715237.763004, 62
1619715237.781891, 63
1619715237.799596, 62
1619715237.816704, 63
1619715237.833348, 62
1619715237.852289, 63
1619715237.871137, 63
1619715237.890065, 65
1619715237.909973, 64
1619715237.926309, 63
1619715237.944169, 65
1619715237.961265, 64
1619715237.977844, 64
1619715237.993942, 65
1619715238.011639, 64
1619715238.034127, 63
1619715238.051265, 63
1619715238.069385, 64
1619715238.087046, 63
1619715238.104031, 63
1619715238.134317, 64
1619715238.158048, 63
1619715238.178282, 64
1619715238.198203, 63
1619715238.216870, 64
1619715238.237447, 63
1619715238.256224, 65
1619715238.278870, 65
1619715238.299547, 63
1619715238.319567, 64
1619715238.336686, 64
1619715238.352840, 64
1619715238.370094, 64
1619715238.386600, 64
1619715238.404291, 65
1619715238.420626, 65
1619715238.437101, 65
1619715238.454970, 66
1619715238.472629, 66
1619715238.488131, 66
1619715238.506408, 65
1619715238.524462, 65
1619715238.543858, 65
1619715238.560975, 66
1619715238.579364, 64
1619715238.596538, 66
1619715238.614788, 65
1619715238.633548, 65
1619715238.651450, 64
1619715238.667501, 66
1619715238.685729, 64
1619715238.702890, 65
1619715238.727628, 65
1619715238.748136, 66
1619715238.765829, 66
1619715238.782395, 65
1619715238.799212, 65
1619715238.815119, 65
1619715238.836159, 66
1619715238.854574, 66
1619715238.873230, 65
1619715238.892934, 66
1619715238.914229, 65
1619715238.935268, 67
1619715238.959278, 66
1619715238.978513, 66
1619715239.000695, 66
1619715239.020150, 67
1619715239.040645, 67
1619715239.061246, 65
1619715239.082027, 67
1619715239.106037, 66
1619715239.130388, 66
1619715239.149468, 67
1619715239.171078, 67
1619715239.188804, 66
1619715239.207124, 67
1619715239.228441, 67
1619715239.249620, 67
1619715239.267154, 68
1619715239.285834, 69
1619715239.305936, 69
1619715239.335779, 67
1619715239.358045, 68
1619715239.379114, 67
1619715239.396215, 69
1619715239.414468, 68
1619715239.432235, 69
1619715239.449947, 67
1619715239.470409, 67
1619715239.488225, 67
1619715239.504755, 66
1619715239.525107, 68
1619715239.543005, 69
1619715239.559681, 68
1619715239.577350, 69
1619715239.596205, 69
1619715239.615827, 69
1619715239.633821, 68
1619715239.651257, 69
1619715239.670953, 69
1619715239.689236, 69
1619715239.708251, 69
1619715239.724656, 68
1619715239.740719, 68
1619715239.759603, 69
1619715239.776832, 67
1619715239.794962, 69
1619715239.812180, 69
1619715239.829404, 69
1619715239.846519, 68
1619715239.869249, 69
1619715239.886425, 70
1619715239.903313, 70
1619715239.920544, 71
1619715239.954347, 70
1619715239.975089, 70
1619715239.994480, 71
1619715240.015100, 70
1619715240.035599, 70
1619715240.056174, 70
1619715240.074685, 71
1619715240.093164, 70
1619715240.113182, 71
1619715240.134800, 70
1619715240.161975, 72
1619715240.180149, 72
1619715240.201255, 71
1619715240.220613, 71
1619715240.239954, 70
1619715240.258750, 70
1619715240.274822, 71
1619715240.292779, 71
1619715240.311363, 70
1619715240.334748, 70
1619715240.353772, 70
1619715240.376021, 70
1619715240.396421, 70
1619715240.413542, 70
1619715240.430707, 70
1619715240.448506, 71
1619715240.473509, 72
1619715240.495547, 71
1619715240.512738, 72
1619715240.535992, 71
1619715240.553695, 72
1619715240.572607, 71
1619715240.589864, 72
1619715240.607532, 73
1619715240.627506, 71
1619715240.645141, 71
1619715240.662879, 71
1619715240.680573, 70
1619715240.697717, 71
1619715240.715859, 71
1619715240.732149, 71
1619715240.751445, 70
1619715240.769199, 72
1619715240.786934, 73
1619715240.805073, 72
1619715240.824134, 73
1619715240.842230, 72
1619715240.859318, 73
1619715240.877060, 73
1619715240.894171, 73
1619715240.910379, 73
1619715240.931436, 73
1619715240.949696, 71
1619715240.970263, 72
1619715240.988044, 71
1619715241.008552, 73
1619715241.028096, 72
1619715241.046697, 72
1619715241.072313, 72
1619715241.091904, 74
1619715241.113455, 73
1619715241.136157, 74
1619715241.168431, 73
1619715241.186011, 73
1619715241.205273, 73
1619715241.224301, 74
1619715241.241553, 73
1619715241.260288, 72
1619715241.278014, 73
1619715241.296855, 72
1619715241.315162, 74
1619715241.335705, 73
1619715241.356862, 73
1619715241.376346, 73
1619715241.393994, 74
1619715241.411680, 74
1619715241.429321, 74
1619715241.446736, 73
1619715241.463949, 74
1619715241.484507, 74
1619715241.503739, 74
1619715241.520709, 74
1619715241.537096, 74
1619715241.554461, 72
1619715241.574606, 73
1619715241.593001, 73
1619715241.609286, 73
1619715241.627514, 73
1619715241.645596, 72
1619715241.666100, 74
1619715241.683299, 74
1619715241.700566, 75
1619715241.718656, 75
1619715241.735864, 75
1619715241.765241, 74
1619715241.784603, 75
1619715241.800599, 74
1619715241.817746, 76
1619715241.834352, 73
1619715241.851049, 75
1619715241.868232, 74
1619715241.887027, 74
1619715241.908711, 74
1619715241.928746, 74
1619715241.950099, 74
1619715241.973943, 76
1619715241.990510, 75
1619715242.007781, 75
1619715242.028625, 76
1619715242.046486, 75
1619715242.063170, 75
1619715242.083259, 76
1619715242.102457, 77
1619715242.123603, 76
1619715242.147500, 76
1619715242.168462, 75
1619715242.192794, 75
1619715242.214425, 75
1619715242.241564, 76
1619715242.265864, 77
1619715242.302521, 78
1619715242.324210, 78
1619715242.352269, 77
1619715242.372346, 78
1619715242.388400, 78
1619715242.405012, 77
1619715242.422087, 78
1619715242.437017, 77
1619715242.453741, 76
1619715242.472002, 77
1619715242.487985, 75
1619715242.505884, 74
1619715242.521795, 75
1619715242.540140, 75
1619715242.557955, 75
1619715242.577808, 76
1619715242.596671, 77
1619715242.618226, 77
1619715242.636377, 77
1619715242.652663, 77
1619715242.671532, 77
1619715242.690934, 77
1619715242.707430, 78
1619715242.727460, 77
1619715242.743468, 77
1619715242.761743, 78
1619715242.779483, 77
1619715242.798344, 76
1619715242.820579, 76
1619715242.838100, 76
1619715242.856680, 76
1619715242.871886, 78
1619715242.890720, 77
1619715242.910694, 77
1619715242.929014, 77
1619715242.958870, 78
1619715242.983221, 77
1619715243.002146, 77
1619715243.018707, 79
1619715243.037375, 78
1619715243.056559, 77
1619715243.074727, 78
1619715243.091816, 78
1619715243.109676, 77
1619715243.127976, 78
1619715243.147204, 77
1619715243.166740, 77
1619715243.186489, 77
1619715243.207708, 77
1619715243.226974, 78
1619715243.246883, 79
1619715243.266257, 79
1619715243.285135, 79
1619715243.306204, 78
1619715243.326026, 79
1619715243.344727, 80
1619715243.362665, 79
1619715243.379796, 79
1619715243.397067, 80
1619715243.415297, 78
1619715243.433612, 78
1619715243.452461, 79
1619715243.469408, 77
1619715243.485990, 79
1619715243.504367, 79
1619715243.522074, 76
1619715243.560592, 79
1619715243.580492, 79
1619715243.600640, 79
1619715243.620505, 79
1619715243.639174, 78
1619715243.656327, 79
1619715243.671763, 81
1619715243.691133, 80
1619715243.709431, 80
1619715243.728263, 80
1619715243.745351, 79
1619715243.761469, 78
1619715243.777982, 78
1619715243.799030, 78
1619715243.820151, 78
1619715243.837513, 79
1619715243.854369, 79
1619715243.875587, 80
1619715243.893687, 80
1619715243.911268, 80
1619715243.929681, 80
1619715243.948985, 82
1619715243.965101, 81
1619715243.982294, 81
1619715244.000710, 81
1619715244.018309, 81
1619715244.038832, 82
1619715244.056585, 82
1619715244.075929, 81
1619715244.097809, 81
1619715244.120447, 80
1619715244.157068, 81
1619715244.197790, 81
1619715244.218509, 81
1619715244.237654, 81
1619715244.261147, 81
1619715244.280913, 81
1619715244.300844, 80
1619715244.318452, 82
1619715244.335768, 81
1619715244.358935, 81
1619715244.377755, 82
1619715244.396636, 80
1619715244.414262, 79
1619715244.433106, 81
1619715244.449249, 81
1619715244.465303, 81
1619715244.482487, 81
1619715244.499032, 82
1619715244.518455, 82
1619715244.534700, 82
1619715244.550350, 83
1619715244.568218, 82
1619715244.585835, 82
1619715244.603720, 83
1619715244.620153, 82
1619715244.636036, 81
1619715244.652646, 81
1619715244.669431, 81
1619715244.685883, 82
1619715244.701560, 82
1619715244.720487, 81
1619715244.742271, 81
1619715244.760656, 82
1619715244.778709, 83
1619715244.796375, 82
1619715244.812922, 81
1619715244.829755, 81
1619715244.847151, 82
1619715244.863855, 82
1619715244.882207, 82
1619715244.900344, 84
1619715244.917505, 82
1619715244.934685, 84
1619715244.951852, 83
1619715244.969345, 82
1619715244.985979, 82
1619715245.003417, 84
1619715245.021100, 84
1619715245.038475, 82
1619715245.055900, 81
1619715245.076783, 81
1619715245.097648, 81
1619715245.130289, 82
1619715245.162243, 84
1619715245.193908, 84
1619715245.218277, 83
1619715245.236592, 83
1619715245.259677, 84
1619715245.275741, 83
1619715245.296261, 84
1619715245.316124, 83
1619715245.333243, 85
1619715245.363002, 83
1619715245.380992, 84
1619715245.402524, 82
1619715245.421617, 83
1619715245.439846, 83
1619715245.455897, 82
1619715245.473024, 83
1619715245.489790, 82
1619715245.509127, 83
1619715245.527822, 84
1619715245.547279, 83
1619715245.565107, 84
1619715245.585622, 84
1619715245.605176, 84
1619715245.624359, 83
1619715245.640552, 84
1619715245.656611, 84
1619715245.673334, 84
1619715245.691524, 83
1619715245.710777, 84
1619715245.728463, 82
1619715245.745672, 83
1619715245.762810, 85
1619715245.781589, 84
1619715245.800844, 84
1619715245.818069, 84
1619715245.836997, 85
1619715245.855218, 85
1619715245.874556, 85
1619715245.892172, 86
1619715245.908539, 86
1619715245.926756, 86
1619715245.968669, 85
1619715245.988799, 85
1619715246.006590, 88
1619715246.025173, 86
1619715246.044038, 85
1619715246.063797, 85
1619715246.080854, 85
1619715246.096911, 85
1619715246.113198, 84
1619715246.133063, 84
1619715246.153052, 84
1619715246.183957, 85
1619715246.209081, 85
1619715246.231193, 86
1619715246.253128, 86
1619715246.276070, 86
1619715246.297099, 86
1619715246.320054, 86
1619715246.341939, 86
1619715246.358956, 86
1619715246.377341, 85
1619715246.396545, 84
1619715246.418922, 85
1619715246.441384, 85
1619715246.458957, 84
1619715246.477999, 85
1619715246.496183, 84
1619715246.516091, 86
1619715246.537402, 86
1619715246.562316, 86
1619715246.579991, 86
1619715246.599087, 87
1619715246.617561, 87
1619715246.636203, 87
1619715246.653224, 87
1619715246.673566, 87
1619715246.691238, 88
1619715246.710240, 88
1619715246.727205, 87
1619715246.744450, 87
1619715246.761372, 87
1619715246.778458, 88
1619715246.795344, 87
1619715246.814513, 87
1619715246.834272, 88
1619715246.852966, 88
1619715246.870498, 88
1619715246.888827, 88
1619715246.910703, 87
1619715246.929838, 89
1619715246.949036, 87
1619715246.968330, 87
1619715246.985637, 88
1619715247.004815, 88
1619715247.025004, 86
1619715247.043180, 86
1619715247.061507, 86
1619715247.078914, 87
1619715247.096342, 86
1619715247.115450, 85
1619715247.133110, 87
1619715247.174798, 87
1619715247.201245, 87
1619715247.221666, 87
1619715247.239139, 88
1619715247.262057, 88
1619715247.285314, 88
1619715247.304614, 88
1619715247.324427, 89
1619715247.341376, 88
1619715247.363935, 88
1619715247.382179, 88
1619715247.400160, 88
1619715247.420392, 89
1619715247.439624, 88
1619715247.462124, 89
1619715247.480047, 89
1619715247.501962, 88
1619715247.519330, 90
1619715247.539383, 89
1619715247.557001, 91
1619715247.576465, 89
1619715247.593305, 89
1619715247.614096, 89
1619715247.630303, 89
1619715247.646160, 89
1619715247.663628, 89
1619715247.680119, 89
1619715247.698314, 89
1619715247.715364, 89
1619715247.731465, 88
1619715247.755130, 89
1619715247.771793, 88
1619715247.791688, 88
1619715247.810844, 88
1619715247.831203, 87
1619715247.852363, 88
1619715247.873391, 88
1619715247.895101, 89
1619715247.916249, 90
1619715247.932613, 90
1619715247.956966, 90
1619715247.977910, 90
1619715247.995105, 91
1619715248.016772, 90
1619715248.033931, 89
1619715248.053951, 91
1619715248.071759, 90
1619715248.089165, 89
1619715248.108000, 89
1619715248.124890, 89
1619715248.142918, 90
1619715248.160375, 90
1619715248.178518, 88
1619715248.197954, 89
1619715248.217205, 91
1619715248.234537, 92
1619715248.254736, 91
1619715248.276059, 90
1619715248.294440, 92
1619715248.315102, 91
1619715248.331707, 91
1619715248.352875, 93
1619715248.370234, 92
1619715248.388059, 92
1619715248.407686, 91
1619715248.425340, 89
1619715248.443368, 90
1619715248.460430, 89
1619715248.478570, 90
1619715248.497122, 89
1619715248.515036, 89
1619715248.534487, 90
1619715248.553105, 91
1619715248.572540, 90
1619715248.594928, 91
1619715248.614063, 91
1619715248.633196, 90
1619715248.652347, 91
1619715248.671458, 91
1619715248.691045, 92
1619715248.709293, 92
1619715248.726623, 90
1619715248.743177, 93
1619715248.760661, 91
1619715248.777962, 90
1619715248.796915, 91
1619715248.814223, 91
1619715248.832892, 91
1619715248.853068, 89
1619715248.871727, 91
1619715248.900112, 91
1619715248.920338, 92
1619715248.939640, 92
1619715248.974099, 91
1619715248.994224, 92
1619715249.015244, 92
1619715249.034772, 91
1619715249.054575, 92
1619715249.072855, 91
1619715249.093157, 91
1619715249.111301, 91
1619715249.131430, 91
1619715249.160701, 93
1619715249.183655, 92
1619715249.203518, 91
1619715249.223122, 91
1619715249.249526, 92
1619715249.272486, 92
1619715249.291664, 91
1619715249.310829, 92
1619715249.330395, 92
1619715249.347330, 92
1619715249.364784, 93
1619715249.382141, 92
1619715249.399498, 93
1619715249.417080, 93
1619715249.434379, 94
1619715249.451809, 94
1619715249.469693, 92
1619715249.488567, 92
1619715249.507252, 91
1619715249.524684, 92
1619715249.541212, 92
1619715249.572879, 92
1619715249.595992, 93
1619715249.615144, 93
1619715249.631101, 93
1619715249.647727, 92
1619715249.664151, 94
1619715249.682433, 95
1619715249.700750, 94
1619715249.718049, 94
1619715249.734516, 94
1619715249.751855, 94
1619715249.770147, 94
1619715249.787607, 95
1619715249.806662, 93
1619715249.825949, 92
1619715249.844226, 92
1619715249.860806, 93
1619715249.877407, 93
1619715249.896209, 92
1619715249.916920, 93
1619715249.934294, 94
1619715249.954432, 95
1619715249.972539, 95
1619715249.991209, 94
1619715250.008620, 92
1619715250.026895, 94
1619715250.047611, 95
1619715250.064824, 95
1619715250.081916, 94
1619715250.100856, 93
1619715250.117860, 95
1619715250.139103, 95
1619715250.162259, 94
1619715250.208145, 93
1619715250.231546, 94
1619715250.252044, 94
1619715250.273500, 94
1619715250.295396, 95
1619715250.320106, 95
1619715250.344373, 96
1619715250.366154, 95
1619715250.387818, 96
1619715250.410653, 96
1619715250.436539, 97
1619715250.456976, 96
1619715250.475662, 96
1619715250.493706, 97
1619715250.512354, 95
1619715250.528633, 95
1619715250.549992, 94
1619715250.570059, 95
1619715250.586468, 94
1619715250.603180, 94
1619715250.621643, 94
1619715250.639684, 94
1619715250.657683, 96
1619715250.674547, 96
1619715250.692699, 96
1619715250.712333, 95
1619715250.730057, 95
1619715250.746323, 95
1619715250.778271, 96
1619715250.799233, 94
1619715250.815701, 95
1619715250.833423, 96
1619715250.853979, 95
1619715250.873878, 95
1619715250.893426, 96
1619715250.911118, 95
1619715250.927839, 95
1619715250.944758, 95
1619715250.962854, 95
1619715250.979667, 96
1619715250.998188, 96
1619715251.016851, 95
1619715251.036846, 97
1619715251.056327, 96
1619715251.072684, 95
1619715251.091435, 97
1619715251.109922, 96
1619715251.126937, 97
1619715251.146048, 97
1619715251.162503, 97
1619715251.180373, 98
1619715251.199487, 98
1619715251.217083, 97
1619715251.235512, 97
1619715251.256726, 96
1619715251.277134, 96
1619715251.296932, 96
1619715251.318568, 97
1619715251.338131, 97
1619715251.365451, 97
1619715251.385730, 97
1619715251.404775, 96
1619715251.422283, 98
1619715251.439919, 97
1619715251.457019, 97
1619715251.476831, 97
1619715251.494341, 98
1619715251.512257, 97
1619715251.528259, 97
1619715251.548226, 97
1619715251.565008, 98
1619715251.581915, 97
1619715251.598763, 97
1619715251.617967, 98
1619715251.634784, 96
1619715251.652469, 95
1619715251.671712, 97
1619715251.689473, 96
1619715251.711201, 98
1619715251.733628, 97
1619715251.752706, 97
1619715251.772609, 98
1619715251.789308, 96
1619715251.806139, 96
1619715251.824608, 98
1619715251.842215, 98
1619715251.861064, 97
1619715251.877654, 97
1619715251.895214, 98
1619715251.912820, 98
1619715251.933622, 98
1619715251.951628, 97
1619715251.976385, 97
1619715251.994548, 97
1619715252.013081, 97
1619715252.032351, 97
1619715252.051522, 98
1619715252.069890, 99
1619715252.089714, 98
1619715252.112748, 101
1619715252.129368, 100
1619715252.146940, 99
1619715252.163619, 100
1619715252.183587, 100
1619715252.201860, 99
1619715252.224211, 100
1619715252.244236, 99
1619715252.264301, 99
1619715252.284751, 99
1619715252.312338, 97
1619715252.329862, 101
1619715252.347361, 100
1619715252.367277, 99
1619715252.386380, 99
1619715252.404683, 99
1619715252.421173, 98
1619715252.438006, 99
1619715252.459800, 99
1619715252.484107, 100
1619715252.504867, 101
1619715252.524691, 100
1619715252.550161, 99
1619715252.576715, 99
1619715252.597815, 99
1619715252.615197, 99
1619715252.631111, 100
1619715252.648876, 100
1619715252.666187, 99
1619715252.685941, 100
1619715252.703469, 101
1619715252.719938, 99
1619715252.740841, 97
1619715252.758925, 98
1619715252.775831, 98
1619715252.792715, 98
1619715252.808740, 99
1619715252.825231, 99
1619715252.844928, 100
1619715252.862482, 100
1619715252.880369, 100
1619715252.897833, 100
1619715252.914141, 100
1619715252.931556, 100
1619715252.952657, 100
1619715252.969314, 100
1619715252.985927, 99
1619715253.002610, 100
1619715253.020320, 100
1619715253.042087, 101
1619715253.059006, 99
1619715253.079110, 99
1619715253.095076, 99
1619715253.111249, 99
1619715253.128815, 98
1619715253.145903, 97
1619715253.189591, 100
1619715253.216916, 101
1619715253.235865, 101
1619715253.253404, 101
1619715253.271981, 102
1619715253.290017, 101
1619715253.307517, 100
1619715253.323977, 101
1619715253.340110, 100
1619715253.356814, 101
1619715253.374141, 101
1619715253.390842, 101
1619715253.407757, 101
1619715253.426884, 101
1619715253.443600, 101
1619715253.460447, 101
1619715253.478735, 100
1619715253.495578, 100
1619715253.514409, 100
1619715253.530861, 101
1619715253.548455, 100
1619715253.568337, 100
1619715253.587308, 103
1619715253.605680, 102
1619715253.625252, 100
1619715253.643561, 102
1619715253.660628, 101
1619715253.678086, 100
1619715253.695567, 102
1619715253.714333, 102
1619715253.730450, 101
1619715253.748759, 103
1619715253.774048, 102
1619715253.797507, 101
1619715253.814255, 102
1619715253.832250, 101
1619715253.848665, 102
1619715253.866064, 102
1619715253.884108, 102
1619715253.900779, 101
1619715253.920595, 102
1619715253.940156, 101
1619715253.963396, 102
1619715253.980327, 104
1619715253.996620, 103
1619715254.015714, 103
1619715254.035626, 102
1619715254.053907, 103
1619715254.071854, 103
1619715254.089150, 102
1619715254.106971, 103
1619715254.124608, 104
1619715254.141985, 103
1619715254.158510, 104
1619715254.176944, 103
1619715254.198467, 102
1619715254.217258, 100
1619715254.243141, 100
1619715254.265782, 102
1619715254.284857, 102
1619715254.304833, 102
1619715254.324582, 103
1619715254.348114, 103
1619715254.371602, 103
1619715254.411278, 102
1619715254.443720, 103
1619715254.462643, 103
1619715254.484357, 103
1619715254.503758, 103
1619715254.522935, 102
1619715254.540316, 103
1619715254.557754, 103
1619715254.573649, 102
1619715254.591100, 103
1619715254.607314, 103
1619715254.625072, 101
1619715254.641703, 103
1619715254.657679, 102
1619715254.673475, 102
1619715254.689324, 103
1619715254.709071, 103
1619715254.725796, 103
1619715254.744513, 105
1619715254.760160, 104
1619715254.778127, 103
1619715254.793769, 104
1619715254.814043, 105
1619715254.831346, 104
1619715254.848378, 103
1619715254.865566, 104
1619715254.885065, 104
1619715254.906023, 105
1619715254.923800, 104
1619715254.942134, 105
1619715254.960716, 103
1619715254.980704, 103
1619715254.999465, 103
1619715255.018031, 105
1619715255.036924, 104
1619715255.055946, 103
1619715255.072208, 105
1619715255.090174, 105
1619715255.106863, 104
1619715255.125100, 105
1619715255.144264, 105
1619715255.163248, 106
1619715255.181591, 105
1619715255.201420, 104
1619715255.220572, 105
1619715255.243545, 105
1619715255.259505, 104
1619715255.278611, 104
1619715255.300094, 105
1619715255.326534, 106
1619715255.345287, 106
1619715255.362823, 105
1619715255.379548, 105
1619715255.397768, 104
1619715255.416235, 105
1619715255.432795, 104
1619715255.451661, 107
1619715255.471082, 107
1619715255.490201, 106
1619715255.508232, 106
1619715255.526609, 106
1619715255.543491, 106
1619715255.562137, 106
1619715255.586199, 104
1619715255.603687, 105
1619715255.621946, 105
1619715255.640778, 105
1619715255.659446, 105
1619715255.676658, 105
1619715255.697264, 105
1619715255.714464, 104
1619715255.731913, 105
1619715255.748806, 105
1619715255.766913, 104
1619715255.786824, 104
1619715255.803457, 105
1619715255.820289, 105
1619715255.838547, 105
1619715255.856234, 107
1619715255.874221, 106
1619715255.890927, 107
1619715255.907694, 106
1619715255.926054, 105
1619715255.944950, 106
1619715255.962903, 107
1619715255.979987, 107
1619715255.995846, 106
1619715256.012541, 106
1619715256.030116, 106
1619715256.048654, 106
1619715256.068422, 106
1619715256.088216, 105
1619715256.107284, 106
1619715256.125635, 105
1619715256.143410, 106
1619715256.161768, 105
1619715256.195687, 104
1619715256.219743, 106
1619715256.243879, 106
1619715256.265041, 108
1619715256.284876, 105
1619715256.303756, 106
1619715256.322921, 107
1619715256.344356, 107
1619715256.364163, 107
1619715256.383160, 106
1619715256.400670, 106
1619715256.418201, 108
1619715256.436521, 107
1619715256.454714, 106
1619715256.473867, 107
1619715256.491332, 106
1619715256.512021, 106
1619715256.528760, 106
1619715256.546554, 106
1619715256.567696, 106
1619715256.585939, 106
1619715256.605855, 107
1619715256.628911, 107
1619715256.648392, 108
1619715256.666192, 107
1619715256.683810, 107
1619715256.701345, 107
1619715256.719553, 107
1619715256.740617, 107
1619715256.758140, 108
1619715256.788454, 107
1619715256.819448, 108
1619715256.839801, 109
1619715256.857949, 106
1619715256.878666, 107
1619715256.896253, 107
1619715256.914451, 107
1619715256.931626, 107
1619715256.948435, 107
1619715256.966004, 107
1619715256.984860, 109
1619715257.002788, 108
1619715257.020766, 108
1619715257.036761, 108
1619715257.054277, 108
1619715257.071619, 107
1619715257.089204, 107
1619715257.107891, 108
1619715257.127806, 107
1619715257.147672, 108
1619715257.166193, 107
1619715257.188710, 107
1619715257.208345, 108
1619715257.228143, 109
1619715257.250771, 106
1619715257.271854, 107
1619715257.290911, 107
1619715257.311526, 108
1619715257.329776, 108
1619715257.349021, 108
1619715257.383909, 107
1619715257.405473, 109
1619715257.426090, 110
1619715257.445096, 109
1619715257.462276, 108
1619715257.479802, 110
1619715257.496613, 109
1619715257.514687, 108
1619715257.530966, 109
1619715257.548201, 109
1619715257.564812, 109
1619715257.582807, 109
1619715257.613264, 109
1619715257.631711, 109
1619715257.648757, 107
1619715257.668020, 108
1619715257.685516, 108
1619715257.703312, 108
1619715257.724114, 107
1619715257.741767, 108
1619715257.760364, 107
1619715257.778643, 109
1619715257.796086, 109
1619715257.814324, 109
1619715257.832789, 110
1619715257.852120, 110
1619715257.872300, 108
1619715257.895015, 108
1619715257.914330, 108
1619715257.932707, 108
1619715257.955223, 108
1619715257.982235, 108
1619715258.002497, 109
1619715258.020697, 107
1619715258.037977, 106
1619715258.056836, 106
1619715258.074263, 106
1619715258.092347, 105
1619715258.109733, 105
1619715258.128442, 106
1619715258.147020, 96
1619715258.180001, 88
1619715258.200993, 78
1619715258.225453, 71
1619715258.246525, 63
1619715258.265536, 55
1619715258.287836, 52
1619715258.307408, 52
1619715258.326280, 52
1619715258.344588, 51
1619715258.360978, 52
1619715258.379011, 51
1619715258.394952, 51
1619715258.415714, 52
1619715258.434585, 52
1619715258.450584, 53
1619715258.466812, 52
1619715258.483099, 52
1619715258.498880, 54
1619715258.514485, 53
1619715258.532209, 52
1619715258.549130, 52
1619715258.569038, 51
1619715258.593865, 52
1619715258.612755, 53
1619715258.630129, 52
1619715258.648472, 52
1619715258.667460, 54
1619715258.685358, 54
1619715258.702064, 53
1619715258.718796, 54
1619715258.734785, 53
1619715258.752306, 54
1619715258.770224, 53
1619715258.788531, 52
1619715258.805057, 53
1619715258.824506, 53
1619715258.840806, 53
1619715258.856873, 54
1619715258.874243, 54
1619715258.892040, 54
1619715258.910641, 53
1619715258.927673, 55
1619715258.946944, 55
1619715258.963650, 55
1619715258.981445, 54
1619715258.999242, 53
1619715259.017175, 54
1619715259.036205, 55
1619715259.053476, 53
1619715259.070158, 52
1619715259.086864, 54
1619715259.103674, 53
1619715259.120488, 53
1619715259.137997, 55
1619715259.159506, 54
1619715259.181965, 56
1619715259.207204, 55
1619715259.225720, 55
1619715259.243534, 55
1619715259.260389, 55
1619715259.276539, 55
1619715259.294922, 55
1619715259.314124, 56
1619715259.335964, 55
1619715259.353942, 57
1619715259.371411, 56
1619715259.391594, 55
1619715259.410287, 57
1619715259.430315, 56
1619715259.448606, 57
1619715259.466729, 56
1619715259.486003, 57
1619715259.503001, 55
1619715259.520714, 56
1619715259.539873, 57
1619715259.558521, 56
1619715259.577982, 56
1619715259.596084, 56
1619715259.614215, 55
1619715259.633629, 55
1619715259.652249, 56
1619715259.671390, 55
1619715259.688185, 57
1619715259.709737, 56
1619715259.727477, 57
1619715259.745957, 58
1619715259.767046, 57
1619715259.795871, 58
1619715259.813826, 57
1619715259.832647, 56
1619715259.849824, 57
1619715259.869413, 58
1619715259.888335, 57
1619715259.908624, 58
1619715259.925708, 57
1619715259.943205, 57
1619715259.964074, 58
1619715259.986823, 57
1619715260.006177, 58
1619715260.025703, 59
1619715260.047422, 59
1619715260.065819, 60
1619715260.085648, 61
1619715260.104689, 57
1619715260.123429, 58
1619715260.143908, 60
1619715260.162024, 58
1619715260.180319, 57
1619715260.200093, 58
1619715260.219457, 57
1619715260.239157, 59
1619715260.260771, 59
1619715260.282088, 57
1619715260.301764, 60
1619715260.323015, 60
1619715260.341488, 60
1619715260.361583, 58
1619715260.409912, 58
1619715260.430189, 58
1619715260.447266, 58
1619715260.464746, 57
1619715260.481621, 59
1619715260.511493, 59
1619715260.529397, 60
1619715260.545812, 59
1619715260.563127, 61
1619715260.579933, 61
1619715260.599033, 59
1619715260.618520, 59
1619715260.634584, 60
1619715260.652787, 59
1619715260.670333, 60
1619715260.689960, 58
1619715260.708039, 59
1619715260.725509, 61
1619715260.745490, 60
1619715260.765833, 61
1619715260.783911, 61
1619715260.800772, 61
1619715260.819580, 61
1619715260.837386, 63
1619715260.855099, 62
1619715260.872696, 61
1619715260.890107, 62
1619715260.908754, 58
1619715260.925561, 60
1619715260.944335, 60
1619715260.963342, 60
1619715261.003808, 61
1619715261.025078, 62
1619715261.052828, 62
1619715261.072926, 61
1619715261.103161, 62
1619715261.122820, 63
1619715261.146222, 60
1619715261.165601, 62
1619715261.185171, 60
1619715261.207173, 60
1619715261.224816, 61
1619715261.242246, 61
1619715261.259017, 61
1619715261.275755, 60
1619715261.293110, 61
1619715261.309848, 62
1619715261.330202, 63
1619715261.346141, 62
1619715261.362926, 63
1619715261.383139, 63
1619715261.399226, 62
1619715261.418184, 61
1619715261.435485, 62
1619715261.451953, 61
1619715261.472694, 61
1619715261.490166, 62
1619715261.508544, 62
1619715261.528042, 62
1619715261.546055, 63
1619715261.566527, 62
1619715261.594184, 63
1619715261.624819, 62
1619715261.644333, 63
1619715261.662419, 64
1619715261.682747, 64
1619715261.701005, 64
1619715261.719900, 63
1619715261.739591, 62
1619715261.759299, 63
1619715261.781072, 62
1619715261.800224, 63
1619715261.822376, 64
1619715261.842569, 62
1619715261.860751, 64
1619715261.884869, 64
1619715261.905187, 64
1619715261.924095, 65
1619715261.941191, 65
1619715261.959767, 64
1619715261.979122, 66
1619715262.003168, 66
1619715262.025031, 64
1619715262.044171, 63
1619715262.062036, 62
1619715262.079672, 63
1619715262.101303, 65
1619715262.120268, 63
1619715262.138458, 63
1619715262.159455, 66
1619715262.176108, 64
1619715262.228438, 66
1619715262.247067, 65
1619715262.268018, 65
1619715262.291109, 67
1619715262.315440, 64
1619715262.334884, 64
1619715262.356668, 63
1619715262.374072, 66
1619715262.391619, 65
1619715262.409946, 64
1619715262.427138, 66
1619715262.450813, 66
1619715262.467559, 66
1619715262.484317, 66
1619715262.501813, 66
1619715262.519156, 67
1619715262.537716, 65
1619715262.554424, 65
1619715262.571179, 66
1619715262.588731, 66
1619715262.605761, 65
1619715262.624951, 66
1619715262.642590, 65
1619715262.659165, 65
1619715262.675827, 66
1619715262.693696, 65
1619715262.712128, 64
1619715262.733118, 66
1619715262.751182, 66
1619715262.770407, 67
1619715262.800225, 66
1619715262.820576, 66
1619715262.840172, 68
1619715262.859028, 68
1619715262.875758, 66
1619715262.895365, 66
1619715262.913397, 67
1619715262.931015, 66
1619715262.950725, 67
1619715262.970842, 67
1619715262.988339, 68
1619715263.008834, 69
1619715263.027256, 69
1619715263.048183, 69
1619715263.069195, 68
1619715263.089572, 68
1619715263.107760, 67
1619715263.125174, 68
1619715263.144105, 67
1619715263.163004, 67
1619715263.185481, 67
1619715263.205110, 67
1619715263.225956, 65
1619715263.261614, 66
1619715263.313451, 68
1619715263.341106, 69
1619715263.361911, 69
1619715263.383277, 70
1619715263.430138, 69
1619715263.450221, 69
1619715263.467908, 68
1619715263.484354, 69
1619715263.501630, 67
1619715263.517771, 67
1619715263.534581, 69
1619715263.552656, 68
1619715263.570291, 69
1619715263.588390, 68
1619715263.606992, 69
1619715263.628400, 69
1619715263.648334, 70
1619715263.668632, 69
1619715263.687507, 68
1619715263.707191, 70
1619715263.724895, 69
1619715263.745875, 69
1619715263.764733, 70
1619715263.783565, 69
1619715263.803091, 70
1619715263.821784, 70
1619715263.838796, 68
1619715263.856906, 68
1619715263.874411, 67
1619715263.893816, 69
1619715263.916283, 70
1619715263.934868, 69
1619715263.959936, 71
1619715263.980743, 70
1619715264.013821, 71
1619715264.044088, 70
1619715264.063740, 69
1619715264.083370, 68
1619715264.106796, 69
1619715264.127213, 69
1619715264.143324, 69
1619715264.160070, 69
1619715264.178480, 67
1619715264.195144, 70
1619715264.211261, 71
1619715264.230531, 71
1619715264.246865, 71
1619715264.262572, 71
1619715264.278344, 72
1619715264.294939, 71
1619715264.312504, 71
1619715264.328689, 71
1619715264.345406, 72
1619715264.362885, 69
1619715264.380967, 70
1619715264.401174, 70
1619715264.421177, 71
1619715264.440784, 71
1619715264.457646, 71
1619715264.474217, 71
1619715264.493343, 72
1619715264.509186, 71
1619715264.529064, 72
1619715264.547154, 71
1619715264.566736, 71
1619715264.584887, 72
1619715264.611102, 72
1619715264.639545, 71
1619715264.656425, 70
1619715264.674569, 72
1619715264.692094, 73
1619715264.710055, 73
1619715264.728301, 73
1619715264.744894, 73
1619715264.761692, 73
1619715264.780806, 73
1619715264.799487, 75
1619715264.825164, 74
1619715264.842563, 73
1619715264.864516, 72
1619715264.885042, 72
1619715264.905896, 72
1619715264.924295, 72
1619715264.945156, 73
1619715264.964969, 72
1619715264.985296, 73
1619715265.007503, 72
1619715265.025694, 73
1619715265.047155, 73
1619715265.067632, 72
1619715265.092638, 73
1619715265.111774, 73
1619715265.134116, 73
1619715265.151549, 74
1619715265.174246, 74
1619715265.201310, 73
1619715265.223523, 74
1619715265.241190, 73
1619715265.257807, 73
1619715265.275216, 73
1619715265.293715, 73
1619715265.310094, 73
1619715265.328399, 72
1619715265.344358, 72
1619715265.362922, 72
1619715265.382836, 74
1619715265.400423, 73
1619715265.416628, 74
1619715265.437866, 73
1619715265.455733, 73
1619715265.474200, 73
1619715265.491675, 75
1619715265.514949, 72
1619715265.536613, 73
1619715265.554401, 74
1619715265.574081, 74
1619715265.596650, 74
1619715265.613486, 74
1619715265.632459, 75
1619715265.651521, 74
1619715265.670408, 73
1619715265.688638, 75
1619715265.707785, 74
1619715265.728074, 75
1619715265.749197, 75
1619715265.769127, 77
1619715265.793623, 76
1619715265.820268, 76
1619715265.840815, 75
1619715265.859390, 76
1619715265.884314, 75
1619715265.904829, 75
1619715265.926699, 75
1619715265.955369, 75
1619715265.980839, 73
1619715266.001828, 75
1619715266.028040, 76
1619715266.049085, 76
1619715266.069459, 76
1619715266.087245, 76
1619715266.107554, 76
1619715266.125585, 77
1619715266.143868, 77
1619715266.168499, 76
1619715266.185884, 76
1619715266.201586, 76
1619715266.221049, 73
1619715266.237167, 75
1619715266.253190, 76
1619715266.269910, 75
1619715266.286539, 75
1619715266.305438, 76
1619715266.322917, 76
1619715266.339600, 77
1619715266.355953, 77
1619715266.371529, 77
1619715266.387873, 77
1619715266.406323, 78
1619715266.425036, 79
1619715266.442428, 78
1619715266.459021, 79
1619715266.474374, 78
1619715266.490369, 78
1619715266.506613, 75
1619715266.524825, 76
1619715266.544465, 76
1619715266.564297, 76
1619715266.584547, 76
1619715266.606085, 76
1619715266.623630, 77
1619715266.646096, 78
1619715266.664368, 78
1619715266.681806, 77
1619715266.699905, 78
1619715266.717436, 78
1619715266.734041, 76
1619715266.751583, 78
1619715266.768390, 78
1619715266.787138, 77
1619715266.804832, 79
1619715266.823375, 77
1619715266.841521, 77
1619715266.858962, 76
1619715266.878704, 77
1619715266.896110, 78
1619715266.914237, 77
1619715266.930698, 77
1619715266.947780, 78
1619715266.965064, 78
1619715266.983268, 77
1619715267.010953, 78
1619715267.031429, 78
1619715267.052616, 78
1619715267.071521, 78
1619715267.090156, 78
1619715267.107620, 79
1619715267.125055, 79
1619715267.141960, 79
1619715267.159782, 77
1619715267.178093, 77
1619715267.195511, 77
1619715267.212384, 78
1619715267.229486, 79
1619715267.245385, 77
1619715267.261167, 78
1619715267.277232, 80
1619715267.296287, 78
1619715267.314804, 79
1619715267.336167, 80
1619715267.353515, 79
1619715267.370265, 79
1619715267.392202, 79
1619715267.410932, 79
1619715267.428675, 79
1619715267.445878, 77
1619715267.468483, 78
1619715267.487205, 78
1619715267.506191, 78
1619715267.527213, 78
1619715267.545742, 79
1619715267.564346, 80
1619715267.584284, 80
1619715267.609819, 80
1619715267.639016, 81
1619715267.657795, 80
1619715267.675980, 80
1619715267.696032, 79
1619715267.714554, 80
1619715267.744305, 79
1619715267.760377, 79
1619715267.776991, 79
1619715267.793737, 79
1619715267.811921, 79
1619715267.828720, 79
1619715267.846087, 80
1619715267.864264, 79
1619715267.881024, 80
1619715267.900049, 81
1619715267.922310, 80
1619715267.944827, 81
1619715267.964711, 80
1619715267.984032, 82
1619715268.006999, 81
1619715268.025736, 81
1619715268.043825, 80
1619715268.063867, 82
1619715268.081561, 80
1619715268.100081, 79
1619715268.118567, 82
1619715268.135473, 82
1619715268.152411, 81
1619715268.169028, 81
1619715268.188340, 81
1619715268.210237, 83
1619715268.240433, 82
1619715268.260090, 81
1619715268.278506, 81
1619715268.295438, 81
1619715268.314641, 81
1619715268.330893, 82
1619715268.349271, 82
1619715268.370890, 81
1619715268.388573, 82
1619715268.405486, 83
1619715268.422498, 81
1619715268.439258, 80
1619715268.456310, 81
1619715268.474024, 81
1619715268.491731, 81
1619715268.509838, 81
1619715268.527018, 82
1619715268.547940, 82
1619715268.567839, 81
1619715268.585815, 83
1619715268.604257, 81
1619715268.623008, 83
1619715268.640749, 83
1619715268.658513, 83
1619715268.676142, 84
1619715268.693021, 83
1619715268.710100, 83
1619715268.726076, 83
1619715268.742299, 82
1619715268.758474, 82
1619715268.775406, 82
1619715268.793914, 82
1619715268.823747, 81
1619715268.841607, 82
1619715268.858462, 82
1619715268.891427, 83
1619715268.909471, 83
1619715268.925771, 82
1619715268.945840, 83
1619715268.963942, 83
1619715268.982152, 82
1619715269.002117, 83
1619715269.021737, 83
1619715269.039797, 83
1619715269.058854, 83
1619715269.078552, 82
1619715269.096099, 82
1619715269.115261, 82
1619715269.132172, 83
1619715269.149429, 82
1619715269.167575, 83
1619715269.186587, 83
1619715269.207493, 83
1619715269.226430, 84
1619715269.243701, 85
1619715269.260027, 85
1619715269.276489, 85
1619715269.294519, 85
1619715269.312770, 85
1619715269.330824, 84
1619715269.347181, 85
1619715269.364398, 84
1619715269.384369, 82
1619715269.402517, 84
1619715269.433022, 82
1619715269.451946, 83
1619715269.470153, 85
1619715269.489105, 84
1619715269.505795, 83
1619715269.522160, 84
1619715269.540904, 85
1619715269.560252, 84
1619715269.578092, 84
1619715269.596158, 84
1619715269.613424, 84
1619715269.632298, 85
1619715269.649042, 84
1619715269.667601, 84
1619715269.686037, 85
1619715269.704808, 85
1619715269.724195, 83
1619715269.742430, 84
1619715269.761336, 84
1619715269.778999, 84
1619715269.800817, 85
1619715269.819829, 84
1619715269.838074, 84
1619715269.856529, 86
1619715269.877418, 85
1619715269.899704, 85
1619715269.918529, 85
1619715269.939899, 84
1619715269.967583, 85
1619715269.992836, 82
1619715270.027594, 85
1619715270.053426, 85
1619715270.075678, 84
1619715270.096662, 83
1619715270.120611, 84
1619715270.138779, 85
1619715270.156541, 85
1619715270.172739, 84
1619715270.188842, 87
1619715270.206468, 86
1619715270.222482, 87
1619715270.240661, 86
1619715270.256684, 85
1619715270.274376, 85
1619715270.295397, 86
1619715270.312460, 86
1619715270.329614, 86
1619715270.347576, 86
1619715270.365150, 86
1619715270.385354, 85
1619715270.404435, 85
1619715270.422463, 84
1619715270.439424, 85
1619715270.456292, 86
1619715270.473110, 84
1619715270.492752, 85
1619715270.509972, 86
1619715270.528749, 86
1619715270.548538, 87
1619715270.566210, 86
1619715270.585140, 86
1619715270.603258, 87
1619715270.626336, 86
1619715270.644302, 87
1619715270.664219, 87
1619715270.681210, 87
1619715270.697306, 87
1619715270.717271, 86
1619715270.737298, 86
1619715270.755240, 86
1619715270.772553, 87
1619715270.790812, 87
1619715270.809256, 85
1619715270.828357, 87
1619715270.850383, 89
1619715270.868560, 87
1619715270.889474, 89
1619715270.907567, 89
1619715270.923173, 89
1619715270.940541, 89
1619715270.958145, 88
1619715270.976315, 87
1619715270.994235, 89
1619715271.012902, 90
1619715271.032582, 89
1619715271.053398, 88
1619715271.075281, 87
1619715271.095076, 88
1619715271.112529, 87
1619715271.133191, 86
1619715271.154194, 88
1619715271.172981, 87
1619715271.190941, 88
1619715271.218857, 88
1619715271.236874, 89
1619715271.254153, 88
1619715271.271271, 89
1619715271.288530, 89
1619715271.305746, 89
1619715271.322255, 89
1619715271.338733, 89
1619715271.355262, 89
1619715271.372869, 88
1619715271.390518, 88
1619715271.410133, 88
1619715271.427090, 87
1619715271.443608, 88
1619715271.463163, 87
1619715271.480049, 88
1619715271.497413, 87
1619715271.515757, 87
1619715271.536570, 89
1619715271.558590, 89
1619715271.575842, 88
1619715271.594851, 90
1619715271.614912, 88
1619715271.631231, 90
1619715271.649549, 89
1619715271.666552, 90
1619715271.684855, 90
1619715271.704308, 89
1619715271.723629, 89
1619715271.742601, 87
1619715271.761703, 88
1619715271.778757, 89
1619715271.800265, 87
1619715271.826946, 88
1619715271.845081, 89
1619715271.860913, 89
1619715271.878376, 90
1619715271.895552, 90
1619715271.916456, 91
1619715271.933856, 90
1619715271.954348, 89
1619715271.973809, 90
1619715271.994820, 90
1619715272.013245, 90
1619715272.032833, 89
1619715272.051875, 90
1619715272.069194, 89
1619715272.088556, 89
1619715272.110156, 89
1619715272.130518, 90
1619715272.150676, 90
1619715272.172712, 91
1619715272.192874, 90
1619715272.210129, 91
1619715272.227048, 91
1619715272.245140, 91
1619715272.262646, 90
1619715272.280371, 92
1619715272.296958, 92
1619715272.312526, 89
1619715272.330055, 91
1619715272.346059, 89
1619715272.364447, 92
1619715272.381756, 91
1619715272.401148, 91
1619715272.425713, 89
1619715272.451243, 90
1619715272.469849, 91
1619715272.487925, 90
1619715272.512147, 90
1619715272.532123, 91
1619715272.555830, 91
1619715272.572323, 91
1619715272.590546, 91
1619715272.608343, 91
1619715272.625433, 92
1619715272.642110, 91
1619715272.658367, 91
1619715272.674838, 91
1619715272.691316, 92
1619715272.710525, 91
1619715272.729864, 91
1619715272.752714, 91
1619715272.770983, 91
1619715272.791553, 91
1619715272.811452, 90
1619715272.829735, 92
1619715272.851258, 91
1619715272.868608, 91
1619715272.884900, 92
1619715272.901519, 92
1619715272.918008, 93
1619715272.935754, 93
1619715272.953367, 92
1619715272.970113, 92
1619715272.986267, 92
1619715273.003444, 93
1619715273.020207, 93
1619715273.048772, 92
1619715273.066306, 92
1619715273.083901, 94
1619715273.100315, 93
1619715273.118750, 92
1619715273.137135, 91
1619715273.156624, 91
1619715273.174549, 92
1619715273.192835, 92
1619715273.210199, 92
1619715273.226565, 92
1619715273.247401, 92
1619715273.264710, 93
1619715273.283989, 94
1619715273.300475, 93
1619715273.318619, 92
1619715273.336888, 93
1619715273.354176, 94
1619715273.369773, 93
1619715273.386341, 94
1619715273.404374, 92
1619715273.421726, 93
1619715273.438173, 93
1619715273.455632, 92
1619715273.472570, 92
1619715273.489686, 93
1619715273.509098, 93
1619715273.526750, 93
1619715273.545005, 92
1619715273.560990, 93
1619715273.576074, 92
1619715273.594563, 94
1619715273.627859, 94
1619715273.649982, 95
1619715273.668185, 94
1619715273.687302, 93
1619715273.705067, 94
1619715273.723409, 94
1619715273.741530, 93
1619715273.761493, 94
1619715273.777990, 95
1619715273.794362, 94
1619715273.815192, 94
1619715273.833359, 94
1619715273.850219, 94
1619715273.868249, 92
1619715273.885591, 94
1619715273.904879, 93
1619715273.924152, 95
1619715273.946787, 95
1619715273.964262, 94
1619715273.982739, 93
1619715274.004255, 94
1619715274.024021, 93
1619715274.046282, 94
1619715274.068006, 93
1619715274.088750, 95
1619715274.106610, 95
1619715274.125246, 95
1619715274.142453, 95
1619715274.159157, 93
1619715274.176576, 93
1619715274.193163, 93
1619715274.221735, 93
1619715274.240649, 94
1619715274.261654, 94
1619715274.277619, 95
1619715274.298882, 96
1619715274.317625, 96
1619715274.334863, 95
1619715274.351491, 94
1619715274.369493, 95
1619715274.386065, 96
1619715274.404745, 94
1619715274.420672, 95
1619715274.437546, 94
1619715274.454139, 96
1619715274.471375, 95
1619715274.488759, 96
1619715274.505672, 95
1619715274.522562, 96
1619715274.540928, 95
1619715274.557613, 95
1619715274.574247, 94
1619715274.591562, 94
1619715274.608895, 95
1619715274.628687, 96
1619715274.660221, 96
1619715274.677723, 93
1619715274.693980, 96
1619715274.712578, 96
1619715274.730241, 97
1619715274.746725, 96
1619715274.764564, 95
1619715274.783048, 96
1619715274.800724, 96
1619715274.828095, 95
1619715274.849279, 96
1619715274.867020, 94
1619715274.886047, 96
1619715274.904555, 95
1619715274.921909, 95
1619715274.938372, 95
1619715274.955837, 95
1619715274.974486, 97
1619715274.993804, 96
1619715275.013091, 97
1619715275.031574, 97
1619715275.051095, 96
1619715275.070943, 96
1619715275.088998, 97
1619715275.108393, 96
1619715275.130074, 97
1619715275.146690, 97
1619715275.164676, 96
1619715275.183194, 97
1619715275.204584, 98
1619715275.223118, 98
1619715275.242279, 97
1619715275.261073, 98
1619715275.279825, 97
1619715275.297775, 98
1619715275.315725, 98
1619715275.336349, 97
1619715275.354858, 97
1619715275.372935, 99
1619715275.392174, 97
1619715275.408797, 98
1619715275.432821, 99
1619715275.451989, 98
1619715275.474791, 99
1619715275.492936, 98
1619715275.510673, 97
1619715275.529103, 99
1619715275.545204, 99
1619715275.561785, 98
1619715275.578445, 98
1619715275.595744, 97
1619715275.613721, 96
1619715275.631822, 97
1619715275.651066, 95
1619715275.668496, 97
1619715275.685945, 97
1619715275.705405, 97
1619715275.725795, 98
1619715275.745140, 98
1619715275.763870, 97
1619715275.781718, 97
1619715275.799141, 97
1619715275.817738, 98
1619715275.837889, 98
1619715275.856361, 98
1619715275.874237, 98
1619715275.893992, 97
1619715275.914185, 99
1619715275.934513, 99
1619715275.953854, 96
1619715275.972678, 97
1619715275.991781, 98
1619715276.011788, 98
1619715276.039227, 97
1619715276.065795, 98
1619715276.085725, 99
1619715276.105876, 99
1619715276.126054, 99
1619715276.143458, 99
1619715276.162789, 98
1619715276.179423, 98
1619715276.196131, 99
1619715276.217695, 99
1619715276.235385, 99
1619715276.252064, 99
1619715276.269360, 100
1619715276.286071, 99
1619715276.304626, 98
1619715276.322554, 98
1619715276.339936, 98
1619715276.356692, 98
1619715276.376213, 97
1619715276.393948, 98
1619715276.411152, 99
1619715276.428569, 99
1619715276.446120, 97
1619715276.462283, 99
1619715276.478978, 100
1619715276.496183, 99
1619715276.514228, 101
1619715276.531438, 100
1619715276.549377, 99
1619715276.568170, 100
1619715276.585329, 99
1619715276.608368, 100
1619715276.639576, 98
1619715276.663192, 99
1619715276.679948, 98
1619715276.698674, 98
1619715276.716982, 99
1619715276.734852, 100
1619715276.754351, 100
1619715276.773671, 99
1619715276.790831, 100
1619715276.808146, 100
1619715276.828224, 101
1619715276.848209, 102
1619715276.865078, 101
1619715276.882650, 101
1619715276.901566, 100
1619715276.921459, 100
1619715276.942502, 100
1619715276.960774, 101
1619715276.978101, 99
1619715276.994634, 101
1619715277.013890, 100
1619715277.033179, 101
1619715277.053072, 99
1619715277.074396, 100
1619715277.091541, 100
1619715277.111581, 99
1619715277.132477, 100
1619715277.149470, 100
1619715277.166876, 100
1619715277.187805, 100
1619715277.206669, 101
1619715277.244769, 102
1619715277.265706, 102
1619715277.288270, 102
1619715277.305418, 102
1619715277.324026, 101
1619715277.340636, 102
1619715277.358625, 102
1619715277.375380, 101
1619715277.391838, 103
1619715277.408434, 102
1619715277.425438, 102
1619715277.443341, 101
1619715277.460223, 100
1619715277.477954, 101
1619715277.499976, 102
1619715277.517326, 101
1619715277.536042, 101
1619715277.558829, 102
1619715277.577571, 102
1619715277.594900, 101
1619715277.611273, 103
1619715277.627319, 102
1619715277.643839, 101
1619715277.661879, 103
1619715277.678586, 102
1619715277.696634, 102
1619715277.715865, 101
1619715277.733070, 103
1619715277.749158, 103
1619715277.767793, 102
1619715277.787467, 101
1619715277.805984, 101
1619715277.839253, 102
1619715277.860569, 102
1619715277.877806, 102
1619715277.897351, 102
1619715277.917353, 102
1619715277.935026, 104
1619715277.954004, 103
1619715277.976147, 102
1619715277.995605, 102
1619715278.013304, 101
1619715278.031518, 102
1619715278.052987, 102
1619715278.072163, 102
1619715278.090530, 102
1619715278.108702, 104
1619715278.128273, 103
1619715278.148543, 102
1619715278.168000, 101
1619715278.184894, 101
1619715278.201596, 102
1619715278.220305, 103
1619715278.241190, 102
1619715278.261493, 101
1619715278.280779, 104
1619715278.300386, 104
1619715278.320325, 103
1619715278.344900, 104
1619715278.363946, 104
1619715278.382163, 105
1619715278.401782, 104
1619715278.429794, 105
1619715278.466336, 104
1619715278.490039, 104
1619715278.508206, 104
1619715278.524480, 103
1619715278.540342, 104
1619715278.557971, 102
1619715278.576068, 102
1619715278.593775, 102
1619715278.610020, 103
1619715278.628135, 103
1619715278.644853, 104
1619715278.663798, 105
1619715278.681965, 104
1619715278.701367, 104
1619715278.719021, 104
1619715278.737008, 104
1619715278.755353, 105
1619715278.773843, 104
1619715278.793179, 104
1619715278.810212, 105
1619715278.825890, 104
1619715278.842362, 105
1619715278.857957, 105
1619715278.874297, 103
1619715278.891965, 105
1619715278.908965, 103
1619715278.925362, 104
1619715278.943731, 103
1619715278.961269, 103
1619715278.981574, 103
1619715279.000673, 103
1619715279.022936, 105
1619715279.078908, 103
1619715279.099930, 105
1619715279.118205, 105
1619715279.140458, 105
1619715279.158070, 105
1619715279.175688, 105
1619715279.192962, 105
1619715279.210118, 105
1619715279.230126, 105
1619715279.248256, 105
1619715279.263940, 104
1619715279.280934, 104
1619715279.297295, 105
1619715279.313656, 105
1619715279.330803, 104
1619715279.352850, 104
1619715279.372208, 104
1619715279.389953, 105
1619715279.407080, 107
1619715279.423977, 107
1619715279.444290, 107
1619715279.463163, 107
1619715279.480335, 108
1619715279.496670, 106
1619715279.513565, 106
1619715279.532673, 106
1619715279.550126, 107
1619715279.566535, 107
1619715279.584258, 108
1619715279.602469, 107
1619715279.622057, 107
1619715279.640596, 107
1619715279.662121, 104
1619715279.680280, 105
1619715279.698704, 105
1619715279.716380, 105
1619715279.733949, 104
1619715279.750788, 103
1619715279.772975, 105
1619715279.789442, 105
1619715279.809398, 105
1619715279.827772, 106
1619715279.847821, 107
1619715279.869961, 106
1619715279.886601, 106
1619715279.903426, 107
1619715279.919639, 105
1619715279.937149, 107
1619715279.954151, 106
1619715279.972552, 107
1619715279.992354, 106
1619715280.011171, 105
1619715280.034691, 107
1619715280.058493, 105
1619715280.079327, 105
1619715280.098910, 106
1619715280.116991, 106
1619715280.137762, 106
1619715280.156511, 107
1619715280.179599, 108
1619715280.197683, 106
1619715280.217289, 107
1619715280.243416, 107
1619715280.269528, 108
1619715280.289933, 107
1619715280.308301, 107
1619715280.324579, 107
1619715280.341437, 107
1619715280.358457, 108
1619715280.374401, 107
1619715280.391875, 107
1619715280.411835, 107
1619715280.429150, 107
1619715280.449999, 108
1619715280.466450, 108
1619715280.484774, 106
1619715280.503063, 106
1619715280.520731, 108
1619715280.539309, 106
1619715280.558038, 109
1619715280.576939, 108
1619715280.594575, 108
1619715280.611565, 106
1619715280.628027, 108
1619715280.646317, 108
1619715280.666512, 108
1619715280.684099, 108
1619715280.701628, 108
1619715280.720294, 107
1619715280.737227, 108
1619715280.755151, 108
1619715280.772118, 108
1619715280.789557, 109
1619715280.808448, 107
1619715280.828070, 105
1619715280.862416, 107
1619715280.879895, 107
1619715280.896127, 108
1619715280.912560, 107
1619715280.929575, 108
1619715280.947508, 109
1619715280.967078, 109
1619715280.984827, 108
1619715281.003603, 109
1619715281.023065, 109
1619715281.040175, 108
1619715281.060376, 109
1619715281.080643, 108
1619715281.100494, 108
1619715281.122802, 108
1619715281.144101, 109
1619715281.162392, 108
1619715281.180197, 109
1619715281.197829, 110
1619715281.215342, 109
1619715281.235723, 109
1619715281.255197, 110
1619715281.272317, 109
1619715281.290604, 109
1619715281.310108, 110
1619715281.327169, 109
1619715281.348168, 109
1619715281.365930, 109
1619715281.383746, 109
1619715281.400943, 107
1619715281.417788, 108
1619715281.436992, 109
1619715281.463713, 108
1619715281.484779, 109
1619715281.503563, 108
1619715281.523157, 109
1619715281.540774, 109
1619715281.557763, 108
1619715281.574836, 109
1619715281.592835, 107
1619715281.610695, 108
1619715281.627153, 107
1619715281.642941, 107
1619715281.661403, 108
1619715281.681374, 108
1619715281.699599, 105
1619715281.723743, 107
1619715281.740372, 107
1619715281.757756, 107
1619715281.775351, 108
1619715281.793065, 107
1619715281.810009, 106
1619715281.827666, 107
1619715281.844195, 106
1619715281.860587, 106
1619715281.876758, 99
1619715281.893746, 94
1619715281.912191, 88
1619715281.928627, 78
1619715281.950644, 70
1619715281.969582, 61
1619715281.991313, 52
1619715282.013025, 49
1619715282.042350, 53
1619715282.077774, 52
1619715282.098609, 52
1619715282.119851, 52
1619715282.141468, 52
1619715282.160849, 53
1619715282.182982, 52
1619715282.199851, 52
1619715282.216872, 52
1619715282.235470, 50
1619715282.251378, 53
1619715282.268997, 52
1619715282.285278, 52
1619715282.300964, 52
1619715282.320796, 54
1619715282.338323, 53
1619715282.354631, 53
1619715282.372499, 54
1619715282.388343, 53
1619715282.405298, 54
1619715282.422552, 53
1619715282.442196, 53
1619715282.462440, 52
1619715282.480719, 54
1619715282.497396, 53
1619715282.516814, 52
1619715282.535195, 52
1619715282.553987, 53
1619715282.579797, 54
1619715282.598189, 54
1619715282.615104, 55
1619715282.643282, 55
1619715282.666775, 54
1619715282.688762, 55
1619715282.707244, 54
1619715282.727565, 52
1619715282.745235, 54
1619715282.762684, 55
1619715282.779741, 54
1619715282.802749, 54
1619715282.827536, 54
1619715282.846498, 55
1619715282.863536, 54
1619715282.880750, 55
1619715282.901051, 56
1619715282.919670, 55
1619715282.936608, 55
1619715282.955020, 54
1619715282.971796, 54
1619715282.994369, 53
1619715283.014089, 55
1619715283.038144, 55
1619715283.060795, 54
1619715283.079271, 55
1619715283.101285, 57
1619715283.119773, 57
1619715283.139012, 57
1619715283.156952, 57
1619715283.174352, 57
1619715283.193717, 57
1619715283.212348, 56
1619715283.229108, 55
1619715283.268420, 56
1619715283.286516, 56
1619715283.304685, 55
1619715283.324446, 57
1619715283.348247, 57
1619715283.366924, 57
1619715283.387439, 56
1619715283.405755, 56
1619715283.424930, 57
1619715283.445918, 57
1619715283.463187, 57
1619715283.480593, 56
1619715283.496742, 57
1619715283.512372, 56
1619715283.530214, 56
1619715283.547625, 57
1619715283.566137, 56
1619715283.582950, 56
1619715283.599591, 57
1619715283.616982, 57
1619715283.634126, 58
1619715283.652571, 58
1619715283.672115, 57
1619715283.692575, 56
1619715283.712201, 59
1619715283.732616, 58
1619715283.755953, 57
1619715283.776367, 56
1619715283.796356, 57
1619715283.815977, 57
1619715283.849986, 56
1619715283.875667, 58
1619715283.893731, 58
1619715283.911562, 58
1619715283.928966, 58
1619715283.945721, 59
1619715283.962528, 58
1619715283.979345, 58
1619715283.996657, 57
1619715284.014157, 58
1619715284.030845, 59
1619715284.051246, 58
1619715284.069727, 58
1619715284.093084, 57
1619715284.109248, 57
1619715284.130176, 59
1619715284.147496, 58
1619715284.165339, 59
1619715284.181790, 58
1619715284.199089, 59
1619715284.215955, 59
1619715284.234830, 61
1619715284.251636, 60
1619715284.268261, 59
1619715284.285205, 59
1619715284.302381, 59
1619715284.320244, 59
1619715284.335807, 59
1619715284.354306, 59
1619715284.370898, 59
1619715284.391364, 58
1619715284.411114, 60
1619715284.433043, 60
1619715284.459922, 61
1619715284.484494, 61
1619715284.503934, 61
1619715284.524432, 61
1619715284.543245, 60
1619715284.563786, 61
1619715284.581736, 61
1619715284.599241, 59
1619715284.619715, 61
1619715284.637487, 60
1619715284.654874, 60
1619715284.672292, 62
1619715284.691216, 62
1619715284.708045, 61
1619715284.725045, 61
1619715284.743516, 62
1619715284.760825, 62
1619715284.778106, 62
1619715284.797337, 62
1619715284.814580, 61
1619715284.832705, 60
1619715284.851176, 59
1619715284.870929, 60
1619715284.887771, 61
1619715284.905429, 62
1619715284.923985, 62
1619715284.943333, 61
1619715