1619717388.464594, 0
1619717388.502038, 2
1619717388.520476, 6
1619717388.545300, 1
1619717388.564411, 4
1619717388.583196, 11
1619717388.604376, 16
1619717388.623200, 18
1619717388.642156, 21
1619717388.661256, 29
1619717388.678446, 35
1619717388.696351, 38
1619717388.712404, 44
1619717388.729218, 46
1619717388.746499, 57
1619717388.781608, 63
1619717388.803756, 67
1619717388.820538, 74
1619717388.836401, 78
1619717388.853551, 85
1619717388.870592, 88
1619717388.888631, 93
1619717388.906625, 99
1619717388.923514, 104
1619717388.941620, 109
1619717388.958608, 114
1619717388.976649, 117
1619717388.993539, 124
1619717389.015644, 131
1619717389.034895, 136
1619717389.053539, 142
1619717389.069654, 145
1619717389.088702, 152
1619717389.106597, 158
1619717389.124177, 162
1619717389.142637, 166
1619717389.159733, 172
1619717389.181988, 178
1619717389.199661, 180
1619717389.216662, 184
1619717389.232710, 190
1619717389.255708, 198
1619717389.273228, 200
1619717389.292236, 200
1619717389.308967, 199
1619717389.325769, 200
1619717389.343337, 199
1619717389.365500, 199
1619717389.392480, 200
1619717389.412430, 200
1619717389.428532, 199
1619717389.445277, 200
1619717389.464972, 200
1619717389.483340, 200
1619717389.499305, 200
1619717389.516488, 200
1619717389.535329, 199
1619717389.552132, 198
1619717389.570568, 199
1619717389.589316, 200
1619717389.607351, 199
1619717389.629321, 200
1619717389.646269, 199
1619717389.665472, 200
1619717389.681292, 199
1619717389.698529, 200
1619717389.715366, 199
1619717389.731379, 200
1619717389.748500, 199
1619717389.766476, 199
1619717389.782352, 199
1619717389.799325, 200
1619717389.818484, 200
1619717389.834508, 199
1619717389.851396, 199
1619717389.870297, 200
1619717389.887356, 199
1619717389.904421, 199
1619717389.921438, 199
1619717389.938495, 200
1619717389.954953, 199
1619717389.987434, 200
1619717390.007499, 199
1619717390.025640, 199
1619717390.047510, 199
1619717390.065466, 198
1619717390.081545, 199
1619717390.098105, 198
1619717390.118489, 198
1619717390.134722, 198
1619717390.152514, 198
1619717390.170350, 199
1619717390.187537, 197
1619717390.204572, 199
1619717390.222525, 198
1619717390.240428, 198
1619717390.257559, 200
1619717390.274527, 200
1619717390.293696, 199
1619717390.314020, 199
1619717390.330612, 199
1619717390.348846, 200
1619717390.364691, 200
1619717390.382726, 199
1619717390.401385, 198
1619717390.418444, 199
1619717390.437762, 200
1619717390.454809, 200
1619717390.471787, 199
1619717390.489757, 199
1619717390.507734, 199
1619717390.526165, 199
1619717390.542791, 200
1619717390.560958, 200
1619717390.581293, 200
1619717390.603877, 200
1619717390.624868, 199
1619717390.642732, 200
1619717390.661871, 200
1619717390.679807, 199
1619717390.695851, 200
1619717390.715391, 200
1619717390.732804, 199
1619717390.749762, 198
1619717390.765733, 199
1619717390.781720, 199
1619717390.797733, 200
1619717390.814740, 200
1619717390.834824, 198
1619717390.852808, 195
1619717390.870739, 199
1619717390.888785, 197
1619717390.905742, 197
1619717390.925665, 198
1619717390.942831, 198
1619717390.960983, 197
1619717390.977969, 197
1619717390.993784, 200
1619717391.014058, 199
1619717391.030787, 199
1619717391.048825, 200
1619717391.065824, 199
1619717391.082837, 200
1619717391.101141, 197
1619717391.118576, 199
1619717391.137816, 199
1619717391.154095, 199
1619717391.185815, 199
1619717391.205831, 198
1619717391.223799, 199
1619717391.241745, 200
1619717391.259771, 197
1619717391.276843, 198
1619717391.294879, 199
1619717391.311874, 199
1619717391.328793, 198
1619717391.344892, 199
1619717391.361775, 198
1619717391.378811, 200
1619717391.396617, 200
1619717391.416793, 200
1619717391.433770, 198
1619717391.450849, 199
1619717391.467935, 199
1619717391.485832, 197
1619717391.502892, 197
1619717391.520452, 197
1619717391.538903, 200
1619717391.556977, 199
1619717391.576073, 197
1619717391.595736, 198
1619717391.615966, 198
1619717391.636633, 199
1619717391.654370, 197
1619717391.673433, 193
1619717391.693452, 195
1619717391.712633, 195
1619717391.730933, 198
1619717391.747426, 193
1619717391.763433, 196
1619717391.788552, 195
1619717391.807430, 195
1619717391.824122, 196
1619717391.840468, 197
1619717391.856566, 198
1619717391.875821, 198
1619717391.893190, 198
1619717391.910698, 200
1619717391.927213, 199
1619717391.943484, 198
1619717391.959658, 199
1619717391.975681, 191
1619717391.993698, 193
1619717392.011173, 193
1619717392.028363, 194
1619717392.044836, 194
1619717392.060751, 192
1619717392.081963, 194
1619717392.097856, 193
1619717392.114485, 192
1619717392.133243, 194
1619717392.151380, 194
1619717392.171326, 196
1619717392.189722, 195
1619717392.208065, 195
1619717392.226221, 199
1619717392.245624, 199
1619717392.268187, 194
1619717392.289977, 194
1619717392.305849, 193
1619717392.322581, 194
1619717392.339348, 194
1619717392.356578, 192
1619717392.378956, 193
1619717392.402374, 192
1619717392.420558, 195
1619717392.438892, 194
1619717392.455422, 195
1619717392.473667, 194
1619717392.492392, 196
1619717392.512059, 195
1619717392.532588, 198
1619717392.550420, 195
1619717392.567766, 191
1619717392.586519, 182
1619717392.606257, 175
1619717392.624388, 168
1619717392.643732, 161
1619717392.663861, 155
1619717392.683810, 146
1619717392.703077, 140
1619717392.719886, 135
1619717392.737851, 129
1619717392.757553, 122
1619717392.776715, 117
1619717392.794223, 114
1619717392.811700, 112
1619717392.829892, 106
1619717392.846045, 120
1619717392.863367, 121
1619717392.882777, 120
1619717392.899373, 119
1619717392.916210, 119
1619717392.932653, 119
1619717392.948692, 120
1619717392.969549, 127
1619717392.993562, 126
1619717393.011848, 119
1619717393.032767, 119
1619717393.056153, 116
1619717393.073209, 110
1619717393.097123, 103
1619717393.114465, 98
1619717393.132430, 91
1619717393.151363, 88
1619717393.167911, 89
1619717393.184373, 90
1619717393.200399, 84
1619717393.216953, 78
1619717393.235815, 77
1619717393.252959, 77
1619717393.270862, 76
1619717393.288554, 76
1619717393.312890, 76
1619717393.332304, 74
1619717393.348604, 75
1619717393.366368, 74
1619717393.383517, 75
1619717393.402303, 73
1619717393.419629, 73
1619717393.435455, 73
1619717393.453203, 73
1619717393.469843, 73
1619717393.488327, 72
1619717393.509781, 72
1619717393.530763, 73
1619717393.550359, 73
1619717393.570030, 73
1619717393.595065, 73
1619717393.614224, 73
1619717393.631356, 73
1619717393.648995, 71
1619717393.668727, 71
1619717393.686364, 70
1619717393.702415, 71
1619717393.719048, 71
1619717393.735665, 71
1619717393.752889, 71
1619717393.771004, 72
1619717393.788552, 72
1619717393.805206, 72
1619717393.821725, 73
1619717393.840718, 72
1619717393.857247, 73
1619717393.874845, 72
1619717393.893054, 72
1619717393.909455, 72
1619717393.926651, 72
1619717393.949256, 73
1619717393.967753, 73
1619717393.984472, 73
1619717394.009887, 74
1619717394.026568, 74
1619717394.043610, 74
1619717394.063407, 75
1619717394.079650, 74
1619717394.095647, 75
1619717394.112239, 73
1619717394.128341, 72
1619717394.144422, 73
1619717394.163482, 73
1619717394.186416, 71
1619717394.207059, 73
1619717394.226009, 72
1619717394.245221, 72
1619717394.263145, 73
1619717394.279687, 72
1619717394.295802, 71
1619717394.311779, 73
1619717394.334327, 72
1619717394.351915, 72
1619717394.367987, 73
1619717394.388564, 73
1619717394.408634, 73
1619717394.426243, 74
1619717394.444362, 72
1619717394.460843, 73
1619717394.479392, 73
1619717394.498010, 73
1619717394.515738, 74
1619717394.536573, 73
1619717394.553230, 73
1619717394.573201, 73
1619717394.590795, 73
1619717394.609399, 74
1619717394.630129, 73
1619717394.648505, 73
1619717394.670566, 73
1619717394.688608, 72
1619717394.707111, 73
1619717394.725692, 72
1619717394.743687, 74
1619717394.761590, 73
1619717394.789355, 74
1619717394.812021, 74
1619717394.832540, 74
1619717394.854570, 74
1619717394.872575, 74
1619717394.891157, 75
1619717394.914241, 74
1619717394.931249, 74
1619717394.952428, 74
1619717394.968857, 75
1619717394.990407, 75
1619717395.007027, 74
1619717395.024711, 74
1619717395.041597, 74
1619717395.058663, 74
1619717395.077184, 74
1619717395.096275, 73
1619717395.113367, 74
1619717395.131797, 75
1619717395.149345, 75
1619717395.165407, 76
1619717395.184786, 76
1619717395.202486, 75
1619717395.221061, 76
1619717395.237683, 75
1619717395.254135, 75
1619717395.272042, 75
1619717395.289213, 75
1619717395.307428, 75
1619717395.324458, 75
1619717395.340904, 75
1619717395.358081, 76
1619717395.386037, 75
1619717395.413684, 75
1619717395.432235, 75
1619717395.450227, 74
1619717395.468398, 76
1619717395.484890, 76
1619717395.502350, 75
1619717395.520059, 76
1619717395.539807, 75
1619717395.557564, 76
1619717395.578166, 76
1619717395.598755, 75
1619717395.617440, 76
1619717395.636941, 76
1619717395.654356, 75
1619717395.676588, 76
1619717395.694537, 75
1619717395.710771, 74
1619717395.728214, 76
1619717395.748291, 76
1619717395.764749, 76
1619717395.781285, 76
1619717395.797833, 76
1619717395.813408, 75
1619717395.828528, 75
1619717395.844034, 76
1619717395.864215, 76
1619717395.881626, 76
1619717395.898055, 76
1619717395.914245, 77
1619717395.931180, 78
1619717395.950770, 77
1619717395.968403, 76
1619717396.000062, 78
1619717396.020333, 78
1619717396.040254, 77
1619717396.059361, 78
1619717396.077808, 77
1619717396.094325, 76
1619717396.113519, 77
1619717396.130861, 77
1619717396.148558, 77
1619717396.165629, 78
1619717396.183125, 77
1619717396.202211, 76
1619717396.219670, 78
1619717396.236245, 77
1619717396.254364, 77
1619717396.272105, 77
1619717396.292844, 78
1619717396.309887, 78
1619717396.327449, 79
1619717396.343491, 78
1619717396.365055, 77
1619717396.382498, 78
1619717396.399220, 77
1619717396.419274, 77
1619717396.436830, 78
1619717396.458419, 78
1619717396.478177, 77
1619717396.497964, 77
1619717396.516533, 78
1619717396.534172, 78
1619717396.553169, 78
1619717396.586079, 79
1619717396.609323, 78
1619717396.628135, 78
1619717396.647573, 79
1619717396.665498, 78
1619717396.682854, 78
1619717396.700740, 78
1619717396.718356, 79
1619717396.735426, 78
1619717396.759004, 79
1619717396.778509, 79
1619717396.797132, 78
1619717396.815826, 79
1619717396.833265, 80
1619717396.850894, 79
1619717396.866263, 79
1619717396.892864, 78
1619717396.911495, 78
1619717396.928029, 79
1619717396.944778, 79
1619717396.963316, 80
1619717396.981307, 81
1619717397.000521, 80
1619717397.018441, 80
1619717397.035509, 80
1619717397.052475, 80
1619717397.069032, 80
1619717397.086700, 80
1619717397.105202, 80
1619717397.122266, 80
1619717397.140406, 80
1619717397.158202, 80
1619717397.181444, 80
1619717397.211522, 80
1619717397.230099, 80
1619717397.248395, 80
1619717397.265774, 80
1619717397.284135, 80
1619717397.303068, 79
1619717397.320817, 81
1619717397.339384, 81
1619717397.360217, 81
1619717397.377994, 81
1619717397.396575, 80
1619717397.412637, 81
1619717397.430221, 80
1619717397.447228, 80
1619717397.465276, 79
1619717397.482623, 81
1619717397.500851, 80
1619717397.516916, 79
1619717397.538018, 81
1619717397.558096, 81
1619717397.577713, 80
1619717397.597208, 80
1619717397.614232, 81
1619717397.632391, 82
1619717397.651376, 82
1619717397.677208, 81
1619717397.695040, 81
1619717397.715132, 81
1619717397.738160, 80
1619717397.756292, 80
1619717397.774229, 81
1619717397.792765, 81
1619717397.815833, 81
1619717397.834311, 81
1619717397.851469, 81
1619717397.867565, 81
1619717397.884685, 81
1619717397.901184, 80
1619717397.922330, 81
1619717397.940635, 82
1619717397.960647, 83
1619717397.976658, 83
1619717397.997155, 82
1619717398.013776, 82
1619717398.035260, 82
1619717398.061378, 81
1619717398.078042, 83
1619717398.095028, 82
1619717398.115062, 81
1619717398.133506, 83
1619717398.151100, 81
1619717398.171684, 80
1619717398.188599, 83
1619717398.209251, 82
1619717398.231130, 82
1619717398.248216, 84
1619717398.267077, 83
1619717398.284897, 81
1619717398.301770, 83
1619717398.318378, 83
1619717398.335934, 82
1619717398.353939, 82
1619717398.371446, 83
1619717398.401624, 82
1619717398.423614, 83
1619717398.443703, 83
1619717398.459747, 82
1619717398.476770, 82
1619717398.493901, 83
1619717398.511359, 82
1619717398.529528, 83
1619717398.546528, 83
1619717398.564526, 82
1619717398.589012, 83
1619717398.606616, 83
1619717398.625177, 83
1619717398.642257, 84
1619717398.660135, 82
1619717398.680024, 84
1619717398.697948, 83
1619717398.716506, 83
1619717398.733495, 84
1619717398.753018, 83
1619717398.772570, 84
1619717398.789184, 83
1619717398.807212, 83
1619717398.826357, 83
1619717398.844351, 86
1619717398.861339, 86
1619717398.878398, 84
1619717398.894929, 85
1619717398.913612, 85
1619717398.930860, 84
1619717398.949090, 85
1619717398.965688, 86
1619717398.987368, 85
1619717399.007880, 85
1619717399.027193, 83
1619717399.044254, 84
1619717399.061790, 84
1619717399.079726, 85
1619717399.096571, 84
1619717399.115096, 85
1619717399.132153, 85
1619717399.149642, 84
1619717399.166215, 85
1619717399.184745, 84
1619717399.201272, 85
1619717399.219316, 85
1619717399.236632, 85
1619717399.252922, 85
1619717399.270012, 86
1619717399.288054, 85
1619717399.306543, 84
1619717399.325156, 84
1619717399.342757, 85
1619717399.361883, 85
1619717399.378822, 84
1619717399.396428, 84
1619717399.414955, 84
1619717399.431508, 86
1619717399.448506, 86
1619717399.470557, 86
1619717399.487604, 86
1619717399.507227, 87
1619717399.525744, 85
1619717399.544467, 85
1619717399.569636, 85
1619717399.591956, 86
1619717399.614913, 86
1619717399.637133, 86
1619717399.658639, 85
1619717399.675810, 86
1619717399.708343, 86
1619717399.725444, 87
1619717399.742376, 86
1619717399.759082, 86
1619717399.776997, 86
1619717399.794583, 86
1619717399.817622, 87
1619717399.836280, 86
1619717399.853255, 86
1619717399.868867, 86
1619717399.885327, 87
1619717399.903951, 86
1619717399.921998, 86
1619717399.940568, 86
1619717399.959876, 87
1619717399.977394, 87
1619717399.994961, 86
1619717400.015236, 86
1619717400.032144, 87
1619717400.060135, 86
1619717400.079132, 87
1619717400.095690, 86
1619717400.112398, 86
1619717400.128804, 86
1619717400.146920, 88
1619717400.167393, 88
1619717400.192023, 88
1619717400.215654, 88
1619717400.232257, 89
1619717400.248810, 88
1619717400.264397, 89
1619717400.281657, 88
1619717400.303048, 88
1619717400.321487, 89
1619717400.339112, 88
1619717400.356459, 88
1619717400.373770, 87
1619717400.389848, 87
1619717400.407891, 86
1619717400.429450, 87
1619717400.446907, 88
1619717400.463445, 87
1619717400.479969, 87
1619717400.497521, 89
1619717400.515179, 88
1619717400.537852, 88
1619717400.554714, 90
1619717400.572325, 89
1619717400.589815, 89
1619717400.606874, 90
1619717400.628039, 88
1619717400.646989, 89
1619717400.665085, 88
1619717400.682092, 89
1619717400.698698, 89
1619717400.716263, 88
1619717400.732292, 88
1619717400.749099, 89
1619717400.765864, 87
1619717400.793756, 88
1619717400.815645, 88
1619717400.833484, 90
1619717400.857642, 90
1619717400.876631, 90
1619717400.893185, 90
1619717400.911787, 90
1619717400.928428, 89
1619717400.944513, 89
1619717400.961485, 89
1619717400.980052, 90
1619717400.998564, 89
1619717401.015106, 89
1619717401.032677, 89
1619717401.049790, 89
1619717401.065852, 88
1619717401.081846, 88
1619717401.098362, 89
1619717401.117500, 90
1619717401.135155, 90
1619717401.154790, 91
1619717401.173125, 91
1619717401.192311, 91
1619717401.209573, 92
1619717401.227642, 91
1619717401.246752, 91
1619717401.263625, 92
1619717401.282748, 92
1619717401.302126, 91
1619717401.320326, 92
1619717401.338347, 91
1619717401.354383, 91
1619717401.379334, 90
1619717401.404766, 89
1619717401.426659, 89
1619717401.446646, 88
1619717401.463688, 89
1619717401.480300, 90
1619717401.496810, 90
1619717401.517402, 92
1619717401.537317, 90
1619717401.557984, 90
1619717401.577000, 91
1619717401.595069, 91
1619717401.612630, 91
1619717401.630187, 91
1619717401.650306, 92
1619717401.671409, 90
1619717401.690334, 91
1619717401.713432, 90
1619717401.731014, 90
1619717401.749018, 92
1619717401.768142, 91
1619717401.786664, 90
1619717401.804350, 91
1619717401.821988, 91
1619717401.837879, 90
1619717401.859874, 91
1619717401.877418, 91
1619717401.897438, 92
1619717401.914489, 91
1619717401.932182, 92
1619717401.949175, 92
1619717401.966657, 92
1619717401.983057, 93
1619717402.013697, 90
1619717402.039806, 92
1619717402.061937, 92
1619717402.081009, 92
1619717402.098775, 91
1619717402.117205, 89
1619717402.133036, 91
1619717402.150233, 91
1619717402.167197, 91
1619717402.184244, 92
1619717402.202934, 93
1619717402.219301, 93
1619717402.237690, 93
1619717402.256939, 92
1619717402.273446, 92
1619717402.292375, 93
1619717402.310046, 92
1619717402.330631, 93
1619717402.347648, 93
1619717402.371776, 93
1619717402.389921, 92
1619717402.408509, 93
1619717402.431986, 93
1619717402.449105, 93
1619717402.471195, 93
1619717402.489723, 93
1619717402.509090, 92
1619717402.535355, 92
1619717402.555023, 94
1619717402.574240, 95
1619717402.622343, 93
1619717402.660673, 93
1619717402.680584, 94
1619717402.699959, 94
1619717402.716978, 95
1619717402.733656, 94
1619717402.750059, 94
1619717402.766272, 93
1619717402.783830, 91
1619717402.800561, 93
1619717402.819467, 93
1619717402.838563, 93
1619717402.854656, 93
1619717402.871929, 93
1619717402.902880, 94
1619717402.922236, 95
1619717402.940375, 93
1619717402.959368, 92
1619717402.978505, 95
1619717402.996924, 95
1619717403.021084, 95
1619717403.040202, 93
1619717403.057082, 93
1619717403.074128, 94
1619717403.091686, 95
1619717403.109595, 93
1619717403.127172, 92
1619717403.144181, 93
1619717403.161743, 93
1619717403.184455, 95
1619717403.202103, 93
1619717403.225703, 92
1619717403.244695, 93
1619717403.262421, 95
1619717403.280019, 94
1619717403.297030, 94
1619717403.313559, 95
1619717403.331083, 94
1619717403.348266, 95
1619717403.365162, 95
1619717403.384755, 95
1619717403.404425, 95
1619717403.422859, 95
1619717403.442539, 96
1619717403.460512, 96
1619717403.477618, 94
1619717403.494999, 95
1619717403.510201, 94
1619717403.526776, 94
1619717403.547207, 94
1619717403.567753, 94
1619717403.587851, 95
1619717403.608947, 96
1619717403.631625, 97
1619717403.650087, 97
1619717403.672604, 97
1619717403.690090, 97
1619717403.708786, 97
1619717403.728331, 97
1619717403.743308, 97
1619717403.759465, 97
1619717403.775008, 97
1619717403.798733, 96
1619717403.818077, 96
1619717403.836485, 96
1619717403.853524, 96
1619717403.873431, 96
1619717403.893565, 95
1619717403.911466, 95
1619717403.929962, 95
1619717403.946754, 95
1619717403.963967, 96
1619717403.982964, 94
1619717404.001547, 96
1619717404.019173, 96
1619717404.037453, 96
1619717404.056576, 96
1619717404.075141, 96
1619717404.093659, 96
1619717404.111852, 96
1619717404.129073, 97
1619717404.146411, 96
1619717404.162696, 98
1619717404.179440, 96
1619717404.196782, 95
1619717404.213573, 95
1619717404.232382, 96
1619717404.249951, 95
1619717404.268604, 96
1619717404.285759, 96
1619717404.302602, 95
1619717404.321721, 98
1619717404.339535, 97
1619717404.359136, 97
1619717404.375481, 97
1619717404.394580, 96
1619717404.415011, 97
1619717404.438386, 97
1619717404.455056, 97
1619717404.473548, 96
1619717404.491193, 98
1619717404.507917, 97
1619717404.524671, 97
1619717404.541247, 97
1619717404.560310, 96
1619717404.583125, 96
1619717404.603451, 96
1619717404.621864, 96
1619717404.642876, 97
1619717404.659371, 96
1619717404.677950, 99
1619717404.694904, 98
1619717404.716206, 97
1619717404.733413, 97
1619717404.751173, 98
1619717404.767513, 97
1619717404.784488, 99
1619717404.800773, 98
1619717404.818396, 97
1619717404.836101, 98
1619717404.853550, 98
1619717404.872060, 99
1619717404.888098, 99
1619717404.905418, 97
1619717404.922444, 97
1619717404.942689, 98
1619717404.960764, 97
1619717404.979924, 97
1619717405.013117, 98
1619717405.033895, 98
1619717405.055558, 99
1619717405.072573, 99
1619717405.089986, 98
1619717405.108291, 99
1619717405.126966, 99
1619717405.143806, 98
1619717405.161533, 99
1619717405.176825, 98
1619717405.195700, 99
1619717405.213474, 99
1619717405.231622, 99
1619717405.249949, 98
1619717405.266129, 98
1619717405.283013, 97
1619717405.300508, 98
1619717405.318830, 97
1619717405.338102, 97
1619717405.356270, 99
1619717405.375767, 98
1619717405.397678, 97
1619717405.424273, 99
1619717405.446640, 98
1619717405.467593, 100
1619717405.486885, 99
1619717405.504661, 98
1619717405.522275, 100
1619717405.540000, 99
1619717405.561684, 99
1619717405.580246, 100
1619717405.602965, 99
1619717405.628568, 99
1619717405.648920, 99
1619717405.669519, 98
1619717405.685608, 98
1619717405.704094, 99
1619717405.720236, 99
1619717405.737880, 97
1619717405.755500, 99
1619717405.772934, 101
1619717405.791672, 100
1619717405.810198, 99
1619717405.828788, 99
1619717405.844733, 99
1619717405.861841, 101
1619717405.877092, 100
1619717405.892295, 100
1619717405.911434, 100
1619717405.929059, 100
1619717405.946060, 101
1619717405.962596, 101
1619717405.978557, 101
1619717405.995990, 100
1619717406.013492, 100
1619717406.030121, 100
1619717406.047428, 100
1619717406.063987, 98
1619717406.080620, 99
1619717406.098736, 99
1619717406.115535, 99
1619717406.133998, 100
1619717406.156463, 101
1619717406.173135, 100
1619717406.194374, 101
1619717406.230709, 101
1619717406.248889, 101
1619717406.266426, 101
1619717406.282431, 101
1619717406.301034, 100
1619717406.318952, 102
1619717406.337610, 101
1619717406.353944, 100
1619717406.373000, 102
1619717406.391213, 100
1619717406.411490, 100
1619717406.429681, 101
1619717406.446579, 101
1619717406.462859, 101
1619717406.479999, 99
1619717406.497373, 102
1619717406.522085, 103
1619717406.540767, 102
1619717406.560962, 102
1619717406.581139, 101
1619717406.598290, 104
1619717406.616674, 101
1619717406.635557, 102
1619717406.653936, 102
1619717406.672368, 103
1619717406.690613, 102
1619717406.708209, 103
1619717406.728831, 100
1619717406.746282, 100
1619717406.765545, 100
1619717406.784812, 101
1619717406.806232, 100
1619717406.841218, 100
1619717406.860416, 100
1619717406.877075, 102
1619717406.895501, 103
1619717406.912243, 103
1619717406.930109, 102
1619717406.946653, 101
1619717406.963028, 101
1619717406.980958, 102
1619717406.998804, 102
1619717407.018719, 102
1619717407.037702, 103
1619717407.056117, 102
1619717407.079267, 102
1619717407.096827, 102
1619717407.114454, 101
1619717407.132000, 103
1619717407.216483, 102
1619717407.247272, 103
1619717407.272668, 103
1619717407.290329, 103
1619717407.310422, 103
1619717407.327004, 102
1619717407.348902, 104
1619717407.367891, 104
1619717407.386912, 103
1619717407.420625, 104
1619717407.442242, 103
1619717407.458550, 103
1619717407.474700, 104
1619717407.492129, 104
1619717407.507287, 102
1619717407.525249, 104
1619717407.543356, 102
1619717407.564886, 103
1619717407.581340, 103
1619717407.599754, 102
1619717407.619247, 102
1619717407.641519, 104
1619717407.659828, 103
1619717407.681406, 103
1619717407.700274, 104
1619717407.718208, 103
1619717407.734298, 103
1619717407.750750, 104
1619717407.766192, 104
1619717407.783490, 103
1619717407.799810, 104
1619717407.816047, 104
1619717407.835824, 105
1619717407.853130, 104
1619717407.869123, 106
1619717407.889997, 102
1619717407.908838, 103
1619717407.927023, 105
1619717407.944962, 103
1619717407.961345, 103
1619717407.976950, 105
1619717407.995490, 104
1619717408.033407, 105
1619717408.058995, 104
1619717408.080145, 104
1619717408.097245, 104
1619717408.113959, 104
1619717408.132240, 103
1619717408.148746, 105
1619717408.164747, 105
1619717408.182110, 104
1619717408.199901, 104
1619717408.216343, 104
1619717408.232613, 104
1619717408.249920, 105
1619717408.268369, 105
1619717408.286512, 104
1619717408.304343, 104
1619717408.322392, 104
1619717408.339493, 104
1619717408.356747, 104
1619717408.374518, 104
1619717408.391453, 104
1619717408.414549, 104
1619717408.432184, 104
1619717408.457138, 105
1619717408.474328, 105
1619717408.493899, 104
1619717408.510921, 105
1619717408.528133, 106
1619717408.546187, 105
1619717408.566219, 105
1619717408.587658, 106
1619717408.621745, 107
1619717408.644142, 107
1619717408.660950, 105
1619717408.678257, 106
1619717408.698214, 105
1619717408.718699, 104
1619717408.736525, 106
1619717408.757136, 106
1619717408.774213, 106
1619717408.792286, 108
1619717408.814375, 107
1619717408.832850, 106
1619717408.849751, 105
1619717408.868262, 106
1619717408.885879, 106
1619717408.903851, 106
1619717408.921215, 105
1619717408.939414, 105
1619717408.959567, 105
1619717408.978704, 106
1619717408.997346, 106
1619717409.013854, 106
1619717409.032530, 105
1619717409.053333, 105
1619717409.071228, 106
1619717409.089996, 106
1619717409.108931, 105
1619717409.125969, 105
1619717409.145568, 105
1619717409.162863, 107
1619717409.180538, 107
1619717409.197240, 106
1619717409.223266, 105
1619717409.248045, 106
1619717409.268105, 106
1619717409.285133, 106
1619717409.304132, 106
1619717409.322103, 107
1619717409.339012, 107
1619717409.356042, 106
1619717409.374007, 108
1619717409.391701, 106
1619717409.409583, 107
1619717409.430001, 107
1619717409.451010, 107
1619717409.469049, 106
1619717409.488819, 108
1619717409.506610, 108
1619717409.523142, 106
1619717409.541259, 108
1619717409.561500, 108
1619717409.581725, 108
1619717409.599905, 108
1619717409.620101, 109
1619717409.639688, 108
1619717409.659059, 108
1619717409.676692, 107
1619717409.695190, 106
1619717409.712578, 107
1619717409.729707, 107
1619717409.747733, 107
1619717409.766657, 108
1619717409.783889, 107
1619717409.801136, 107
1619717409.829670, 107
1619717409.850832, 107
1619717409.868078, 107
1619717409.884520, 107
1619717409.901776, 107
1619717409.918313, 108
1619717409.937897, 109
1619717409.955016, 108
1619717409.973755, 108
1619717409.994653, 108
1619717410.012822, 107
1619717410.029985, 108
1619717410.048239, 109
1619717410.064733, 108
1619717410.081973, 108
1619717410.098504, 108
1619717410.114655, 109
1619717410.133486, 109
1619717410.150975, 109
1619717410.168465, 110
1619717410.185027, 107
1619717410.201461, 107
1619717410.218788, 107
1619717410.241613, 106
1619717410.259000, 108
1619717410.276174, 108
1619717410.292504, 107
1619717410.311132, 110
1619717410.329973, 110
1619717410.347745, 110
1619717410.363652, 109
1619717410.381970, 111
1619717410.401486, 110
1619717410.427304, 110
1619717410.445742, 109
1619717410.462312, 111
1619717410.480900, 110
1619717410.499274, 110
1619717410.516613, 110
1619717410.537703, 109
1619717410.555669, 109
1619717410.575115, 108
1619717410.595439, 109
1619717410.613404, 109
1619717410.632838, 107
1619717410.651618, 107
1619717410.669624, 109
1619717410.689174, 109
1619717410.708570, 111
1619717410.727646, 111
1619717410.746539, 111
1619717410.767351, 109
1619717410.784135, 111
1619717410.800636, 110
1619717410.819055, 110
1619717410.839724, 111
1619717410.860366, 110
1619717410.878740, 110
1619717410.896067, 109
1619717410.913020, 110
1619717410.929933, 110
1619717410.948665, 110
1619717410.968977, 109
1619717410.987321, 107
1619717411.005299, 109
1619717411.039199, 109
1619717411.060421, 109
1619717411.078928, 110
1619717411.099679, 110
1619717411.116810, 110
1619717411.133246, 111
1619717411.149782, 110
1619717411.165579, 109
1619717411.182895, 110
1619717411.199556, 110
1619717411.216757, 110
1619717411.234770, 111
1619717411.255789, 110
1619717411.276599, 112
1619717411.295684, 110
1619717411.314475, 111
1619717411.332441, 110
1619717411.349057, 110
1619717411.366985, 110
1619717411.382838, 109
1619717411.399302, 111
1619717411.418172, 111
1619717411.437559, 110
1619717411.455668, 109
1619717411.476335, 110
1619717411.493334, 111
1619717411.511460, 111
1619717411.529881, 111
1619717411.552481, 111
1619717411.570915, 112
1619717411.591547, 112
1619717411.611735, 112
1619717411.641701, 111
1619717411.672227, 111
1619717411.696000, 111
1619717411.713929, 112
1619717411.731107, 110
1619717411.746954, 110
1619717411.762654, 110
1619717411.779209, 111
1619717411.795849, 112
1619717411.812321, 111
1619717411.827368, 110
1619717411.843074, 110
1619717411.861876, 113
1619717411.878656, 112
1619717411.895138, 111
1619717411.913119, 112
1619717411.931183, 113
1619717411.948386, 111
1619717411.965109, 111
1619717411.981501, 111
1619717411.997482, 111
1619717412.014780, 111
1619717412.032701, 112
1619717412.052140, 111
1619717412.068253, 112
1619717412.086084, 111
1619717412.106010, 113
1619717412.123302, 111
1619717412.141855, 111
1619717412.160512, 111
1619717412.177663, 111
1619717412.196294, 111
1619717412.213428, 111
1619717412.241569, 111
1619717412.264651, 112
1619717412.282414, 113
1619717412.301472, 113
1619717412.318472, 112
1619717412.334345, 112
1619717412.352368, 112
1619717412.368868, 112
1619717412.388210, 112
1619717412.407045, 112
1619717412.423863, 113
1619717412.440643, 113
1619717412.457807, 112
1619717412.475972, 112
1619717412.493648, 112
1619717412.513630, 112
1619717412.530854, 113
1619717412.548269, 112
1619717412.564727, 112
1619717412.583354, 112
1619717412.601054, 112
1619717412.620621, 113
1619717412.641170, 112
1619717412.659080, 112
1619717412.677858, 114
1619717412.694990, 114
1619717412.712192, 113
1619717412.734154, 114
1619717412.751279, 113
1619717412.768799, 114
1619717412.788574, 114
1619717412.809749, 114
1619717412.833009, 113
1619717412.852325, 113
1619717412.870147, 113
1619717412.889471, 113
1619717412.906771, 113
1619717412.923013, 113
1619717412.941788, 112
1619717412.962443, 112
1619717412.980324, 113
1619717412.997928, 112
1619717413.014563, 113
1619717413.032953, 114
1619717413.053803, 114
1619717413.072313, 114
1619717413.090948, 115
1619717413.109411, 114
1619717413.127393, 114
1619717413.147278, 114
1619717413.165164, 116
1619717413.183189, 116
1619717413.200475, 115
1619717413.218682, 115
1619717413.236573, 116
1619717413.253754, 115
1619717413.273169, 116
1619717413.290976, 116
1619717413.308304, 113
1619717413.325514, 113
1619717413.341412, 114
1619717413.356082, 113
1619717413.371313, 112
1619717413.386905, 114
1619717413.403270, 113
1619717413.435870, 113
1619717413.451800, 114
1619717413.467064, 114
1619717413.484347, 114
1619717413.497610, 114
1619717413.511608, 115
1619717413.525620, 114
1619717413.540781, 114
1619717413.554087, 114
1619717413.568113, 115
1619717413.581362, 114
1619717413.595353, 114
1619717413.609914, 114
1619717413.623185, 115
1619717413.639837, 115
1619717413.655137, 115
1619717413.670352, 114
1619717413.687008, 115
1619717413.703008, 114
1619717413.720390, 113
1619717413.738875, 114
1619717413.760202, 113
1619717413.778266, 114
1619717413.798101, 114
1619717413.815384, 113
1619717413.835859, 116
1619717413.852540, 115
1619717413.871551, 115
1619717413.888976, 114
1619717413.906249, 115
1619717413.924209, 116
1619717413.940717, 115
1619717413.960000, 115
1619717413.976645, 115
1619717413.995595, 114
1619717414.014175, 115
1619717414.053428, 116
1619717414.072147, 116
1619717414.089395, 115
1619717414.107269, 114
1619717414.126910, 115
1619717414.144715, 115
1619717414.162638, 115
1619717414.179200, 115
1619717414.195845, 115
1619717414.212677, 114
1619717414.236490, 116
1619717414.254218, 115
1619717414.272311, 115
1619717414.292128, 115
1619717414.309332, 115
1619717414.327579, 115
1619717414.345774, 117
1619717414.362479, 117
1619717414.379018, 116
1619717414.394958, 116
1619717414.412932, 115
1619717414.429526, 116
1619717414.447384, 116
1619717414.464256, 116
1619717414.481337, 117
1619717414.496752, 117
1619717414.513688, 115
1619717414.531570, 115
1619717414.548042, 116
1619717414.564710, 115
1619717414.584205, 115
1619717414.603715, 114
1619717414.647419, 116
1619717414.667047, 117
1619717414.684081, 116
1619717414.701758, 118
1619717414.718177, 117
1619717414.735244, 117
1619717414.752702, 116
1619717414.770570, 117
1619717414.788314, 117
1619717414.806491, 117
1619717414.827257, 117
1619717414.844306, 117
1619717414.862294, 119
1619717414.879351, 117
1619717414.895850, 118
1619717414.913144, 117
1619717414.929751, 118
1619717414.947739, 117
1619717414.968429, 116
1619717414.984879, 116
1619717415.001506, 118
1619717415.018129, 118
1619717415.034880, 117
1619717415.056175, 117
1619717415.072708, 118
1619717415.089290, 118
1619717415.108720, 118
1619717415.126592, 118
1619717415.146776, 116
1619717415.163174, 117
1619717415.180465, 117
1619717415.197933, 117
1619717415.216833, 118
1619717415.241343, 117
1619717415.274516, 118
1619717415.291890, 118
1619717415.310027, 117
1619717415.327074, 117
1619717415.347016, 117
1619717415.363577, 116
1619717415.380251, 117
1619717415.399246, 117
1619717415.416177, 117
1619717415.433708, 116
1619717415.451034, 118
1619717415.471231, 118
1619717415.488479, 119
1619717415.504614, 118
1619717415.526332, 120
1619717415.542931, 119
1619717415.562846, 119
1619717415.581453, 119
1619717415.600918, 118
1619717415.620067, 119
1619717415.637269, 120
1619717415.660338, 118
1619717415.681706, 119
1619717415.699116, 119
1619717415.718255, 119
1619717415.735549, 119
1619717415.752321, 119
1619717415.770832, 118
1619717415.792380, 117
1619717415.812854, 118
1619717415.847854, 118
1619717415.868978, 116
1619717415.889665, 119
1619717415.908368, 118
1619717415.926916, 118
1619717415.944150, 120
1619717415.962026, 118
1619717415.979246, 119
1619717415.996428, 120
1619717416.013028, 119
1619717416.030942, 118
1619717416.048241, 118
1619717416.064825, 119
1619717416.082130, 119
1619717416.099278, 119
1619717416.117002, 119
1619717416.134424, 119
1619717416.156885, 118
1619717416.176639, 118
1619717416.193020, 119
1619717416.210972, 118
1619717416.228308, 118
1619717416.246870, 117
1619717416.265534, 119
1619717416.284711, 119
1619717416.304645, 120
1619717416.321186, 120
1619717416.339805, 119
1619717416.359198, 120
1619717416.376754, 119
1619717416.394165, 119
1619717416.412571, 120
1619717416.450595, 120
1619717416.469861, 120
1619717416.487845, 121
1619717416.506293, 120
1619717416.523579, 120
1619717416.540854, 120
1619717416.558171, 120
1619717416.574768, 119
1619717416.596488, 118
1619717416.615191, 119
1619717416.633086, 119
1619717416.651024, 118
1619717416.668890, 118
1619717416.685139, 118
1619717416.702045, 119
1619717416.718634, 119
1619717416.735583, 120
1619717416.753798, 119
1619717416.772953, 121
1619717416.789750, 120
1619717416.808465, 120
1619717416.826082, 120
1619717416.844191, 121
1619717416.863490, 119
1619717416.880572, 120
1619717416.898804, 121
1619717416.916677, 119
1619717416.932635, 121
1619717416.953001, 121
1619717416.969609, 119
1619717416.986843, 119
1619717417.004197, 119
1619717417.023123, 120
1619717417.054976, 120
1619717417.072409, 119
1619717417.090240, 121
1619717417.111545, 122
1619717417.128276, 120
1619717417.144775, 120
1619717417.161382, 121
1619717417.178614, 120
1619717417.196105, 121
1619717417.212638, 120
1619717417.229805, 119
1619717417.245767, 120
1619717417.262355, 121
1619717417.278402, 120
1619717417.295212, 121
1619717417.312486, 122
1619717417.330309, 121
1619717417.346763, 121
1619717417.364064, 121
1619717417.380909, 122
1619717417.397936, 120
1619717417.417212, 120
1619717417.436070, 121
1619717417.452394, 121
1619717417.467767, 121
1619717417.484396, 120
1619717417.500882, 120
1619717417.520227, 121
1619717417.539339, 121
1619717417.557839, 122
1619717417.576709, 122
1619717417.596100, 122
1619717417.613417, 122
1619717417.639862, 122
1619717417.674270, 123
1619717417.695275, 123
1619717417.726954, 122
1619717417.748852, 123
1619717417.766755, 123
1619717417.783362, 122
1619717417.800722, 121
1619717417.815952, 122
1619717417.833855, 122
1619717417.850521, 121
1619717417.870544, 121
1619717417.888444, 120
1619717417.906281, 120
1619717417.924853, 121
1619717417.956138, 122
1619717417.973997, 122
1619717417.991290, 121
1619717418.007897, 121
1619717418.023967, 122
1619717418.042377, 123
1619717418.060464, 122
1619717418.078407, 123
1619717418.096263, 123
1619717418.112102, 122
1619717418.129400, 123
1619717418.149352, 124
1619717418.166024, 124
1619717418.182002, 123
1619717418.200669, 122
1619717418.218018, 123
1619717418.241221, 122
1619717418.266606, 122
1619717418.286612, 123
1619717418.310413, 123
1619717418.330308, 122
1619717418.348310, 123
1619717418.364853, 124
1619717418.384787, 122
1619717418.401383, 124
1619717418.418655, 122
1619717418.434618, 123
1619717418.451208, 123
1619717418.469974, 123
1619717418.488498, 123
1619717418.505697, 124
1619717418.523073, 123
1619717418.541523, 123
1619717418.559439, 124
1619717418.576766, 123
1619717418.594005, 123
1619717418.612642, 123
1619717418.630554, 123
1619717418.648643, 123
1619717418.665703, 122
1619717418.682244, 123
1619717418.700322, 123
1619717418.717523, 123
1619717418.735442, 122
1619717418.752559, 122
1619717418.769797, 125
1619717418.787871, 124
1619717418.805221, 125
1619717418.822377, 124
1619717418.855057, 124
1619717418.873466, 124
1619717418.892369, 126
1619717418.912248, 125
1619717418.931392, 124
1619717418.950097, 125
1619717418.968154, 125
1619717418.985406, 124
1619717419.002049, 125
1619717419.021468, 124
1619717419.043416, 126
1619717419.059394, 124
1619717419.083390, 122
1619717419.101324, 121
1619717419.119207, 122
1619717419.139176, 122
1619717419.156665, 123
1619717419.172994, 123
1619717419.189030, 124
1619717419.205890, 124
1619717419.229861, 125
1619717419.247560, 124
1619717419.264287, 124
1619717419.283477, 125
1619717419.299575, 124
1619717419.316950, 124
1619717419.339753, 125
1619717419.357457, 125
1619717419.374183, 125
1619717419.392706, 125
1619717419.410952, 125
1619717419.430810, 124
1619717419.464323, 126
1619717419.484301, 125
1619717419.501014, 125
1619717419.519562, 125
1619717419.538918, 125
1619717419.555204, 126
1619717419.575425, 124
1619717419.593950, 126
1619717419.620246, 127
1619717419.639198, 124
1619717419.656956, 126
1619717419.674607, 125
1619717419.690443, 125
1619717419.713457, 126
1619717419.730693, 125
1619717419.745988, 125
1619717419.765121, 125
1619717419.784689, 125
1619717419.802342, 126
1619717419.821458, 125
1619717419.842871, 125
1619717419.860780, 126
1619717419.878138, 127
1619717419.895864, 127
1619717419.913743, 126
1619717419.930911, 126
1619717419.948707, 125
1619717419.968442, 124
1619717419.986027, 126
1619717420.003696, 126
1619717420.021993, 125
1619717420.060415, 126
1619717420.082153, 126
1619717420.098236, 127
1619717420.116582, 127
1619717420.136554, 126
1619717420.153687, 127
1619717420.173750, 125
1619717420.190986, 125
1619717420.212222, 125
1619717420.229201, 126
1619717420.245889, 126
1619717420.262514, 126
1619717420.279283, 126
1619717420.296552, 123
1619717420.314916, 126
1619717420.332568, 127
1619717420.354874, 125
1619717420.372638, 125
1619717420.391492, 125
1619717420.410934, 124
1619717420.429986, 124
1619717420.447649, 126
1619717420.467634, 127
1619717420.484391, 126
1619717420.501568, 127
1619717420.517841, 127
1619717420.541924, 126
1619717420.559368, 126
1619717420.575147, 127
1619717420.597537, 127
1619717420.618834, 128
1619717420.662373, 127
1619717420.684685, 128
1619717420.704649, 127
1619717420.725640, 127
1619717420.742277, 128
1619717420.759501, 128
1619717420.777520, 127
1619717420.797290, 127
1619717420.815567, 127
1619717420.832861, 127
1619717420.851820, 127
1619717420.868481, 127
1619717420.885715, 127
1619717420.904058, 126
1619717420.920658, 128
1619717420.938913, 128
1619717420.957146, 129
1619717420.976143, 128
1619717420.996235, 128
1619717421.012844, 128
1619717421.031702, 129
1619717421.049515, 128
1619717421.068350, 128
1619717421.086175, 127
1619717421.102198, 128
1619717421.118972, 128
1619717421.135622, 128
1619717421.152299, 128
1619717421.170608, 128
1619717421.187866, 129
1619717421.206207, 126
1619717421.226793, 127
1619717421.257301, 126
1619717421.276802, 127
1619717421.293527, 128
1619717421.316015, 129
1619717421.332900, 128
1619717421.350630, 130
1619717421.369072, 129
1619717421.385188, 130
1619717421.405678, 130
1619717421.422912, 130
1619717421.441777, 128
1619717421.461279, 130
1619717421.478955, 129
1619717421.498449, 129
1619717421.516367, 128
1619717421.532796, 127
1619717421.555169, 128
1619717421.577085, 128
1619717421.598321, 125
1619717421.617245, 125
1619717421.637276, 127
1619717421.657784, 126
1619717421.680565, 127
1619717421.697208, 127
1619717421.716285, 128
1619717421.732755, 127
1619717421.752695, 129
1619717421.770654, 129
1619717421.787154, 128
1619717421.804855, 128
1619717421.822234, 129
1619717421.850460, 129
1619717421.874854, 128
1619717421.892061, 128
1619717421.909918, 129
1619717421.930344, 129
1619717421.949986, 129
1619717421.968276, 130
1619717421.985402, 127
1619717422.004313, 129
1619717422.024807, 130
1619717422.043129, 129
1619717422.062151, 129
1619717422.079053, 129
1619717422.098614, 129
1619717422.115864, 129
1619717422.133415, 129
1619717422.150885, 128
1619717422.168192, 128
1619717422.184786, 129
1619717422.203633, 131
1619717422.220500, 130
1619717422.239329, 129
1619717422.256499, 131
1619717422.273085, 129
1619717422.290345, 129
1619717422.309126, 131
1619717422.329745, 129
1619717422.346429, 129
1619717422.363022, 130
1619717422.379755, 130
1619717422.396901, 129
1619717422.414543, 128
1619717422.439620, 130
1619717422.460316, 128
1619717422.479067, 130
1619717422.495397, 128
1619717422.513489, 128
1619717422.530756, 128
1619717422.549070, 127
1619717422.566657, 129
1619717422.588616, 128
1619717422.607380, 128
1619717422.627453, 128
1619717422.645095, 130
1619717422.663963, 129
1619717422.683541, 129
1619717422.699625, 130
1619717422.717394, 130
1619717422.733460, 131
1619717422.752361, 130
1619717422.770598, 130
1619717422.788861, 130
1619717422.808428, 129
1619717422.825628, 130
1619717422.844518, 130
1619717422.864140, 130
1619717422.880610, 130
1619717422.898917, 131
1619717422.916202, 129
1619717422.932208, 130
1619717422.951093, 129
1619717422.969419, 129
1619717422.988727, 129
1619717423.005000, 130
1619717423.024001, 129
1619717423.050752, 130
1619717423.078010, 130
1619717423.095296, 131
1619717423.116589, 132
1619717423.134726, 131
1619717423.152555, 130
1619717423.169808, 130
1619717423.185833, 130
1619717423.203600, 130
1619717423.221915, 132
1619717423.239748, 130
1619717423.258692, 130
1619717423.277684, 130
1619717423.295294, 130
1619717423.315265, 132
1619717423.332016, 131
1619717423.348633, 131
1619717423.364671, 129
1619717423.382446, 131
1619717423.403830, 129
1619717423.422924, 130
1619717423.441362, 130
1619717423.464300, 130
1619717423.481878, 130
1619717423.506882, 131
1619717423.527461, 131
1619717423.544565, 131
1619717423.562433, 131
1619717423.580143, 131
1619717423.598543, 131
1619717423.617391, 131
1619717423.634080, 131
1619717423.662059, 131
1619717423.685686, 131
1619717423.702923, 131
1619717423.723397, 131
1619717423.742867, 132
1619717423.759575, 131
1619717423.779070, 131
1619717423.798449, 131
1619717423.814503, 130
1619717423.833419, 131
1619717423.851203, 131
1619717423.867876, 131
1619717423.884102, 130
1619717423.901999, 130
1619717423.919532, 130
1619717423.942308, 131
1619717423.962265, 133
1619717423.979520, 131
1619717423.998445, 133
1619717424.018120, 133
1619717424.035769, 134
1619717424.052638, 133
1619717424.069157, 132
1619717424.084128, 133
1619717424.100349, 134
1619717424.115779, 133
1619717424.134111, 133
1619717424.154721, 133
1619717424.174758, 132
1619717424.192890, 133
1619717424.211529, 134
1619717424.229755, 133
1619717424.260754, 131
1619717424.284833, 131
1619717424.302644, 132
1619717424.319381, 132
1619717424.335332, 131
1619717424.351731, 132
1619717424.369421, 131
1619717424.390312, 132
1619717424.406479, 132
1619717424.423705, 132
1619717424.444966, 132
1619717424.463620, 133
1619717424.481483, 132
1619717424.499699, 132
1619717424.516924, 133
1619717424.533584, 132
1619717424.549764, 132
1619717424.566431, 132
1619717424.584918, 133
1619717424.605865, 133
1619717424.623579, 133
1619717424.643739, 133
1619717424.662633, 133
1619717424.681248, 134
1619717424.699834, 131
1619717424.716980, 132
1619717424.736554, 130
1619717424.757666, 133
1619717424.775323, 132
1619717424.793118, 134
1619717424.809476, 133
1619717424.828730, 134
1619717424.855945, 134
1619717424.882051, 135
1619717424.901465, 134
1619717424.917621, 134
1619717424.934265, 134
1619717424.951039, 135
1619717424.971810, 136
1619717424.990171, 136
1619717425.007041, 134
1619717425.023177, 135
1619717425.044315, 135
1619717425.061805, 134
1619717425.083704, 134
1619717425.099786, 135
1619717425.117099, 133
1619717425.136361, 135
1619717425.154072, 134
1619717425.172640, 133
1619717425.189802, 132
1619717425.207342, 132
1619717425.224367, 132
1619717425.242105, 133
1619717425.258481, 132
1619717425.278781, 133
1619717425.295742, 134
1619717425.312290, 135
1619717425.330512, 135
1619717425.352192, 134
1619717425.370491, 135
1619717425.389943, 135
1619717425.407663, 136
1619717425.427701, 135
1619717425.450497, 135
1619717425.477810, 134
1619717425.498096, 134
1619717425.515953, 136
1619717425.533915, 134
1619717425.552261, 135
1619717425.571372, 134
1619717425.590033, 134
1619717425.608373, 134
1619717425.630100, 134
1619717425.650123, 133
1619717425.671215, 133
1619717425.688546, 134
1619717425.709127, 135
1619717425.733632, 134
1619717425.751939, 136
1619717425.769720, 134
1619717425.786901, 134
1619717425.805326, 135
1619717425.823079, 134
1619717425.840960, 136
1619717425.858729, 135
1619717425.876315, 136
1619717425.895499, 135
1619717425.914391, 136
1619717425.933959, 137
1619717425.952161, 135
1619717425.968254, 136
1619717425.984375, 136
1619717426.001786, 136
1619717426.022409, 136
1619717426.042929, 135
1619717426.076558, 135
1619717426.099192, 135
1619717426.116569, 135
1619717426.134736, 135
1619717426.151960, 134
1619717426.169794, 135
1619717426.188268, 135
1619717426.205848, 135
1619717426.224319, 135
1619717426.241645, 135
1619717426.259151, 135
1619717426.276567, 135
1619717426.293535, 136
1619717426.310636, 135
1619717426.327517, 136
1619717426.346385, 135
1619717426.363075, 135
1619717426.379157, 135
1619717426.398529, 136
1619717426.415427, 135
1619717426.436222, 134
1619717426.453654, 135
1619717426.469966, 135
1619717426.487082, 135
1619717426.504837, 134
1619717426.526039, 134
1619717426.542655, 134
1619717426.559420, 135
1619717426.577577, 136
1619717426.594251, 135
1619717426.611660, 136
1619717426.632976, 136
1619717426.664447, 137
1619717426.684988, 138
1619717426.703765, 137
1619717426.720711, 137
1619717426.739140, 137
1619717426.759443, 137
1619717426.777059, 138
1619717426.795381, 137
1619717426.813231, 136
1619717426.829269, 137
1619717426.847609, 137
1619717426.864305, 138
1619717426.882005, 136
1619717426.899823, 137
1619717426.916534, 136
1619717426.933756, 137
1619717426.951707, 135
1619717426.971524, 135
1619717426.989951, 136
1619717427.007285, 136
1619717427.026631, 136
1619717427.045857, 136
1619717427.062163, 137
1619717427.080980, 138
1619717427.097578, 137
1619717427.116417, 136
1619717427.133639, 137
1619717427.151409, 137
1619717427.169132, 138
1619717427.185240, 138
1619717427.201355, 138
1619717427.217455, 138
1619717427.234236, 138
1619717427.259408, 138
1619717427.281294, 138
1619717427.300258, 139
1619717427.320370, 139
1619717427.337758, 138
1619717427.354554, 139
1619717427.371776, 139
1619717427.388525, 139
1619717427.404695, 137
1619717427.423040, 138
1619717427.441746, 138
1619717427.460310, 139
1619717427.477378, 137
1619717427.493434, 137
1619717427.511703, 137
1619717427.529330, 137
1619717427.546722, 136
1619717427.563933, 137
1619717427.583941, 136
1619717427.603966, 138
1619717427.622774, 138
1619717427.644433, 136
1619717427.663298, 138
1619717427.684554, 138
1619717427.703273, 138
1619717427.721057, 137
1619717427.740598, 137
1619717427.757597, 138
1619717427.774828, 137
1619717427.791490, 138
1619717427.809291, 136
1619717427.825959, 137
1619717427.843164, 137
1619717427.876169, 137
1619717427.896567, 136
1619717427.913687, 138
1619717427.930978, 138
1619717427.948183, 136
1619717427.965848, 138
1619717427.981960, 137
1619717427.999191, 139
1619717428.016481, 139
1619717428.034941, 139
1619717428.056430, 139
1619717428.074179, 139
1619717428.092964, 139
1619717428.111941, 139
1619717428.130741, 140
1619717428.151343, 139
1619717428.169359, 140
1619717428.185521, 139
1619717428.202371, 140
1619717428.218476, 140
1619717428.236438, 139
1619717428.259052, 140
1619717428.276232, 139
1619717428.293541, 139
1619717428.313521, 139
1619717428.334809, 138
1619717428.353658, 138
1619717428.372606, 137
1619717428.394743, 138
1619717428.412547, 138
1619717428.430921, 138
1619717428.445936, 138
1619717428.468753, 139
1619717428.490933, 139
1619717428.506544, 138
1619717428.523751, 139
1619717428.541562, 138
1619717428.558828, 138
1619717428.577658, 138
1619717428.594941, 139
1619717428.613149, 138
1619717428.631281, 138
1619717428.648702, 138
1619717428.667186, 138
1619717428.688479, 138
1619717428.706106, 139
1619717428.724824, 139
1619717428.741501, 138
1619717428.757634, 138
1619717428.776170, 137
1619717428.794764, 138
1619717428.814852, 138
1619717428.831028, 139
1619717428.847613, 138
1619717428.864385, 138
1619717428.881970, 139
1619717428.899274, 139
1619717428.915982, 139
1619717428.938142, 139
1619717428.955834, 139
1619717428.973347, 139
1619717428.990750, 140
1619717429.007937, 139
1619717429.026328, 138
1619717429.046100, 140
1619717429.087997, 140
1619717429.107917, 140
1619717429.125699, 140
1619717429.142629, 139
1619717429.160715, 140
1619717429.177971, 140
1619717429.194609, 140
1619717429.212510, 139
1619717429.231225, 139
1619717429.247944, 140
1619717429.264599, 141
1619717429.283576, 141
1619717429.301170, 139
1619717429.317285, 140
1619717429.334492, 140
1619717429.352878, 141
1619717429.370179, 140
1619717429.386255, 142
1619717429.402321, 141
1619717429.419112, 141
1619717429.438514, 139
1619717429.456504, 140
1619717429.473744, 140
1619717429.492201, 139
1619717429.510265, 140
1619717429.529426, 141
1619717429.545722, 140
1619717429.562453, 141
1619717429.584250, 141
1619717429.604104, 140
1619717429.625257, 140
1619717429.645266, 139
1619717429.669822, 139
1619717429.691933, 140
1619717429.711429, 138
1619717429.732160, 139
1619717429.748742, 139
1619717429.767231, 140
1619717429.783663, 140
1619717429.800852, 141
1619717429.818042, 140
1619717429.834157, 142
1619717429.850816, 142
1619717429.867482, 141
1619717429.884146, 142
1619717429.902420, 142
1619717429.919974, 141
1619717429.937043, 142
1619717429.953159, 142
1619717429.969887, 142
1619717429.986071, 140
1619717430.002615, 142
1619717430.020671, 142
1619717430.039040, 141
1619717430.057334, 142
1619717430.074004, 142
1619717430.092320, 142
1619717430.109995, 141
1619717430.130588, 141
1619717430.148869, 141
1619717430.167919, 141
1619717430.185587, 141
1619717430.202781, 140
1619717430.218889, 140
1619717430.235028, 139
1619717430.272231, 141
1619717430.294031, 141
1619717430.313849, 141
1619717430.333817, 141
1619717430.349901, 141
1619717430.367663, 141
1619717430.386065, 140
1619717430.404385, 141
1619717430.420474, 142
1619717430.437091, 142
1619717430.454307, 142
1619717430.471132, 142
1619717430.488182, 143
1619717430.506483, 142
1619717430.525370, 141
1619717430.542059, 141
1619717430.559616, 142
1619717430.579198, 142
1619717430.597812, 143
1619717430.614226, 141
1619717430.632690, 140
1619717430.649179, 140
1619717430.669270, 140
1619717430.692096, 140
1619717430.709238, 141
1619717430.725990, 140
1619717430.749391, 142
1619717430.765387, 141
1619717430.781526, 140
1619717430.798186, 142
1619717430.815414, 142
1619717430.831556, 142
1619717430.849881, 139
1619717430.889385, 142
1619717430.908519, 142
1619717430.926604, 142
1619717430.944039, 143
1619717430.963317, 142
1619717430.980758, 142
1619717430.998052, 142
1619717431.015180, 143
1619717431.034633, 142
1619717431.052190, 142
1619717431.068913, 142
1619717431.088581, 142
1619717431.106779, 141
1619717431.125068, 142
1619717431.144344, 140
1619717431.161826, 143
1619717431.179821, 143
1619717431.197358, 144
1619717431.219867, 143
1619717431.236651, 143
1619717431.253381, 143
1619717431.271443, 144
1619717431.288874, 143
1619717431.305779, 144
1619717431.321668, 144
1619717431.338750, 143
1619717431.357438, 143
1619717431.374891, 144
1619717431.393760, 144
1619717431.410846, 143
1619717431.430330, 144
1619717431.451669, 142
1619717431.486026, 143
1619717431.507159, 144
1619717431.525813, 143
1619717431.546738, 142
1619717431.569454, 143
1619717431.589024, 142
1619717431.611332, 142
1619717431.630259, 142
1619717431.650756, 141
1619717431.675924, 142
1619717431.702080, 144
1619717431.720808, 141
1619717431.736509, 145
1619717431.754041, 144
1619717431.772521, 142
1619717431.789486, 144
1619717431.806550, 144
1619717431.824616, 144
1619717431.843609, 144
1619717431.862814, 144
1619717431.879725, 144
1619717431.894953, 144
1619717431.912858, 144
1619717431.930871, 144
1619717431.948895, 144
1619717431.966852, 144
1619717431.983879, 145
1619717432.001071, 143
1619717432.017891, 144
1619717432.034832, 142
1619717432.057339, 142
1619717432.081106, 144
1619717432.103338, 143
1619717432.121218, 143
1619717432.138986, 143
1619717432.154369, 144
1619717432.172479, 143
1619717432.189363, 143
1619717432.207356, 144
1619717432.225237, 144
1619717432.242401, 144
1619717432.258408, 142
1619717432.275389, 143
1619717432.294528, 144
1619717432.312571, 144
1619717432.328503, 144
1619717432.344458, 143
1619717432.360629, 144
1619717432.377751, 142
1619717432.393545, 142
1619717432.409553, 144
1619717432.426527, 144
1619717432.443701, 144
1619717432.460600, 143
1619717432.476635, 145
1619717432.494605, 143
1619717432.512594, 143
1619717432.529725, 143
1619717432.547300, 143
1619717432.564435, 144
1619717432.583901, 145
1619717432.600822, 144
1619717432.621493, 146
1619717432.642822, 145
1619717432.661021, 145
1619717432.695917, 145
1619717432.716194, 145
1619717432.733926, 146
1619717432.752025, 146
1619717432.773087, 145
1619717432.792040, 146
1619717432.810104, 146
1619717432.825881, 145
1619717432.843271, 146
1619717432.860447, 146
1619717432.879476, 145
1619717432.901201, 145
1619717432.917652, 145
1619717432.934115, 145
1619717432.950484, 146
1619717432.968891, 145
1619717432.985535, 144
1619717433.003540, 144
1619717433.020066, 145
1619717433.040414, 145
1619717433.058479, 144
1619717433.078673, 144
1619717433.095025, 144
1619717433.117328, 145
1619717433.133761, 146
1619717433.150682, 145
1619717433.172141, 146
1619717433.191254, 146
1619717433.209334, 146
1619717433.226467, 145
1619717433.242429, 147
1619717433.261279, 145
1619717433.284329, 147
1619717433.302554, 146
1619717433.319272, 145
1619717433.337393, 146
1619717433.355860, 145
1619717433.374949, 144
1619717433.396511, 146
1619717433.418753, 147
1619717433.439087, 146
1619717433.461372, 147
1619717433.482026, 145
1619717433.500644, 145
1619717433.523396, 145
1619717433.540907, 144
1619717433.557174, 145
1619717433.574227, 146
1619717433.593951, 146
1619717433.611180, 147
1619717433.629170, 148
1619717433.645970, 147
1619717433.664387, 148
1619717433.681893, 146
1619717433.698063, 147
1619717433.714911, 147
1619717433.732273, 147
1619717433.749757, 147
1619717433.767764, 145
1619717433.783462, 146
1619717433.799723, 146
1619717433.818122, 146
1619717433.835348, 145
1619717433.856804, 146
1619717433.889158, 147
1619717433.909954, 146
1619717433.926049, 146
1619717433.941765, 146
1619717433.958251, 146
1619717433.975523, 145
1619717433.992797, 144
1619717434.010926, 146
1619717434.030333, 145
1619717434.047562, 145
1619717434.067903, 146
1619717434.084489, 147
1619717434.102121, 146
1619717434.121888, 146
1619717434.138931, 147
1619717434.156143, 146
1619717434.173304, 147
1619717434.191204, 147
1619717434.210085, 146
1619717434.226241, 147
1619717434.243739, 147
1619717434.264130, 146
1619717434.280536, 147
1619717434.296889, 147
1619717434.313946, 146
1619717434.331169, 147
1619717434.352629, 147
1619717434.371030, 147
1619717434.389998, 148
1619717434.407523, 145
1619717434.425989, 146
1619717434.444571, 145
1619717434.471325, 146
1619717434.491936, 146
1619717434.512917, 146
1619717434.531287, 146
1619717434.549771, 148
1619717434.568296, 147
1619717434.584789, 147
1619717434.602050, 147
1619717434.618885, 147
1619717434.635822, 147
1619717434.653023, 148
1619717434.672594, 147
1619717434.690967, 147
1619717434.711727, 148
1619717434.730470, 146
1619717434.746117, 147
1619717434.766882, 148
1619717434.783596, 148
1619717434.803190, 147
1619717434.820786, 148
1619717434.838161, 148
1619717434.856219, 148
1619717434.873333, 147
1619717434.891390, 148
1619717434.912825, 147
1619717434.928925, 149
1619717434.947080, 148
1619717434.964212, 148
1619717434.983705, 147
1619717435.000084, 148
1619717435.018910, 148
1619717435.037368, 150
1619717435.056233, 150
1619717435.081987, 148
1619717435.103831, 150
1619717435.121057, 149
1619717435.139030, 149
1619717435.157097, 149
1619717435.176771, 150
1619717435.193488, 150
1619717435.211059, 149
1619717435.228036, 149
1619717435.243955, 149
1619717435.261540, 150
1619717435.280262, 150
1619717435.297935, 148
1619717435.316966, 148
1619717435.334150, 149
1619717435.350580, 147
1619717435.367862, 147
1619717435.388403, 147
1619717435.411948, 148
1619717435.431288, 147
1619717435.452456, 148
1619717435.476678, 146
1619717435.493777, 149
1619717435.515785, 148
1619717435.536941, 148
1619717435.553266, 148
1619717435.570481, 149
1619717435.587710, 148
1619717435.605653, 148
1619717435.623653, 149
1619717435.642450, 148
1619717435.660610, 149
1619717435.698620, 148
1619717435.717237, 149
1619717435.734189, 149
1619717435.749548, 149
1619717435.765603, 148
1619717435.781201, 148
1619717435.796889, 149
1619717435.814354, 149
1619717435.831980, 148
1619717435.850083, 148
1619717435.868801, 149
1619717435.886728, 148
1619717435.906100, 148
1619717435.923294, 148
1619717435.941113, 148
1619717435.960562, 148
1619717435.979819, 148
1619717435.996463, 149
1619717436.014183, 149
1619717436.031095, 148
1619717436.050406, 149
1619717436.066103, 150
1619717436.083311, 148
1619717436.101826, 148
1619717436.119841, 149
1619717436.136855, 149
1619717436.156270, 150
1619717436.173239, 149
1619717436.190519, 149
1619717436.209766, 150
1619717436.226901, 150
1619717436.245514, 150
1619717436.265944, 149
1619717436.301441, 151
1619717436.323306, 150
1619717436.338941, 148
1619717436.358306, 149
1619717436.378958, 148
1619717436.394705, 148
1619717436.412719, 150
1619717436.431195, 149
1619717436.450089, 150
1619717436.469696, 151
1619717436.487371, 150
1619717436.511281, 150
1619717436.528722, 151
1619717436.545713, 150
1619717436.567566, 151
1619717436.586216, 150
1619717436.603726, 151
1619717436.622958, 151
1619717436.639431, 151
1619717436.656640, 151
1619717436.676092, 150
1619717436.694392, 151
1619717436.712451, 152
1619717436.732515, 151
1619717436.750235, 151
1619717436.767500, 152
1619717436.783922, 151
1619717436.799665, 150
1619717436.817677, 149
1619717436.835391, 149
1619717436.856206, 149
1619717436.880583, 149
1619717436.907605, 149
1619717436.924775, 149
1619717436.947594, 150
1619717436.965518, 149
1619717436.981912, 150
1619717436.999079, 151
1619717437.017524, 150
1619717437.036725, 150
1619717437.059125, 151
1619717437.077085, 151
1619717437.094231, 150
1619717437.114127, 150
1619717437.131166, 151
1619717437.148453, 149
1619717437.164867, 150
1619717437.181939, 151
1619717437.200779, 150
1619717437.218180, 149
1619717437.236791, 151
1619717437.253181, 150
1619717437.271805, 150
1619717437.288995, 151
1619717437.306088, 151
1619717437.323991, 149
1619717437.341863, 150
1619717437.359721, 150
1619717437.378202, 151
1619717437.398269, 151
1619717437.416249, 152
1619717437.441820, 152
1619717437.463026, 150
1619717437.485333, 150
1619717437.506920, 151
1619717437.528898, 151
1619717437.543893, 152
1619717437.560868, 153
1619717437.578763, 153
1619717437.595284, 153
1619717437.613755, 154
1619717437.633739, 154
1619717437.649157, 154
1619717437.664570, 154
1619717437.681547, 154
1619717437.698009, 153
1619717437.716021, 155
1619717437.734284, 154
1619717437.751598, 153
1619717437.768769, 154
1619717437.784639, 152
1619717437.800936, 153
1619717437.816665, 152
1619717437.833195, 152
1619717437.850444, 153
1619717437.869320, 153
1619717437.887051, 153
1619717437.904582, 152
1619717437.924581, 153
1619717437.943215, 152
1619717437.960234, 152
1619717437.977335, 150
1619717437.993818, 152
1619717438.012027, 153
1619717438.028810, 152
1619717438.047308, 153
1619717438.064816, 153
1619717438.099510, 153
1619717438.120874, 152
1619717438.140310, 153
1619717438.157288, 154
1619717438.175164, 153
1619717438.192329, 153
1619717438.210233, 153
1619717438.226580, 153
1619717438.243724, 153
1619717438.260896, 153
1619717438.278728, 152
1619717438.296641, 152
1619717438.313856, 153
1619717438.330764, 152
1619717438.348727, 151
1619717438.365725, 151
1619717438.383716, 150
1619717438.403596, 152
1619717438.423576, 152
1619717438.441218, 151
1619717438.457848, 153
1619717438.475841, 152
1619717438.493931, 153
1619717438.511444, 153
1619717438.527942, 152
1619717438.546424, 153
1619717438.564418, 153
1619717438.582921, 153
1619717438.600079, 153
1619717438.616430, 153
1619717438.633566, 153
1619717438.650819, 154
1619717438.670008, 152
1619717438.699824, 152
1619717438.717024, 153
1619717438.732716, 153
1619717438.749102, 152
1619717438.765551, 153
1619717438.784183, 151
1619717438.800560, 152
1619717438.821286, 153
1619717438.838409, 152
1619717438.855543, 152
1619717438.874361, 154
1619717438.893814, 155
1619717438.911961, 155
1619717438.929128, 155
1619717438.945526, 157
1619717438.962018, 155
1619717438.979135, 155
1619717438.997698, 157
1619717439.014868, 155
1619717439.032029, 156
1619717439.049882, 156
1619717439.066358, 156
1619717439.084187, 155
1619717439.101232, 157
1619717439.119722, 156
1619717439.140109, 155
1619717439.157509, 156
1619717439.175710, 155
1619717439.192713, 155
1619717439.212600, 154
1619717439.229032, 156
1619717439.246187, 154
1619717439.266308, 154
1619717439.290198, 152
1619717439.309679, 152
1619717439.328916, 152
1619717439.345395, 152
1619717439.363346, 151
1619717439.381903, 153
1619717439.402774, 155
1619717439.422514, 154
1619717439.441162, 154
1619717439.458957, 154
1619717439.478296, 152
1619717439.498369, 153
1619717439.517705, 154
1619717439.537394, 155
1619717439.556750, 154
1619717439.576083, 154
1619717439.596855, 153
1619717439.614515, 154
1619717439.629581, 155
1619717439.645999, 153
1619717439.663085, 155
1619717439.678878, 154
1619717439.696724, 154
1619717439.713130, 155
1619717439.732566, 153
1619717439.749650, 153
1619717439.766752, 152
1619717439.784873, 152
1619717439.802460, 153
1619717439.820203, 153
1619717439.838751, 153
1619717439.858037, 152
1619717439.882438, 155
1619717439.908917, 155
1619717439.927634, 154
1619717439.944037, 155
1619717439.963181, 154
1619717439.979799, 155
1619717439.998321, 155
1619717440.015386, 155
1619717440.033181, 157
1619717440.051887, 156
1619717440.069677, 156
1619717440.090957, 156
1619717440.113085, 156
1619717440.129597, 156
1619717440.145985, 156
1619717440.164637, 155
1619717440.181797, 155
1619717440.198273, 156
1619717440.215213, 156
1619717440.231648, 156
1619717440.250382, 155
1619717440.268044, 156
1619717440.285952, 154
1619717440.303035, 154
1619717440.320906, 155
1619717440.337389, 154
1619717440.356690, 155
1619717440.377748, 156
1619717440.395902, 154
1619717440.414558, 155
1619717440.432397, 155
1619717440.451664, 155
1619717440.471644, 155
1619717440.496793, 155
1619717440.516738, 156
1619717440.535947, 155
1619717440.553868, 155
1619717440.572617, 155
1619717440.589613, 155
1619717440.608918, 155
1619717440.627514, 154
1619717440.644531, 155
1619717440.663133, 156
1619717440.680307, 156
1619717440.696607, 155
1619717440.712914, 156
1619717440.731440, 156
1619717440.752171, 154
1619717440.770747, 155
1619717440.788303, 154
1619717440.807167, 154
1619717440.824358, 155
1619717440.840857, 155
1619717440.861089, 154
1619717440.880743, 156
1619717440.897763, 156
1619717440.914316, 156
1619717440.933418, 156
1619717440.951669, 157
1619717440.969281, 156
1619717440.988721, 156
1619717441.009467, 157
1619717441.028785, 156
1619717441.046978, 155
1619717441.063448, 156
1619717441.089134, 155
1619717441.107720, 156
1619717441.126312, 156
1619717441.147671, 157
1619717441.165930, 158
1619717441.185191, 158
1619717441.201844, 157
1619717441.217401, 155
1619717441.233235, 157
1619717441.249669, 156
1619717441.265894, 157
1619717441.284963, 156
1619717441.304800, 156
1619717441.323246, 156
1619717441.339710, 157
1619717441.356312, 156
1619717441.375461, 157
1619717441.394791, 157
1619717441.415600, 157
1619717441.436383, 156
1619717441.454729, 158
1619717441.475679, 158
1619717441.496250, 157
1619717441.515578, 156
1619717441.535324, 156
1619717441.552434, 156
1619717441.568927, 157
1619717441.587611, 158
1619717441.604734, 157
1619717441.623254, 157
1619717441.642523, 157
1619717441.658961, 156
1619717441.675169, 157
1619717441.708362, 157
1619717441.726191, 157
1619717441.743228, 156
1619717441.762415, 157
1619717441.778931, 157
1619717441.794708, 157
1619717441.812505, 157
1619717441.830401, 155
1619717441.847618, 157
1619717441.866850, 156
1619717441.894724, 157
1619717441.912265, 156
1619717441.928293, 156
1619717441.944865, 157
1619717441.961086, 159
1619717441.977561, 158
1619717441.996235, 158
1619717442.013959, 157
1619717442.032779, 159
1619717442.050905, 158
1619717442.068564, 157
1619717442.084762, 157
1619717442.103170, 157
1619717442.123090, 157
1619717442.141765, 158
1619717442.159522, 157
1619717442.178879, 157
1619717442.198673, 158
1619717442.216719, 157
1619717442.236837, 156
1619717442.254427, 157
1619717442.273627, 156
1619717442.310772, 158
1619717442.330906, 156
1619717442.348700, 157
1619717442.365029, 158
1619717442.382144, 157
1619717442.404301, 157
1619717442.420773, 159
1619717442.442072, 160
1619717442.460503, 159
1619717442.476932, 159
1619717442.494797, 159
1619717442.511221, 159
1619717442.527676, 158
1619717442.544101, 159
1619717442.561685, 159
1619717442.581066, 158
1619717442.599731, 159
1619717442.617448, 159
1619717442.636703, 160
1619717442.652988, 159
1619717442.670901, 158
1619717442.688844, 158
1619717442.707838, 159
1619717442.725022, 159
1619717442.741538, 159
1619717442.759465, 159
1619717442.775920, 158
1619717442.794789, 158
1619717442.812459, 157
1619717442.829547, 156
1619717442.845885, 158
1619717442.862432, 158
1619717442.879599, 158
1619717442.902581, 157
1619717442.923776, 157
1619717442.941695, 159
1619717442.959369, 158
1619717442.978629, 158
1619717442.996851, 159
1619717443.015052, 158
1619717443.033648, 159
1619717443.052899, 158
1619717443.068737, 158
1619717443.085007, 158
1619717443.103616, 159
1619717443.124424, 159
1619717443.142163, 159
1619717443.162278, 159
1619717443.180122, 159
1619717443.197248, 159
1619717443.214115, 160
1619717443.231524, 159
1619717443.250143, 159
1619717443.268596, 160
1619717443.286544, 158
1619717443.305823, 158
1619717443.322238, 158
1619717443.340306, 157
1619717443.357551, 158
1619717443.375965, 158
1619717443.398206, 158
1619717443.416954, 158
1619717443.434960, 158
1619717443.454020, 159
1619717443.476667, 158
1619717443.500493, 158
1619717443.527803, 161
1619717443.545863, 159
1619717443.563470, 161
1619717443.581373, 160
1619717443.599194, 160
1619717443.616481, 160
1619717443.634218, 160
1619717443.650441, 160
1619717443.666838, 160
1619717443.684399, 160
1619717443.701864, 160
1619717443.721137, 160
1619717443.739712, 161
1619717443.757453, 161
1619717443.773741, 161
1619717443.791788, 159
1619717443.811884, 159
1619717443.829664, 159
1619717443.848950, 161
1619717443.866076, 160
1619717443.882590, 158
1619717443.899751, 158
1619717443.916837, 160
1619717443.933277, 160
1619717443.951252, 160
1619717443.968405, 159
1619717443.985394, 161
1619717444.004765, 160
1619717444.021958, 160
1619717444.040574, 161
1619717444.059012, 161
1619717444.075272, 159
1619717444.110502, 159
1619717444.137841, 160
1619717444.153746, 160
1619717444.170181, 160
1619717444.189226, 160
1619717444.207304, 160
1619717444.225971, 160
1619717444.243063, 160
1619717444.260578, 160
1619717444.278769, 161
1619717444.295283, 160
1619717444.315889, 160
1619717444.332337, 161
1619717444.350155, 160
1619717444.367954, 159
1619717444.385203, 160
1619717444.404609, 159
1619717444.421641, 159
1619717444.445304, 160
1619717444.464664, 161
1619717444.482594, 160
1619717444.500626, 159
1619717444.518414, 161
1619717444.536286, 161
1619717444.553420, 161
1619717444.571282, 159
1619717444.587413, 161
1619717444.604247, 160
1619717444.619840, 159
1619717444.636801, 160
1619717444.653429, 159
1619717444.670568, 160
1619717444.695585, 161
1619717444.721237, 160
1619717444.739875, 161
1619717444.756535, 161
1619717444.775731, 161
1619717444.792809, 160
1619717444.810795, 160
1619717444.827971, 160
1619717444.844932, 160
1619717444.862518, 160
1619717444.879359, 160
1619717444.899497, 160
1619717444.917058, 161
1619717444.936587, 162
1619717444.952893, 161
1619717444.969383, 161
1619717444.985650, 162
1619717445.003733, 161
1619717445.021912, 161
1619717445.039920, 161
1619717445.057811, 160
1619717445.074948, 161
1619717445.091362, 161
1619717445.108780, 162
1619717445.127770, 161
1619717445.145772, 161
1619717445.162783, 162
1619717445.179950, 161
1619717445.196565, 161
1619717445.212854, 163
1619717445.230757, 163
1619717445.248754, 162
1619717445.268558, 162
1619717445.304470, 162
1619717445.322237, 161
1619717445.340758, 161
1619717445.361553, 161
1619717445.381006, 161
1619717445.401421, 161
1619717445.419250, 161
1619717445.440306, 163
1619717445.463570, 163
161971