1619717778.406464, 0
1619717778.432983, 1
1619717778.449913, 0
1619717778.469947, 6
1619717778.485946, 0
1619717778.503978, 4
1619717778.526099, 11
1619717778.545127, 18
1619717778.563075, 19
1619717778.583743, 23
1619717778.600960, 29
1619717778.618673, 32
1619717778.634987, 38
1619717778.652087, 44
1619717778.675690, 53
1619717778.701365, 57
1619717778.721032, 61
1619717778.737954, 67
1619717778.755328, 73
1619717778.775143, 77
1619717778.796888, 86
1619717778.814780, 91
1619717778.832842, 95
1619717778.851781, 101
1619717778.868627, 105
1619717778.885437, 111
1619717778.903173, 114
1619717778.919201, 118
1619717778.934162, 124
1619717778.952279, 128
1619717778.971192, 133
1619717778.990248, 137
1619717779.006214, 144
1619717779.024229, 150
1619717779.044313, 157
1619717779.064001, 162
1619717779.081092, 164
1619717779.097900, 171
1619717779.115704, 176
1619717779.132541, 181
1619717779.149476, 186
1619717779.168582, 189
1619717779.185565, 195
1619717779.202476, 200
1619717779.220582, 205
1619717779.238049, 211
1619717779.257934, 216
1619717779.281818, 224
1619717779.304537, 228
1619717779.322329, 232
1619717779.338502, 238
1619717779.355537, 241
1619717779.372516, 247
1619717779.389592, 250
1619717779.407529, 255
1619717779.424802, 261
1619717779.449656, 267
1619717779.466949, 271
1619717779.485446, 277
1619717779.502256, 282
1619717779.521138, 293
1619717779.558266, 298
1619717779.576282, 300
1619717779.596607, 308
1619717779.617238, 312
1619717779.635477, 318
1619717779.655308, 325
1619717779.674284, 332
1619717779.693266, 337
1619717779.711269, 340
1619717779.729286, 346
1619717779.746396, 350
1619717779.765374, 355
1619717779.783320, 362
1619717779.802808, 364
1619717779.818901, 369
1619717779.835878, 374
1619717779.855436, 380
1619717779.875841, 387
1619717779.895191, 391
1619717779.915377, 396
1619717779.937878, 399
1619717779.954883, 399
1619717779.972014, 399
1619717779.989221, 400
1619717780.007018, 400
1619717780.025885, 400
1619717780.044851, 399
1619717780.061983, 400
1619717780.083510, 399
1619717780.100966, 399
1619717780.118756, 400
1619717780.136457, 399
1619717780.153578, 399
1619717780.171315, 399
1619717780.188574, 400
1619717780.210617, 399
1619717780.230803, 399
1619717780.248869, 400
1619717780.267360, 399
1619717780.287402, 400
1619717780.307826, 399
1619717780.325809, 400
1619717780.344947, 400
1619717780.366795, 400
1619717780.383797, 400
1619717780.399958, 399
1619717780.415813, 400
1619717780.432955, 399
1619717780.450904, 399
1619717780.466801, 399
1619717780.497037, 400
1619717780.515275, 400
1619717780.534891, 400
1619717780.552889, 399
1619717780.569945, 400
1619717780.588336, 399
1619717780.604983, 399
1619717780.622998, 400
1619717780.639928, 399
1619717780.657261, 399
1619717780.679914, 399
1619717780.697083, 399
1619717780.712963, 398
1619717780.730985, 399
1619717780.749084, 400
1619717780.768096, 399
1619717780.785619, 398
1619717780.804933, 400
1619717780.821191, 400
1619717780.837985, 399
1619717780.857979, 400
1619717780.875631, 400
1619717780.894717, 399
1619717780.913225, 400
1619717780.932783, 400
1619717780.950332, 400
1619717780.968178, 400
1619717780.984280, 400
1619717781.003665, 399
1619717781.019773, 400
1619717781.036704, 400
1619717781.057574, 399
1619717781.084229, 398
1619717781.106324, 400
1619717781.123015, 399
1619717781.140682, 400
1619717781.158246, 399
1619717781.179899, 399
1619717781.199050, 400
1619717781.215397, 400
1619717781.235649, 400
1619717781.254110, 399
1619717781.272417, 400
1619717781.290427, 400
1619717781.308322, 400
1619717781.325773, 400
1619717781.346778, 400
1619717781.363599, 400
1619717781.380805, 400
1619717781.399329, 399
1619717781.416185, 399
1619717781.433871, 400
1619717781.450054, 399
1619717781.466345, 399
1619717781.484495, 400
1619717781.502148, 400
1619717781.523782, 399
1619717781.540813, 399
1619717781.560082, 399
1619717781.580073, 399
1619717781.600011, 400
1619717781.618767, 399
1619717781.635453, 399
1619717781.654768, 399
1619717781.730308, 399
1619717781.760254, 400
1619717781.780960, 399
1619717781.800957, 399
1619717781.820633, 400
1619717781.838560, 399
1619717781.858560, 400
1619717781.876345, 399
1619717781.895608, 400
1619717781.913421, 399
1619717781.932207, 399
1619717781.950475, 400
1619717781.970448, 399
1619717781.988986, 400
1619717782.006080, 400
1619717782.024794, 400
1619717782.047308, 400
1619717782.066518, 400
1619717782.083986, 400
1619717782.104135, 399
1619717782.121839, 400
1619717782.140323, 399
1619717782.158830, 399
1619717782.178101, 400
1619717782.196764, 400
1619717782.215272, 399
1619717782.234493, 399
1619717782.251587, 400
1619717782.270831, 399
1619717782.288271, 399
1619717782.306503, 400
1619717782.323190, 399
1619717782.351813, 400
1619717782.371871, 400
1619717782.391130, 399
1619717782.409081, 400
1619717782.427332, 400
1619717782.446654, 400
1619717782.463586, 400
1619717782.482080, 399
1619717782.500639, 400
1619717782.520907, 399
1619717782.539274, 400
1619717782.560191, 400
1619717782.578590, 400
1619717782.597914, 399
1619717782.615994, 400
1619717782.636310, 399
1619717782.655696, 400
1619717782.676050, 399
1619717782.693030, 399
1619717782.711153, 400
1619717782.727400, 400
1619717782.745103, 399
1619717782.763735, 400
1619717782.780726, 398
1619717782.798620, 399
1619717782.820725, 397
1619717782.838758, 395
1619717782.858734, 396
1619717782.900527, 400
1619717782.924311, 398
1619717782.943008, 398
1619717782.961603, 395
1619717782.983329, 397
1619717783.000874, 398
1619717783.018702, 399
1619717783.039395, 398
1619717783.057244, 398
1619717783.073532, 398
1619717783.093676, 394
1619717783.114899, 393
1619717783.136704, 393
1619717783.155732, 394
1619717783.177218, 400
1619717783.196737, 398
1619717783.215881, 398
1619717783.234363, 400
1619717783.251382, 400
1619717783.271403, 400
1619717783.288428, 400
1619717783.323352, 399
1619717783.354469, 400
1619717783.372008, 398
1619717783.391633, 399
1619717783.408691, 400
1619717783.428569, 400
1619717783.448584, 400
1619717783.466435, 399
1619717783.487272, 398
1619717783.510075, 400
1619717783.533772, 398
1619717783.550138, 399
1619717783.568716, 399
1619717783.585777, 400
1619717783.604961, 400
1619717783.621221, 399
1619717783.644414, 399
1619717783.663807, 398
1619717783.684380, 397
1619717783.702817, 400
1619717783.720668, 399
1619717783.736910, 400
1619717783.753152, 399
1619717783.770288, 400
1619717783.786562, 400
1619717783.803593, 398
1619717783.821404, 398
1619717783.847732, 397
1619717783.867671, 398
1619717783.884351, 399
1619717783.902806, 398
1619717783.920428, 399
1619717783.936596, 399
1619717783.960190, 399
1619717783.978032, 398
1619717783.994392, 399
1619717784.011855, 400
1619717784.028751, 399
1619717784.047177, 398
1619717784.067083, 398
1619717784.085811, 399
1619717784.111143, 398
1619717784.132657, 394
1619717784.150025, 396
1619717784.169467, 397
1619717784.186965, 395
1619717784.204841, 396
1619717784.220855, 396
1619717784.237447, 400
1619717784.253703, 399
1619717784.269142, 398
1619717784.286166, 397
1619717784.304212, 399
1619717784.321704, 400
1619717784.338671, 399
1619717784.354854, 399
1619717784.371041, 398
1619717784.387321, 397
1619717784.402854, 396
1619717784.419778, 398
1619717784.435345, 398
1619717784.452274, 398
1619717784.468539, 399
1619717784.486512, 398
1619717784.504265, 399
1619717784.522983, 399
1619717784.542421, 399
1619717784.559886, 399
1619717784.577449, 399
1619717784.597027, 398
1619717784.617308, 399
1619717784.637213, 400
1619717784.654101, 398
1619717784.674911, 399
1619717784.708523, 397
1619717784.729261, 396
1619717784.753363, 397
1619717784.772130, 398
1619717784.792271, 398
1619717784.812263, 397
1619717784.834313, 398
1619717784.852510, 399
1619717784.871907, 397
1619717784.888837, 397
1619717784.905630, 397
1619717784.922599, 397
1619717784.944733, 397
1619717784.967840, 398
1619717784.987421, 397
1619717785.004485, 400
1619717785.027616, 397
1619717785.046921, 393
1619717785.065228, 394
1619717785.084897, 394
1619717785.103533, 395
1619717785.122397, 393
1619717785.138527, 392
1619717785.154845, 393
1619717785.171597, 395
1619717785.187825, 394
1619717785.207973, 395
1619717785.224210, 400
1619717785.242001, 396
1619717785.262281, 396
1619717785.283687, 397
1619717785.318696, 396
1619717785.341665, 396
1619717785.358865, 398
1619717785.377674, 394
1619717785.397850, 397
1619717785.418483, 397
1619717785.440591, 397
1619717785.462556, 397
1619717785.483273, 397
1619717785.508413, 394
1619717785.539211, 395
1619717785.581305, 394
1619717785.613938, 395
1619717785.633873, 397
1619717785.654717, 396
1619717785.679343, 397
1619717785.698895, 397
1619717785.718351, 396
1619717785.738140, 395
1619717785.754016, 398
1619717785.774854, 396
1619717785.793678, 396
1619717785.812478, 397
1619717785.835152, 397
1619717785.852405, 396
1619717785.870107, 396
1619717785.895707, 397
1619717785.920605, 395
1619717785.939187, 394
1619717785.956549, 395
1619717785.974004, 396
1619717785.990590, 395
1619717786.007051, 393
1619717786.023614, 394
1619717786.042097, 395
1619717786.059531, 395
1619717786.079083, 396
1619717786.099016, 399
1619717786.117117, 396
1619717786.133567, 398
1619717786.150544, 397
1619717786.173599, 397
1619717786.192185, 399
1619717786.211099, 398
1619717786.229569, 399
1619717786.247631, 398
1619717786.267124, 395
1619717786.284565, 399
1619717786.302578, 396
1619717786.320215, 395
1619717786.337140, 395
1619717786.353113, 398
1619717786.369628, 397
1619717786.386625, 396
1619717786.406076, 395
1619717786.422100, 395
1619717786.437637, 396
1619717786.454205, 397
1619717786.470135, 395
1619717786.490774, 396
1619717786.513188, 396
1619717786.531187, 398
1619717786.548670, 397
1619717786.567124, 397
1619717786.584134, 397
1619717786.604307, 399
1619717786.621683, 398
1619717786.639141, 396
1619717786.657766, 387
1619717786.677170, 379
1619717786.698200, 374
1619717786.714378, 366
1619717786.735662, 359
1619717786.755228, 355
1619717786.775661, 347
1619717786.794147, 340
1619717786.811166, 336
1619717786.829869, 329
1619717786.847836, 322
1619717786.865301, 315
1619717786.881944, 309
1619717786.898716, 303
1619717786.915766, 296
1619717786.933287, 289
1619717786.949756, 284
1619717786.966736, 276
1619717786.982876, 277
1619717787.000389, 275
1619717787.017258, 274
1619717787.038659, 275
1619717787.056315, 273
1619717787.075910, 256
1619717787.120227, 247
1619717787.141753, 244
1619717787.159224, 240
1619717787.176533, 241
1619717787.197319, 241
1619717787.215758, 240
1619717787.235782, 241
1619717787.253253, 240
1619717787.268767, 241
1619717787.289942, 240
1619717787.307230, 241
1619717787.323305, 241
1619717787.340333, 242
1619717787.356296, 242
1619717787.372810, 242
1619717787.388783, 241
1619717787.405288, 244
1619717787.421323, 247
1619717787.437363, 247
1619717787.453822, 248
1619717787.470821, 248
1619717787.487404, 248
1619717787.508348, 244
1619717787.529288, 234
1619717787.555830, 223
1619717787.581406, 215
1619717787.601334, 207
1619717787.619811, 199
1619717787.637871, 192
1619717787.659879, 182
1619717787.680583, 175
1619717787.700947, 164
1619717787.730919, 154
1619717787.755895, 148
1619717787.772912, 147
1619717787.793045, 146
1619717787.812837, 144
1619717787.831881, 146
1619717787.850865, 145
1619717787.870608, 143
1619717787.888900, 143
1619717787.908264, 145
1619717787.926849, 145
1619717787.943874, 144
1619717787.961858, 144
1619717787.981850, 143
1619717788.004043, 143
1619717788.020451, 144
1619717788.038476, 143
1619717788.058470, 143
1619717788.076053, 144
1619717788.097456, 143
1619717788.115540, 145
1619717788.134401, 145
1619717788.156957, 145
1619717788.176507, 144
1619717788.195439, 145
1619717788.216562, 145
1619717788.232972, 144
1619717788.248700, 146
1619717788.265943, 145
1619717788.284923, 145
1619717788.319410, 145
1619717788.338841, 144
1619717788.355925, 145
1619717788.373956, 145
1619717788.392598, 146
1619717788.411463, 145
1619717788.430018, 145
1619717788.449426, 145
1619717788.467215, 145
1619717788.483961, 144
1619717788.502020, 144
1619717788.519080, 145
1619717788.536087, 144
1619717788.552569, 145
1619717788.568590, 144
1619717788.585175, 145
1619717788.604556, 146
1619717788.624176, 144
1619717788.643512, 146
1619717788.660979, 145
1619717788.678530, 145
1619717788.695988, 144
1619717788.715218, 145
1619717788.732089, 144
1619717788.749619, 144
1619717788.766536, 146
1619717788.785020, 144
1619717788.802012, 145
1619717788.820154, 146
1619717788.836552, 145
1619717788.854603, 145
1619717788.872044, 145
1619717788.895003, 144
1619717788.928224, 146
1619717788.950556, 145
1619717788.967069, 146
1619717788.983557, 145
1619717789.001152, 144
1619717789.019957, 146
1619717789.037609, 144
1619717789.055157, 146
1619717789.072659, 145
1619717789.089575, 146
1619717789.105065, 144
1619717789.121596, 146
1619717789.140582, 145
1619717789.160240, 144
1619717789.178115, 146
1619717789.197116, 145
1619717789.216956, 145
1619717789.235103, 145
1619717789.253121, 145
1619717789.269261, 145
1619717789.285640, 145
1619717789.302083, 145
1619717789.320120, 145
1619717789.336605, 146
1619717789.353233, 147
1619717789.373752, 146
1619717789.392127, 145
1619717789.411451, 145
1619717789.434221, 145
1619717789.452021, 146
1619717789.470421, 144
1619717789.488685, 144
1619717789.522637, 147
1619717789.543176, 145
1619717789.563653, 145
1619717789.584180, 145
1619717789.602163, 145
1619717789.620667, 145
1619717789.638216, 147
1619717789.657309, 146
1619717789.676274, 146
1619717789.695148, 147
1619717789.714699, 146
1619717789.732316, 147
1619717789.750764, 147
1619717789.770192, 147
1619717789.786716, 146
1619717789.806731, 146
1619717789.824333, 146
1619717789.843194, 146
1619717789.861416, 147
1619717789.879261, 147
1619717789.897947, 147
1619717789.916299, 148
1619717789.932374, 147
1619717789.951226, 146
1619717789.968311, 147
1619717789.984361, 145
1619717790.001316, 146
1619717790.017263, 147
1619717790.038292, 147
1619717790.057243, 147
1619717790.078866, 148
1619717790.100752, 146
1619717790.133216, 148
1619717790.152799, 147
1619717790.169402, 148
1619717790.185296, 147
1619717790.201255, 147
1619717790.220759, 147
1619717790.238328, 147
1619717790.255322, 147
1619717790.272363, 148
1619717790.289770, 147
1619717790.304992, 148
1619717790.321796, 149
1619717790.338772, 148
1619717790.355115, 148
1619717790.374296, 147
1619717790.393861, 147
1619717790.412794, 148
1619717790.432577, 147
1619717790.452849, 148
1619717790.469815, 149
1619717790.488105, 148
1619717790.504786, 148
1619717790.521902, 147
1619717790.538333, 148
1619717790.554898, 147
1619717790.571364, 147
1619717790.588372, 149
1619717790.606603, 147
1619717790.623981, 149
1619717790.648483, 150
1619717790.665923, 149
1619717790.685869, 148
1619717790.712337, 150
1619717790.733878, 149
1619717790.752524, 148
1619717790.768425, 149
1619717790.786971, 150
1619717790.804467, 150
1619717790.824534, 149
1619717790.843937, 149
1619717790.862389, 149
1619717790.884387, 149
1619717790.900939, 150
1619717790.918958, 149
1619717790.935978, 149
1619717790.952519, 149
1619717790.969966, 149
1619717790.986194, 149
1619717791.004583, 148
1619717791.026030, 147
1619717791.048104, 147
1619717791.065934, 148
1619717791.086064, 148
1619717791.106228, 148
1619717791.125426, 148
1619717791.144592, 150
1619717791.165949, 149
1619717791.184563, 148
1619717791.203000, 149
1619717791.221998, 151
1619717791.242346, 149
1619717791.262454, 149
1619717791.283251, 149
1619717791.306490, 150
1619717791.328644, 149
1619717791.347547, 150
1619717791.366056, 149
1619717791.383580, 150
1619717791.400651, 150
1619717791.418515, 150
1619717791.435038, 149
1619717791.451476, 148
1619717791.468638, 149
1619717791.484982, 148
1619717791.502469, 148
1619717791.520499, 150
1619717791.540990, 150
1619717791.560587, 150
1619717791.580107, 149
1619717791.598693, 150
1619717791.620060, 151
1619717791.638085, 150
1619717791.656169, 150
1619717791.672571, 150
1619717791.689555, 151
1619717791.706532, 150
1619717791.722074, 150
1619717791.738557, 151
1619717791.754556, 150
1619717791.771075, 150
1619717791.789715, 150
1619717791.810523, 150
1619717791.830711, 151
1619717791.851746, 150
1619717791.869170, 151
1619717791.888538, 150
1619717791.905556, 150
1619717791.929189, 151
1619717791.948210, 150
1619717791.967274, 150
1619717791.990580, 149
1619717792.008209, 149
1619717792.028563, 149
1619717792.050134, 149
1619717792.066676, 150
1619717792.089151, 152
1619717792.106591, 150
1619717792.123105, 150
1619717792.139162, 151
1619717792.155615, 150
1619717792.172626, 151
1619717792.190137, 150
1619717792.205654, 150
1619717792.221608, 150
1619717792.237697, 150
1619717792.254117, 150
1619717792.270120, 153
1619717792.288206, 152
1619717792.304971, 153
1619717792.321839, 152
1619717792.339194, 152
1619717792.354796, 150
1619717792.371112, 152
1619717792.386604, 152
1619717792.403150, 152
1619717792.418757, 152
1619717792.435680, 152
1619717792.452204, 150
1619717792.470307, 150
1619717792.488850, 151
1619717792.524228, 150
1619717792.544279, 151
1619717792.562697, 151
1619717792.586198, 151
1619717792.604714, 151
1619717792.621233, 152
1619717792.639923, 151
1619717792.659193, 151
1619717792.677701, 151
1619717792.697044, 151
1619717792.715770, 151
1619717792.736237, 152
1619717792.752689, 151
1619717792.770446, 152
1619717792.791004, 152
1619717792.807222, 152
1619717792.826081, 151
1619717792.843725, 151
1619717792.862271, 150
1619717792.884028, 150
1619717792.901217, 152
1619717792.918837, 150
1619717792.935257, 152
1619717792.958251, 151
1619717792.976409, 151
1619717792.995270, 151
1619717793.014843, 152
1619717793.033754, 152
1619717793.052823, 152
1619717793.070753, 153
1619717793.088513, 152
1619717793.118334, 151
1619717793.134460, 153
1619717793.151906, 152
1619717793.169349, 152
1619717793.185436, 153
1619717793.201774, 152
1619717793.217399, 153
1619717793.233815, 154
1619717793.251298, 154
1619717793.268298, 153
1619717793.287332, 152
1619717793.303869, 152
1619717793.319830, 152
1619717793.336407, 151
1619717793.352843, 152
1619717793.369324, 153
1619717793.385359, 152
1619717793.401845, 152
1619717793.419427, 152
1619717793.437305, 151
1619717793.454317, 152
1619717793.470887, 152
1619717793.487904, 152
1619717793.507352, 152
1619717793.523892, 153
1619717793.541830, 153
1619717793.560949, 152
1619717793.579525, 154
1619717793.601009, 153
1619717793.618867, 152
1619717793.634874, 153
1619717793.651891, 153
1619717793.668560, 152
1619717793.687283, 154
1619717793.715416, 150
1619717793.739093, 152
1619717793.756106, 153
1619717793.774407, 153
1619717793.791901, 152
1619717793.810042, 154
1619717793.827486, 153
1619717793.847360, 152
1619717793.869475, 153
1619717793.885968, 153
1619717793.902918, 152
1619717793.919554, 152
1619717793.937470, 152
1619717793.955474, 151
1619717793.971913, 151
1619717793.992495, 152
1619717794.010943, 151
1619717794.028762, 151
1619717794.051684, 153
1619717794.068920, 153
1619717794.085987, 153
1619717794.102442, 153
1619717794.119991, 152
1619717794.136093, 154
1619717794.151632, 153
1619717794.168659, 153
1619717794.184456, 153
1619717794.201650, 153
1619717794.219453, 154
1619717794.236218, 153
1619717794.253505, 154
1619717794.274488, 153
1619717794.293463, 154
1619717794.322968, 153
1619717794.341987, 153
1619717794.359474, 153
1619717794.376772, 154
1619717794.394258, 153
1619717794.412507, 152
1619717794.432591, 153
1619717794.449693, 152
1619717794.469635, 152
1619717794.488503, 152
1619717794.505548, 151
1619717794.522978, 153
1619717794.548124, 154
1619717794.565545, 154
1619717794.583536, 153
1619717794.604182, 155
1619717794.621761, 154
1619717794.638580, 154
1619717794.658196, 155
1619717794.681260, 154
1619717794.704921, 155
1619717794.721599, 154
1619717794.741297, 154
1619717794.759608, 153
1619717794.777624, 154
1619717794.798096, 154
1619717794.821136, 154
1619717794.842661, 154
1619717794.861651, 154
1619717794.880867, 155
1619717794.914159, 153
1619717794.938828, 154
1619717794.961138, 153
1619717794.979653, 154
1619717794.999230, 154
1619717795.016189, 154
1619717795.033604, 153
1619717795.054144, 154
1619717795.071983, 156
1619717795.088605, 154
1619717795.108643, 154
1619717795.128264, 155
1619717795.146207, 155
1619717795.164706, 155
1619717795.181414, 156
1619717795.200197, 156
1619717795.217195, 155
1619717795.236175, 155
1619717795.252459, 156
1619717795.270656, 156
1619717795.288651, 157
1619717795.304671, 156
1619717795.323232, 155
1619717795.340650, 156
1619717795.358690, 156
1619717795.376336, 155
1619717795.395174, 155
1619717795.415245, 155
1619717795.436238, 156
1619717795.452998, 156
1619717795.477739, 154
1619717795.495184, 151
1619717795.525675, 155
1619717795.550321, 155
1619717795.569287, 156
1619717795.588370, 155
1619717795.604688, 155
1619717795.623257, 156
1619717795.642295, 155
1619717795.662775, 155
1619717795.683280, 156
1619717795.700291, 156
1619717795.718231, 156
1619717795.735231, 156
1619717795.752758, 157
1619717795.772334, 155
1619717795.788758, 157
1619717795.804743, 156
1619717795.823246, 156
1619717795.842770, 156
1619717795.860409, 157
1619717795.879516, 157
1619717795.900341, 154
1619717795.917274, 155
1619717795.937416, 155
1619717795.956562, 155
1619717795.972776, 156
1619717795.990869, 155
1619717796.008721, 155
1619717796.027856, 156
1619717796.046879, 156
1619717796.064379, 156
1619717796.082779, 156
1619717796.117883, 155
1619717796.138831, 156
1619717796.157916, 157
1619717796.177809, 156
1619717796.195373, 156
1619717796.216498, 157
1619717796.234848, 156
1619717796.251377, 156
1619717796.271348, 156
1619717796.287868, 156
1619717796.304416, 157
1619717796.321903, 156
1619717796.340514, 155
1619717796.358463, 157
1619717796.376571, 156
1619717796.393352, 155
1619717796.411358, 155
1619717796.430946, 155
1619717796.452413, 155
1619717796.468741, 156
1619717796.487869, 155
1619717796.506691, 156
1619717796.525889, 156
1619717796.545402, 158
1619717796.566405, 156
1619717796.584570, 156
1619717796.602692, 155
1619717796.619941, 156
1619717796.639397, 157
1619717796.655945, 158
1619717796.672902, 156
1619717796.693784, 156
1619717796.728859, 156
1619717796.767933, 158
1619717796.798501, 156
1619717796.820015, 156
1619717796.838932, 157
1619717796.859506, 157
1619717796.876991, 157
1619717796.895444, 158
1619717796.913523, 157
1619717796.932506, 156
1619717796.951473, 157
1619717796.967983, 158
1619717796.988458, 157
1619717797.004537, 157
1619717797.020518, 157
1619717797.043946, 157
1619717797.062488, 158
1619717797.079270, 158
1619717797.098714, 158
1619717797.115507, 159
1619717797.132460, 158
1619717797.149471, 158
1619717797.164810, 158
1619717797.180979, 158
1619717797.196529, 159
1619717797.215539, 159
1619717797.232094, 158
1619717797.248794, 158
1619717797.265494, 158
1619717797.285008, 157
1619717797.302002, 156
1619717797.331671, 157
1619717797.349566, 157
1619717797.365571, 157
1619717797.382918, 158
1619717797.400554, 157
1619717797.419119, 156
1619717797.435546, 156
1619717797.456203, 156
1619717797.472143, 156
1619717797.488215, 156
1619717797.508222, 156
1619717797.526365, 157
1619717797.549635, 157
1619717797.567584, 159
1619717797.586753, 157
1619717797.604939, 157
1619717797.625099, 158
1619717797.643618, 158
1619717797.661609, 158
1619717797.683690, 159
1619717797.702131, 159
1619717797.719164, 158
1619717797.736238, 158
1619717797.752573, 158
1619717797.770186, 158
1619717797.786885, 158
1619717797.806657, 158
1619717797.824207, 158
1619717797.841107, 156
1619717797.857617, 158
1619717797.874567, 158
1619717797.897836, 158
1619717797.931647, 157
1619717797.949794, 156
1619717797.969553, 157
1619717797.986423, 157
1619717798.003994, 157
1619717798.020515, 157
1619717798.049228, 158
1619717798.069239, 159
1619717798.085764, 159
1619717798.103880, 159
1619717798.121628, 158
1619717798.139374, 159
1619717798.157344, 159
1619717798.173547, 158
1619717798.189288, 159
1619717798.205629, 158
1619717798.221401, 159
1619717798.237143, 159
1619717798.255475, 159
1619717798.272325, 159
1619717798.288212, 159
1619717798.304578, 159
1619717798.321397, 158
1619717798.339142, 158
1619717798.357905, 158
1619717798.375813, 158
1619717798.395804, 160
1619717798.413941, 159
1619717798.430390, 158
1619717798.450444, 158
1619717798.467443, 158
1619717798.483813, 158
1619717798.502768, 157
1619717798.530316, 157
1619717798.553852, 159
1619717798.573163, 159
1619717798.590839, 160
1619717798.609711, 157
1619717798.629254, 159
1619717798.648703, 159
1619717798.666798, 159
1619717798.683146, 159
1619717798.701686, 158
1619717798.718578, 159
1619717798.734457, 158
1619717798.751364, 158
1619717798.767732, 160
1619717798.786993, 160
1619717798.804849, 161
1619717798.823496, 160
1619717798.842025, 160
1619717798.860899, 160
1619717798.878326, 160
1619717798.898005, 159
1619717798.916884, 159
1619717798.933846, 159
1619717798.953217, 157
1619717798.972610, 159
1619717798.991911, 158
1619717799.012689, 158
1619717799.030707, 159
1619717799.047801, 158
1619717799.069972, 159
1619717799.087246, 160
1619717799.106676, 159
1619717799.126718, 158
1619717799.143881, 160
1619717799.164225, 159
1619717799.182549, 160
1619717799.200542, 161
1619717799.217468, 160
1619717799.235396, 160
1619717799.252562, 161
1619717799.268383, 160
1619717799.285407, 161
1619717799.302570, 160
1619717799.321209, 159
1619717799.341318, 161
1619717799.357866, 159
1619717799.376907, 161
1619717799.395902, 160
1619717799.415361, 159
1619717799.434530, 159
1619717799.451632, 160
1619717799.469572, 160
1619717799.485997, 160
1619717799.501685, 159
1619717799.519483, 160
1619717799.535364, 161
1619717799.553260, 161
1619717799.577748, 162
1619717799.600673, 161
1619717799.618500, 161
1619717799.635637, 162
1619717799.652828, 161
1619717799.672928, 161
1619717799.696036, 161
1619717799.715881, 162
1619717799.738852, 162
1619717799.755420, 161
1619717799.772609, 160
1619717799.792709, 161
1619717799.811695, 160
1619717799.832165, 160
1619717799.850001, 159
1619717799.866423, 160
1619717799.884571, 161
1619717799.902348, 160
1619717799.920814, 161
1619717799.937211, 162
1619717799.954325, 160
1619717799.972093, 159
1619717799.988504, 160
1619717800.004103, 160
1619717800.020502, 160
1619717800.036972, 161
1619717800.056066, 160
1619717800.079561, 161
1619717800.099608, 160
1619717800.116718, 160
1619717800.136372, 160
1619717800.152729, 162
1619717800.171850, 162
1619717800.188277, 160
1619717800.203953, 160
1619717800.220292, 162
1619717800.236067, 160
1619717800.252321, 161
1619717800.268925, 161
1619717800.286845, 159
1619717800.304254, 161
1619717800.329208, 160
1619717800.348790, 161
1619717800.370402, 161
1619717800.390774, 162
1619717800.409298, 162
1619717800.429443, 162
1619717800.449390, 162
1619717800.465030, 162
1619717800.481870, 161
1619717800.498992, 162
1619717800.517023, 161
1619717800.534412, 161
1619717800.555021, 161
1619717800.571726, 161
1619717800.595690, 162
1619717800.614992, 162
1619717800.632796, 163
1619717800.651292, 162
1619717800.668310, 163
1619717800.685342, 162
1619717800.702406, 161
1619717800.718858, 162
1619717800.736646, 162
1619717800.752998, 163
1619717800.771324, 162
1619717800.792746, 163
1619717800.810014, 162
1619717800.829335, 162
1619717800.848406, 163
1619717800.866859, 162
1619717800.883167, 162
1619717800.903348, 163
1619717800.947382, 161
1619717800.968609, 163
1619717800.985502, 161
1619717801.007003, 162
1619717801.024241, 162
1619717801.044691, 161
1619717801.063447, 162
1619717801.081791, 161
1619717801.102555, 163
1619717801.118777, 163
1619717801.136757, 162
1619717801.156288, 162
1619717801.173648, 163
1619717801.191356, 163
1619717801.208598, 164
1619717801.227844, 165
1619717801.247827, 165
1619717801.265739, 164
1619717801.284782, 164
1619717801.300938, 166
1619717801.316629, 165
1619717801.333721, 165
1619717801.350067, 164
1619717801.366483, 164
1619717801.384758, 164
1619717801.402622, 164
1619717801.419296, 165
1619717801.435298, 164
1619717801.451814, 164
1619717801.471675, 165
1619717801.488587, 165
1619717801.504780, 160
1619717801.541626, 163
1619717801.568307, 164
1619717801.587235, 163
1619717801.608216, 163
1619717801.628541, 164
1619717801.648172, 164
1619717801.667621, 163
1619717801.686155, 163
1619717801.703607, 163
1619717801.721701, 163
1619717801.738182, 163
1619717801.754547, 163
1619717801.771598, 163
1619717801.787989, 163
1619717801.803568, 163
1619717801.823534, 163
1619717801.843533, 162
1619717801.862716, 164
1619717801.881017, 163
1619717801.900009, 163
1619717801.920664, 163
1619717801.938206, 164
1619717801.955840, 163
1619717801.972336, 163
1619717801.989921, 163
1619717802.008350, 161
1619717802.026627, 163
1619717802.047079, 163
1619717802.064816, 162
1619717802.081077, 164
1619717802.100098, 163
1619717802.128535, 163
1619717802.155068, 164
1619717802.172217, 164
1619717802.189011, 162
1619717802.206709, 163
1619717802.224545, 163
1619717802.241742, 164
1619717802.260536, 163
1619717802.279032, 164
1619717802.298295, 163
1619717802.317760, 164
1619717802.335145, 163
1619717802.352169, 162
1619717802.369878, 165
1619717802.388243, 164
1619717802.404577, 164
1619717802.423561, 165
1619717802.440616, 166
1619717802.457542, 165
1619717802.474529, 165
1619717802.493499, 165
1619717802.512617, 165
1619717802.529536, 165
1619717802.548671, 163
1619717802.567463, 165
1619717802.586240, 164
1619717802.605867, 164
1619717802.628675, 164
1619717802.646068, 165
1619717802.663717, 165
1619717802.682786, 165
1619717802.701088, 165
1619717802.724328, 165
1619717802.741914, 165
1619717802.760828, 165
1619717802.785385, 163
1619717802.804889, 166
1619717802.822040, 165
1619717802.838326, 164
1619717802.853993, 165
1619717802.870941, 166
1619717802.887910, 164
1619717802.906304, 164
1619717802.922704, 164
1619717802.938939, 165
1619717802.956718, 164
1619717802.973591, 164
1619717802.993317, 165
1619717803.012678, 165
1619717803.032720, 164
1619717803.055234, 164
1619717803.072199, 164
1619717803.087790, 163
1619717803.104213, 163
1619717803.119819, 163
1619717803.140236, 163
1619717803.156463, 164
1619717803.177716, 165
1619717803.195963, 164
1619717803.217581, 165
1619717803.234609, 165
1619717803.250892, 165
1619717803.267962, 164
1619717803.286046, 165
1619717803.310394, 165
1619717803.335153, 165
1619717803.357335, 166
1619717803.376498, 164
1619717803.394663, 166
1619717803.413151, 165
1619717803.430754, 163
1619717803.449269, 165
1619717803.470149, 166
1619717803.487063, 164
1619717803.503383, 165
1619717803.524509, 166
1619717803.543750, 165
1619717803.564716, 164
1619717803.583643, 165
1619717803.601217, 163
1619717803.619607, 165
1619717803.637293, 165
1619717803.655747, 165
1619717803.674636, 165
1619717803.697077, 166
1619717803.716043, 165
1619717803.734979, 166
1619717803.752514, 167
1619717803.768942, 165
1619717803.785989, 164
1619717803.805348, 167
1619717803.821540, 166
1619717803.843103, 166
1619717803.867454, 166
1619717803.885291, 165
1619717803.901797, 166
1619717803.919154, 166
1619717803.949673, 165
1619717803.970665, 166
1619717803.987751, 166
1619717804.003395, 165
1619717804.019119, 166
1619717804.036134, 166
1619717804.055132, 166
1619717804.076804, 166
1619717804.094379, 165
1619717804.112147, 166
1619717804.130570, 165
1619717804.148829, 165
1619717804.168585, 166
1619717804.185128, 165
1619717804.204860, 166
1619717804.222831, 167
1619717804.239596, 167
1619717804.262675, 167
1619717804.280464, 166
1619717804.296844, 165
1619717804.315892, 166
1619717804.334284, 166
1619717804.352697, 165
1619717804.369655, 167
1619717804.385000, 166
1619717804.404445, 166
1619717804.420700, 166
1619717804.438316, 166
1619717804.453966, 165
1619717804.470991, 166
1619717804.488037, 166
1619717804.505163, 166
1619717804.524551, 167
1619717804.554534, 165
1619717804.575541, 165
1619717804.593313, 167
1619717804.613735, 166
1619717804.633311, 166
1619717804.653998, 166
1619717804.676527, 165
1619717804.695132, 165
1619717804.713400, 166
1619717804.731618, 166
1619717804.749351, 166
1619717804.766989, 167
1619717804.782718, 168
1619717804.803862, 167
1619717804.821382, 168
1619717804.839739, 167
1619717804.856760, 168
1619717804.874371, 168
1619717804.893190, 168
1619717804.911788, 168
1619717804.932303, 167
1619717804.949230, 168
1619717804.967337, 168
1619717804.984538, 169
1619717805.002985, 168
1619717805.019906, 168
1619717805.036791, 167
1619717805.056610, 169
1619717805.076389, 168
1619717805.096615, 168
1619717805.114994, 167
1619717805.148637, 168
1619717805.171493, 167
1619717805.191010, 166
1619717805.208244, 166
1619717805.228633, 167
1619717805.247527, 165
1619717805.276703, 167
1619717805.294441, 168
1619717805.313324, 167
1619717805.332387, 168
1619717805.348569, 168
1619717805.365595, 167
1619717805.383997, 169
1619717805.400359, 168
1619717805.416658, 168
1619717805.434577, 168
1619717805.451993, 168
1619717805.468413, 168
1619717805.484673, 167
1619717805.501620, 168
1619717805.518668, 168
1619717805.539079, 168
1619717805.555959, 169
1619717805.576392, 168
1619717805.596273, 166
1619717805.615149, 168
1619717805.634883, 168
1619717805.653206, 167
1619717805.670849, 167
1619717805.687817, 166
1619717805.705534, 168
1619717805.721489, 168
1619717805.759540, 167
1619717805.782195, 167
1619717805.801607, 169
1619717805.821008, 169
1619717805.838598, 169
1619717805.855617, 168
1619717805.872790, 169
1619717805.890497, 168
1619717805.911368, 168
1619717805.929282, 168
1619717805.948898, 169
1619717805.970489, 169
1619717805.987487, 169
1619717806.003844, 168
1619717806.020654, 169
1619717806.039616, 168
1619717806.059371, 169
1619717806.077024, 168
1619717806.094049, 168
1619717806.112449, 169
1619717806.129025, 169
1619717806.149135, 167
1619717806.166011, 170
1619717806.184024, 170
1619717806.201121, 167
1619717806.217686, 168
1619717806.234786, 168
1619717806.251132, 166
1619717806.268125, 167
1619717806.285006, 168
1619717806.302102, 168
1619717806.321033, 169
1619717806.348274, 168
1619717806.367271, 168
1619717806.383665, 168
1619717806.400473, 169
1619717806.417625, 169
1619717806.434525, 168
1619717806.452972, 169
1619717806.469272, 169
1619717806.486267, 168
1619717806.504584, 167
1619717806.520752, 170
1619717806.536581, 170
1619717806.553383, 170
1619717806.568921, 169
1619717806.588116, 170
1619717806.605011, 170
1619717806.621218, 168
1619717806.638520, 169
1619717806.656454, 168
1619717806.672182, 169
1619717806.689882, 168
1619717806.706896, 170
1619717806.727292, 169
1619717806.746944, 168
1619717806.765980, 169
1619717806.789070, 168
1619717806.806127, 168
1619717806.824519, 168
1619717806.842630, 169
1619717806.863139, 169
1619717806.880433, 170
1619717806.898636, 169
1619717806.920527, 169
1619717806.948625, 169
1619717806.969721, 169
1619717806.989057, 170
1619717807.005280, 169
1619717807.021611, 170
1619717807.037927, 170
1619717807.053569, 169
1619717807.069885, 168
1619717807.086242, 170
1619717807.102532, 170
1619717807.118814, 169
1619717807.135177, 170
1619717807.153045, 170
1619717807.171158, 171
1619717807.188814, 170
1619717807.204577, 170
1619717807.220713, 170
1619717807.237095, 170
1619717807.253450, 169
1619717807.271085, 169
1619717807.288765, 169
1619717807.305668, 168
1619717807.323435, 169
1619717807.339729, 168
1619717807.356149, 168
1619717807.378726, 170
1619717807.398452, 170
1619717807.415548, 170
1619717807.432884, 172
1619717807.453496, 171
1619717807.471175, 171
1619717807.488210, 170
1619717807.507376, 170
1619717807.525637, 170
1619717807.568419, 170
1619717807.590161, 171
1619717807.607794, 171
1619717807.628810, 171
1619717807.649845, 169
1619717807.668361, 171
1619717807.687229, 172
1619717807.703605, 171
1619717807.731418, 172
1619717807.750237, 171
1619717807.768118, 172
1619717807.785100, 170
1619717807.801381, 170
1619717807.818239, 172
1619717807.834721, 170
1619717807.853768, 170
1619717807.873444, 169
1619717807.894021, 171
1619717807.914293, 173
1619717807.930677, 172
1619717807.947731, 171
1619717807.966083, 171
1619717807.982717, 170
1619717808.000600, 171
1619717808.017762, 172
1619717808.035266, 172
1619717808.052926, 171
1619717808.069213, 171
1619717808.085541, 171
1619717808.104046, 171
1619717808.124673, 171
1619717808.162407, 171
1619717808.182901, 171
1619717808.200512, 172
1619717808.218141, 170
1619717808.234454, 171
1619717808.252262, 171
1619717808.269828, 171
1619717808.288500, 172
1619717808.306504, 171
1619717808.323477, 171
1619717808.340617, 170
1619717808.359497, 170
1619717808.379321, 170
1619717808.398540, 170
1619717808.415076, 170
1619717808.434361, 170
1619717808.454871, 172
1619717808.472185, 170
1619717808.491180, 171
1619717808.508831, 171
1619717808.526560, 171
1619717808.545925, 170
1619717808.565313, 171
1619717808.585820, 171
1619717808.603299, 171
1619717808.622266, 170
1619717808.639925, 173
1619717808.656965, 171
1619717808.676150, 171
1619717808.694998, 172
1619717808.716241, 171
1619717808.743027, 171
1619717808.762925, 172
1619717808.781111, 172
1619717808.797052, 174
1619717808.814408, 174
1619717808.833503, 173
1619717808.856623, 172
1619717808.875885, 172
1619717808.895070, 171
1619717808.916751, 172
1619717808.933481, 172
1619717808.951905, 172
1619717808.971007, 173
1619717808.987803, 173
1619717809.004375, 173
1619717809.021260, 173
1619717809.037856, 173
1619717809.055252, 171
1619717809.072423, 174
1619717809.089260, 174
1619717809.104840, 173
1619717809.120516, 174
1619717809.137459, 173
1619717809.157833, 173
1619717809.174840, 172
1619717809.192520, 172
1619717809.211632, 172
1619717809.230604, 172
1619717809.250988, 172
1619717809.270418, 173
1619717809.286984, 172
1619717809.306117, 171
1619717809.324849, 172
1619717809.361380, 172
1619717809.382400, 171
1619717809.399731, 171
1619717809.417599, 171
1619717809.434565, 171
1619717809.450802, 171
1619717809.467795, 172
1619717809.484875, 172
1619717809.501543, 172
1619717809.520268, 173
1619717809.539890, 171
1619717809.558934, 173
1619717809.578698, 172
1619717809.597709, 172
1619717809.617409, 173
1619717809.637973, 173
1619717809.654745, 173
1619717809.675095, 172
1619717809.694798, 173
1619717809.713959, 174
1619717809.732221, 174
1619717809.748946, 174
1619717809.769572, 173
1619717809.785924, 175
1619717809.802889, 173
1619717809.819906, 173
1619717809.836856, 174
1619717809.856982, 172
1619717809.874881, 174
1619717809.894658, 174
1619717809.913661, 174
1619717809.930038, 173
1619717809.966240, 173
1619717809.991168, 173
1619717810.008870, 173
1619717810.029022, 174
1619717810.048939, 176
1619717810.066778, 175
1619717810.084348, 175
1619717810.102405, 175
1619717810.120255, 174
1619717810.136039, 175
1619717810.153964, 174
1619717810.170189, 175
1619717810.186618, 174
1619717810.204973, 174
1619717810.223163, 174
1619717810.240428, 174
1619717810.260672, 174
1619717810.279025, 174
1619717810.297964, 174
1619717810.317406, 175
1619717810.335970, 175
1619717810.358503, 175
1619717810.382250, 176
1619717810.401407, 176
1619717810.420359, 175
1619717810.440733, 173
1619717810.462998, 173
1619717810.480851, 172
1619717810.501760, 174
1619717810.521481, 173
1619717810.546830, 172
1619717810.569647, 173
1619717810.598445, 174
1619717810.619612, 173
1619717810.638595, 173
1619717810.660687, 175
1619717810.680893, 173
1619717810.700704, 172
1619717810.722284, 174
1619717810.738522, 173
1619717810.754887, 173
1619717810.771116, 175
1619717810.790235, 175
1619717810.809989, 174
1619717810.829693, 175
1619717810.849965, 175
1619717810.868423, 174
1619717810.888211, 176
1619717810.904497, 175
1619717810.923402, 174
1619717810.941038, 176
1619717810.959960, 175
1619717810.980327, 173
1619717811.003092, 173
1619717811.018853, 174
1619717811.035683, 173
1619717811.052001, 173
1619717811.072104, 172
1619717811.088517, 174
1619717811.104989, 176
1619717811.121136, 175
1619717811.137644, 175
1619717811.162638, 176
1619717811.185085, 176
1619717811.201448, 175
1619717811.218559, 176
1619717811.236236, 176
1619717811.254353, 175
1619717811.271317, 176
1619717811.288348, 177
1619717811.303928, 176
1619717811.320360, 176
1619717811.337480, 177
1619717811.354408, 176
1619717811.384112, 175
1619717811.431916, 175
1619717811.451453, 176
1619717811.470977, 176
1619717811.492988, 176
1619717811.514752, 175
1619717811.534132, 174
1619717811.553685, 174
1619717811.571319, 174
1619717811.592869, 174
1619717811.610540, 174
1619717811.630807, 175
1619717811.649399, 174
1619717811.669881, 174
1619717811.686265, 174
1619717811.702010, 175
1619717811.719554, 175
1619717811.752337, 175
1619717811.769066, 175
1619717811.786051, 175
1619717811.803076, 175
1619717811.820218, 175
1619717811.836397, 176
1619717811.853345, 176
1619717811.870299, 175
1619717811.886564, 174
1619717811.904337, 176
1619717811.920554, 175
1619717811.936899, 175
1619717811.954631, 176
1619717811.971425, 176
1619717811.987712, 176
1619717812.004665, 175
1619717812.025566, 176
1619717812.044578, 175
1619717812.064766, 176
1619717812.086322, 176
1619717812.103413, 177
1619717812.119732, 175
1619717812.136622, 176
1619717812.152287, 176
1619717812.169843, 175
1619717812.186157, 176
1619717812.203835, 175
1619717812.220679, 176
1619717812.236173, 176
1619717812.254012, 178
1619717812.270325, 177
1619717812.286632, 177
1619717812.303001, 177
1619717812.320579, 177
1619717812.336376, 177
1619717812.362526, 177
1619717812.380919, 177
1619717812.398355, 177
1619717812.415344, 177
1619717812.436231, 177
1619717812.454281, 177
1619717812.470772, 177
1619717812.487105, 176
1619717812.506601, 176
1619717812.524785, 176
1619717812.543104, 176
1619717812.563097, 176
1619717812.583884, 177
1619717812.600358, 177
1619717812.619789, 176
1619717812.639524, 176
1619717812.660210, 176
1619717812.678926, 174
1619717812.697425, 175
1619717812.715255, 175
1619717812.732205, 174
1619717812.747907, 174
1619717812.766497, 176
1619717812.783880, 177
1619717812.803309, 177
1619717812.820437, 176
1619717812.840694, 177
1619717812.859357, 177
1619717812.876997, 178
1619717812.898359, 178
1619717812.916221, 178
1619717812.935848, 178
1619717812.958585, 178
1619717812.980473, 179
1619717813.003224, 178
1619717813.020296, 179
1619717813.039260, 177
1619717813.059375, 178
1619717813.077681, 178
1619717813.096733, 178
1619717813.114886, 178
1619717813.133766, 178
1619717813.151464, 179
1619717813.168569, 178
1619717813.185417, 178
1619717813.203680, 178
1619717813.221295, 177
1619717813.240795, 177
1619717813.260474, 176
1619717813.280825, 175
1619717813.300288, 175
1619717813.319006, 174
1619717813.336033, 176
1619717813.354240, 177
1619717813.371324, 176
1619717813.388269, 178
1619717813.405185, 178
1619717813.422946, 177
1619717813.439016, 177
1619717813.454882, 176
1619717813.472571, 176
1619717813.490134, 177
1619717813.505963, 177
1619717813.522106, 178
1619717813.538503, 179
1619717813.563757, 178
1619717813.590708, 177
1619717813.613936, 178
1619717813.633756, 177
1619717813.654014, 177
1619717813.671104, 177
1619717813.691934, 179
1619717813.712442, 177
1619717813.732269, 179
1619717813.749368, 179
1619717813.766936, 177
1619717813.787759, 178
1619717813.804784, 178
1619717813.823797, 178
1619717813.842753, 179
1619717813.860979, 178
1619717813.879305, 179
1619717813.896347, 178
1619717813.915634, 180
1619717813.934797, 180
1619717813.951708, 180
1619717813.968673, 178
1619717813.984972, 178
1619717814.003381, 179
1619717814.020145, 178
1619717814.037140, 179
1619717814.056795, 178
1619717814.075569, 179
1619717814.094577, 179
1619717814.112295, 178
1619717814.131550, 178
1619717814.172862, 179
1619717814.188436, 179
1619717814.204691, 178
1619717814.222599, 178
1619717814.240107, 178
1619717814.258285, 178
1619717814.276613, 177
1619717814.296286, 179
1619717814.316635, 177
1619717814.334640, 177
1619717814.351717, 177
1619717814.368616, 178
1619717814.387013, 178
1619717814.406094, 178
1619717814.424332, 178
1619717814.448898, 178
1619717814.467567, 179
1619717814.484208, 179
1619717814.501782, 178
1619717814.519328, 179
1619717814.538245, 178
1619717814.556157, 178
1619717814.576477, 179
1619717814.594686, 179
1619717814.613624, 179
1619717814.631251, 178
1619717814.652043, 178
1619717814.671626, 178
1619717814.688674, 179
1619717814.705109, 178
1619717814.724564, 179
1619717814.742909, 177
1619717814.776632, 180
1619717814.797785, 179
1619717814.814623, 179
1619717814.832713, 178
1619717814.852395, 180
1619717814.869869, 179
1619717814.888235, 178
1619717814.904318, 178
1619717814.920896, 178
1619717814.937028, 179
1619717814.952715, 177
1619717814.970437, 179
1619717814.988495, 179
1619717815.009496, 178
1619717815.026888, 178
1619717815.046692, 179
1619717815.064754, 179
1619717815.081912, 179
1619717815.098733, 177
1619717815.115376, 179
1619717815.133988, 179
1619717815.150008, 179
1619717815.166883, 179
1619717815.186700, 179
1619717815.204324, 180
1619717815.221371, 179
1619717815.237379, 180
1619717815.253554, 179
1619717815.270838, 179
1619717815.289520, 178
1619717815.305648, 179
1619717815.321720, 180
1619717815.338503, 178
1619717815.369357, 179
1619717815.390338, 179
1619717815.407091, 178
1619717815.424467, 178
1619717815.442423, 178
1619717815.460958, 178
1619717815.480758, 178
1619717815.499576, 178
1619717815.516735, 177
1619717815.533426, 178
1619717815.554940, 180
1619717815.577096, 180
1619717815.597127, 180
1619717815.616653, 180
1619717815.635123, 181
1619717815.653701, 181
1619717815.671067, 180
1619717815.688994, 180
1619717815.704953, 181
1619717815.721185, 180
1619717815.737926, 180
1619717815.754645, 180
1619717815.772794, 179
1619717815.788727, 181
1619717815.804441, 181
1619717815.823013, 181
1619717815.840462, 180
1619717815.858993, 181
1619717815.877624, 181
1619717815.897469, 181
1619717815.914737, 181
1619717815.934036, 181
1619717815.960634, 179
1619717815.988365, 181
1619717816.009393, 179
1619717816.030494, 180
1619717816.049003, 182
1619717816.066949, 179
1619717816.084261, 180
1619717816.109005, 182
1619717816.126921, 181
1619717816.144885, 181
1619717816.165322, 181
1619717816.182131, 181
1619717816.206207, 180
1619717816.224295, 180
1619717816.241857, 181
1619717816.259852, 180
1619717816.278731, 181
1619717816.296674, 181
1619717816.315987, 181
1619717816.333258, 182
1619717816.351454, 181
1619717816.367903, 181
1619717816.385278, 181
1619717816.401964, 181
1619717816.419401, 180
1619717816.436801, 180
1619717816.452730, 181
1619717816.469481, 181
1619717816.486746, 179
1619717816.516639, 178
1619717816.532743, 181
1619717816.555750, 180
1619717816.603904, 180
1619717816.642746, 180
1619717816.660739, 180
1619717816.684338, 180
1619717816.705530, 180
1619717816.722575, 180
1619717816.738188, 181
1619717816.754804, 182
1619717816.771529, 181
1619717816.788305, 180
1619717816.806214, 181
1619717816.827266, 181
1619717816.845346, 181
1619717816.865738, 181
1619717816.886643, 181
1619717816.907180, 181
1619717816.933766, 180
1619717816.950976, 181
1619717816.980203, 182
1619717817.000566, 181
1619717817.023457, 182
1619717817.043251, 182
1619717817.063108, 182
1619717817.082222, 182
1619717817.100202, 180
1619717817.118075, 180
1619717817.134171, 181
1619717817.152271, 179
1619717817.179383, 181
1619717817.199348, 181
1619717817.217122, 181
1619717817.234625, 181
1619717817.250598, 182
1619717817.269762, 183
1619717817.286540, 181
1619717817.303177, 182
1619717817.320604, 182
1619717817.337789, 182
1619717817.358363, 183
1619717817.376834, 182
1619717817.395518, 182
1619717817.416605, 181
1619717817.433173, 181
1619717817.450580, 182
1619717817.467321, 182
1619717817.484135, 183
1619717817.501361, 181
1619717817.518781, 183
1619717817.537947, 182
1619717817.555262, 181
1619717817.571978, 181
1619717817.588783, 182
1619717817.604794, 182
1619717817.623388, 181
1619717817.642099, 181
1619717817.663799, 181
1619717817.683471, 181
1619717817.700975, 182
1619717817.718749, 182
1619717817.738071, 181
1619717817.754013, 181
1619717817.778680, 182
1619717817.802393, 184
1619717817.820349, 183
1619717817.840249, 184
1619717817.858085, 183
1619717817.877982, 184
1619717817.897767, 184
1619717817.914648, 183
1619717817.933012, 182
1619717817.949744, 183
1619717817.968358, 183
1619717817.984403, 183
1619717818.003527, 183
1619717818.020373, 183
1619717818.037164, 182
1619717818.054950, 183
1619717818.071594, 184
1619717818.091589, 184
1619717818.108735, 183
1619717818.128665, 184
1619717818.147763, 183
1619717818.166411, 183
1619717818.184419, 182
1619717818.200478, 182
1619717818.219871, 182
1619717818.236909, 181
1619717818.256360, 182
1619717818.275699, 183
1619717818.294272, 183
1619717818.313816, 183
1619717818.330757, 181
1619717818.348198, 183
1619717818.390724, 182
1619717818.407215, 183
1619717818.424385, 183
1619717818.442599, 183
1619717818.460131, 184
1619717818.480598, 183
1619717818.498308, 182
1619717818.514386, 182
1619717818.531631, 183
1619717818.550279, 183
1619717818.568490, 182
1619717818.586132, 182
1619717818.604081, 182
1619717818.620595, 183
1619717818.642679, 183
1619717818.664999, 184
1619717818.684929, 184
1619717818.702804, 184
1619717818.723834, 182
1619717818.741805, 183
1619717818.761024, 184
1619717818.780843, 183
1619717818.797568, 182
1619717818.817405, 183
1619717818.834183, 182
1619717818.850181, 181
1619717818.868207, 183
1619717818.886888, 182
1619717818.905385, 183
1619717818.924366, 184
1619717818.941485, 184
1619717818.967177, 183
1619717818.990751, 183
1619717819.010957, 183
1619717819.032141, 184
1619717819.050113, 184
1619717819.068808, 183
1619717819.087573, 183
1619717819.103625, 183
1619717819.120380, 184
1619717819.136337, 184
1619717819.154011, 183
1619717819.170087, 184
1619717819.186692, 184
1619717819.202766, 184
1619717819.221180, 184
1619717819.237712, 184
1619717819.253780, 183
1619717819.270373, 184
1619717819.287010, 184
1619717819.305222, 184
1619717819.323318, 185
1619717819.343389, 185
1619717819.362892, 182
1619717819.382555, 183
1619717819.400534, 184
1619717819.418235, 183
1619717819.436138, 182
1619717819.452669, 183
1619717819.469316, 184
1619717819.488433, 184
1619717819.504507, 183
1619717819.521029, 185
1619717819.538618, 184
1619717819.556125, 183
1619717819.582132, 184
1619717819.614069, 184
1619717819.632072, 185
1619717819.653991, 185
1619717819.671533, 185
1619717819.694719, 185
1619717819.715117, 184
1619717819.735342, 184
1619717819.751920, 184
1619717819.772718, 186
1619717819.792875, 185
1619717819.812622, 184
1619717819.830252, 184
1619717819.848690, 185
1619717819.866435, 185
1619717819.884698, 185
1619717819.902064, 186
1619717819.919312, 183
1619717819.937058, 184
1619717819.958005, 183
1619717819.975652, 183
1619717819.994163, 183
1619717820.012061, 185
1619717820.029167, 183
1619717820.052864, 184
1619717820.069483, 184
1619717820.086113, 185
1619717820.101533, 185
1619717820.119341, 184
1619717820.136767, 186
1619717820.153931, 186
1619717820.177742, 186
1619717820.194207, 185
1619717820.212820, 185
1619717820.230517, 185
1619717820.250641, 186
1619717820.269351, 185
1619717820.285608, 185
1619717820.301103, 185
1619717820.317098, 185
1619717820.334935, 185
1619717820.353347, 186
1619717820.369367, 185
1619717820.385315, 184
1619717820.402558, 185
1619717820.418569, 186
1619717820.435869, 185
1619717820.453092, 185
1619717820.472065, 186
1619717820.489309, 185
1619717820.509473, 183
1619717820.530859, 184
1619717820.549820, 185
1619717820.569597, 185
1619717820.587241, 184
1619717820.603751, 186
1619717820.624753, 186
1619717820.644266, 185
1619717820.664498, 185
1619717820.685137, 185
1619717820.702381, 185
1619717820.719809, 185
1619717820.739454, 186
1619717820.758046, 185
1619717820.777262, 185
1619717820.796856, 185
1619717820.814593, 184
1619717820.833818, 185
1619717820.851854, 185
1619717820.871572, 186
1619717820.889812, 186
1619717820.907019, 185
1619717820.927067, 186
1619717820.946181, 186
1619717820.968617, 185
1619717820.984754, 187
1619717821.001142, 187
1619717821.020710, 186
1619717821.038399, 188
1619717821.059285, 186
1619717821.079618, 186
1619717821.098977, 186
1619717821.119138, 186
1619717821.135797, 186
1619717821.154712, 187
1619717821.173077, 186
1619717821.189778, 187
1619717821.206327, 188
1619717821.224114, 186
1619717821.243775, 188
1619717821.260944, 187
1619717821.278316, 187
1619717821.297300, 188
1619717821.314722, 187
1619717821.332340, 187
1619717821.350620, 187
1619717821.382049, 188
1619717821.409420, 186
1619717821.429960, 186
1619717821.449138, 187
1619717821.468890, 187
1619717821.485459, 189
1619717821.503476, 187
1619717821.520270, 189
1619717821.537804, 188
1619717821.559304, 187
1619717821.576519, 188
1619717821.594296, 189
1619717821.611943, 188
1619717821.631010, 186
1619717821.649275, 187
1619717821.666108, 187
1619717821.686971, 187
1619717821.704229, 188
1619717821.724331, 187
1619717821.740913, 187
1619717821.758770, 189
1619717821.778764, 188
1619717821.796405, 187
1619717821.817517, 188
1619717821.834741, 187
1619717821.851943, 188
1619717821.872263, 188
1619717821.888741, 188
1619717821.908907, 186
1619717821.928670, 186
1619717821.948154, 188
1619717821.971477, 187
1619717821.993626, 188
1619717822.014665, 188
1619717822.033013, 188
1619717822.051371, 187
1619717822.069170, 188
1619717822.086528, 188
1619717822.109554, 189
1619717822.127002, 188
1619717822.147527, 188
1619717822.167211, 189
1619717822.183782, 187
1619717822.202835, 187
1619717822.224258, 187
1619717822.242609, 187
1619717822.262158, 187
1619717822.281736, 187
1619717822.298937, 187
1619717822.315849, 188
1619717822.333381, 188
1619717822.351136, 189
1619717822.367200, 190
1619717822.384278, 189
1619717822.402010, 189
1619717822.419180, 189
1619717822.438805, 189
1619717822.457190, 187
1619717822.475546, 188
1619717822.497578, 187
1619717822.516431, 187
1619717822.534040, 188
1619717822.553726, 188
1619717822.570892, 188
1619717822.599975, 188
1619717822.621992, 188
1619717822.639722, 189
1619717822.658727, 188
1619717822.678346, 188
1619717822.697917, 189
1619717822.716503, 188
1619717822.733540, 188
1619717822.751937, 188
1619717822.768529, 188
1619717822.789954, 188
1619717822.807171, 187
1619717822.824921, 189
1619717822.843922, 188
1619717822.866955, 187
1619717822.883731, 190
1619717822.901010, 189
1619717822.917548, 189
1619717822.935424, 188
1619717822.952779, 190
1619717822.970449, 190
1619717822.988305, 188
1619717823.004854, 189
1619717823.024486, 189
1619717823.042270, 189
1619717823.060071, 188
1619717823.076700, 189
1619717823.095702, 190
1619717823.117699, 190
1619717823.135153, 188
1619717823.152244, 189
1619717823.171188, 190
1619717823.202414, 188
1619717823.222112, 188
1619717823.238917, 188
1619717823.253994, 189
1619717823.270779, 189
1619717823.288154, 188
1619717823.304635, 190
1619717823.322029, 189
1619717823.340337, 187
1619717823.358672, 189
1619717823.379085, 187
1619717823.398516, 188
1619717823.416512, 189
1619717823.433541, 188
1619717823.450106, 188
1619717823.469163, 190
1619717823.485165, 189
1619717823.502452, 189
1619717823.520763, 189
1619717823.536267, 189
1619717823.553976, 188
1619717823.571442, 187
1619717823.588467, 189
1619717823.606546, 187
1619717823.625013, 189
1619717823.643996, 189
1619717823.662496, 189
1619717823.682025, 188
1619717823.701520, 190
1619717823.718090, 188
1619717823.735781, 188
1619717823.751866, 189
1619717823.768012, 189
1619717823.783848, 189
1619717823.803528, 191
1619717823.821576, 189
1619717823.840266, 189
1619717823.856872, 190
1619717823.873688, 189
1619717823.895256, 189
1619717823.913518, 189
1619717823.935956, 188
1619717823.953207, 188
1619717823.969067, 190
1619717823.985849, 189
1619717824.003611, 188
1619717824.020339, 188
1619717824.038078, 189
1619717824.054729, 189
1619717824.073170, 189
1619717824.090916, 189
1619717824.109324, 189
1619717824.132653, 190
1619717824.152140, 191
1619717824.169437, 190
1619717824.187699, 190
1619717824.205474, 191
1619717824.224431, 191
1619717824.240769, 191
1619717824.259935, 190
1619717824.277200, 190
1619717824.296441, 190
1619717824.315214, 191
1619717824.331848, 191
1619717824.348487, 191
1619717824.366219, 190
1619717824.404340, 190
1619717824.425518, 190
1619717824.445800, 190
1619717824.466189, 190
1619717824.483534, 191
1619717824.500356, 191
1619717824.519779, 191
1619717824.536423, 189
1619717824.552440, 188
1619717824.569095, 190
1619717824.586391, 188
1619717824.605151, 188
1619717824.624839, 190
1619717824.643327, 189
1619717824.662392, 190
1619717824.680695, 189
1619717824.698580, 191
1619717824.716471, 192
1619717824.733901, 192
1619717824.750794, 191
1619717824.767992, 191
1619717824.784879, 191
1619717824.804466, 191
1619717824.822658, 191
1619717824.842150, 191
1619717824.862362, 191
1619717824.878803, 191
1619717824.895620, 191
1619717824.912293, 191
1619717824.932077, 191
1619717824.950255, 192
1619717824.966865, 191
1619717825.007854, 191
1619717825.026891, 192
1619717825.046476, 191
1619717825.065757, 190
1619717825.083834, 191
1619717825.100825, 191
1619717825.118628, 190
1619717825.135563, 190
1619717825.155759, 190
1619717825.173743, 190
1619717825.196348, 190
1619717825.214241, 191
1619717825.233131, 191
1619717825.250349, 191
1619717825.267557, 190
1619717825.284944, 192
1619717825.301456, 191
1619717825.319056, 190
1619717825.335746, 192
1619717825.353524, 191
1619717825.370887, 189
1619717825.387350, 192
1619717825.404845, 191
1619717825.424117, 191
1619717825.441902, 191
1619717825.460411, 191
1619717825.478837, 190
1619717825.499506, 189
1619717825.519430, 190
1619717825.535250, 189
1619717825.552211, 192
1619717825.571342, 190
1619717825.613172, 191
1619717825.635299, 192
1619717825.653001, 190
1619717825.673884, 190
1619717825.693037, 190
1619717825.714083, 191
1619717825.733659, 190
1619717825.750636, 191
1619717825.767338, 191
1619717825.784064, 191
1619717825.800152, 191
1619717825.818645, 192
1619717825.835513, 192
1619717825.852718, 192
1619717825.869353, 191
1619717825.885369, 191
1619717825.901964, 191
1619717825.921501, 191
1619717825.937651, 191
1619717825.954154, 192
1619717825.970879, 192
1619717825.990853, 191
1619717826.052329, 190
1619717826.068634, 192
1619717826.088395, 192
1619717826.106673, 192
1619717826.126963, 191
1619717826.144204, 192
1619717826.164298, 192
1619717826.180940, 192
1619717826.201130, 193
1619717826.218934, 193
1619717826.236640, 191
1619717826.253586, 191
1619717826.269891, 190
1619717826.285338, 191
1619717826.302130, 190
1619717826.318679, 192
1619717826.334688, 192
1619717826.351211, 191
1619717826.368704, 190
1619717826.385058, 192
1619717826.413700, 191
1619717826.440974, 192
1619717826.457535, 191
1619717826.477168, 191
1619717826.497868, 192
1619717826.528367, 192
1619717826.558990, 191
1619717826.582773, 192
1619717826.601790, 191
1619717826.619360, 192
1619717826.638556, 193
1619717826.655201, 192
1619717826.672637, 191
1619717826.692591, 192
1619717826.711592, 192
1619717826.730227, 191
1619717826.747747, 194
1619717826.765740, 193
1619717826.782790, 193
1619717826.802081, 193
1619717826.824227, 193
1619717826.849265, 191
1619717826.866502, 193
1619717826.883977, 192
1619717826.900906, 192
1619717826.920066, 193
1619717826.937815, 191
1619717826.955041, 193
1619717826.976436, 194
1619717826.993540, 194
1619717827.012331, 193
1619717827.030347, 193
1619717827.048683, 193
1619717827.066028, 193
1619717827.082538, 193
1619717827.100941, 194
1619717827.117036, 194
1619717827.133183, 194
1619717827.149633, 194
1619717827.166280, 193
1619717827.184707, 193
1619717827.202455, 192
1619717827.222685, 192
1619717827.240003, 193
1619717827.257754, 193
1619717827.278898, 192
1619717827.297487, 194
1619717827.316499, 193
1619717827.338273, 191
1619717827.355680, 193
1619717827.372085, 192
1619717827.393736, 193
1619717827.416314, 194
1619717827.432434, 191
1619717827.448436, 192
1619717827.465359, 192
1619717827.482683, 192
1619717827.499908, 192
1619717827.517246, 192
1619717827.534451, 192
1619717827.551056, 193
1619717827.572636, 193
1619717827.590222, 194
1619717827.609795, 193
1619717827.630660, 192
1619717827.650724, 192
1619717827.668198, 193
1619717827.687607, 193
1619717827.703621, 193
1619717827.720418, 193
1619717827.736465, 195
1619717827.752563, 193
1619717827.770056, 193
1619717827.786803, 194
1619717827.806347, 194
1619717827.823904, 194
1619717827.840157, 193
1619717827.859759, 192
1619717827.879500, 193
1619717827.898563, 194
1619717827.916664, 194
1619717827.934434, 192
1619717827.951589, 193
1619717827.968605, 194
1619717827.996608, 194
1619717828.015930, 194
1619717828.034332, 192
1619717828.052719, 193
1619717828.072145, 193
1619717828.090439, 192
1619717828.110577, 194
1619717828.129591, 193
1619717828.147373, 192
1619717828.168379, 195
1619717828.188370, 193
1619717828.204835, 192
1619717828.224252, 193
1619717828.241979, 194
1619717828.259242, 192
1619717828.277536, 194
1619717828.296186, 193
1619717828.312603, 195
1619717828.330978, 194
1619717828.351758, 194
1619717828.368927, 193
1619717828.385601, 192
1619717828.402887, 194
1619717828.420696, 193
1619717828.439196, 194
1619717828.456250, 194
1619717828.474608, 193
1619717828.494106, 194
1619717828.512895, 195
1619717828.531633, 194
1619717828.548293, 195
1619717828.566222, 195
1619717828.583297, 193
1619717828.620569, 194
1619717828.641485, 193
1619717828.662916, 194
1619717828.685448, 193
1619717828.702753, 193
1619717828.719726, 195
1619717828.740116, 195
1619717828.760256, 194
1619717828.780456, 194
1619717828.798137, 194
1619717828.815994, 194
1619717828.832596, 196
1619717828.850159, 195
1619717828.867192, 194
1619717828.883592, 194
1619717828.903230, 194
1619717828.919869, 194
1619717828.935865, 195
1619717828.953689, 193
1619717828.969497, 193
1619717828.985365, 195
1619717829.002621, 195
1619717829.020188, 196
1619717829.038159, 194
1619717829.054364, 195
1619717829.071871, 195
1619717829.089122, 193
1619717829.105739, 195
1619717829.121154, 195
1619717829.137311, 194
1619717829.153861, 196
1619717829.169802, 195
1619717829.185999, 195
1619717829.216471, 196
1619717829.235825, 196
1619717829.254688, 196
1619717829.275791, 196
1619717829.295546, 195
1619717829.313952, 195
1619717829.331368, 195
1619717829.350407, 195
1619717829.368195, 197
1619717829.384449, 196
1619717829.401438, 196
1619717829.418616, 195
1619717829.436203, 196
1619717829.452463, 196
1619717829.469761, 196
1619717829.486150, 196
1619717829.501758, 196
1619717829.517968, 196
1619717829.535076, 196
1619717829.553382, 196
1619717829.571195, 197
1619717829.595015, 196
1619717829.615225, 195
1619717829.634945, 197
1619717829.655563, 196
1619717829.672606, 196
1619717829.696791, 195
1619717829.714323, 196
1619717829.733094, 196
1619717829.750833, 195
1619717829.768712, 196
1619717829.787612, 195
1619717829.815411, 195
1619717829.840610, 195
1619717829.861399, 196
1619717829.881754, 194
1619717829.899259, 196
1619717829.917206, 196
1619717829.935358, 196
1619717829.952000, 197
1619717829.972666, 198
1619717829.991166, 198
1619717830.012399, 196
1619717830.029755, 198
1619717830.048674, 197
1619717830.065256, 197
1619717830.081818, 197
1619717830.102159, 198
1619717830.118654, 197
1619717830.135353, 197
1619717830.154622, 198
1619717830.172287, 197
1619717830.190344, 195
1619717830.208422, 197
1619717830.225760, 196
1619717830.242400, 196
1619717830.260647, 196
1619717830.279492, 196
1619717830.298883, 195
1619717830.317081, 195
1619717830.333605, 195
1619717830.350196, 196
1619717830.366747, 196
1619717830.388680, 194
1619717830.418077, 195
1619717830.436968, 196
1619717830.456463, 195
1619717830.474555, 195
1619717830.491355, 195
1619717830.510619, 196
1619717830.528198, 196
1619717830.565288, 195
1619717830.582942, 197
1619717830.600038, 196
1619717830.616984, 198
1619717830.634236, 197
1619717830.651488, 197
1619717830.668153, 197
1619717830.686142, 196
1619717830.702735, 197
1619717830.718632, 197
1619717830.735958, 197
1619717830.753051, 197
1619717830.771165, 197
1619717830.787707, 198
1619717830.803630, 196
1619717830.820920, 198
1619717830.837550, 197
1619717830.854066, 198
1619717830.872322, 197
1619717830.892597, 196
1619717830.910114, 198
1619717830.929974, 197
1619717830.948236, 197
1619717830.966009, 199
1619717830.983353, 195
1619717831.011271, 197
1619717831.030048, 197
1619717831.051036, 197
1619717831.068023, 197
1619717831.084557, 196
1619717831.101943, 195
1619717831.122376, 197
1619717831.139346, 197
1619717831.156848, 196
1619717831.175303, 197
1619717831.194978, 197
1619717831.214158, 196
1619717831.231114, 196
1619717831.248314, 197
1619717831.265056, 196
1619717831.282552, 196
1619717831.299558, 198
1619717831.318253, 197
1619717831.336414, 196
1619717831.355486, 197
1619717831.375376, 197
1619717831.392429, 196
1619717831.409937, 198
1619717831.434709, 198
1619717831.451390, 197
1619717831.468979, 198
1619717831.485482, 198
1619717831.501092, 197
1619717831.518103, 197
1619717831.534453, 197
1619717831.551449, 197
1619717831.569036, 198
1619717831.590435, 197
1619717831.619763, 196
1619717831.643200, 197
1619717831.661942, 196
1619717831.680738, 197
1619717831.700451, 197
1619717831.720504, 198
1619717831.737833, 197
1619717831.754221, 198
1619717831.770570, 198
1619717831.787227, 197
1619717831.803300, 197
1619717831.819911, 198
1619717831.837023, 198
1619717831.854568, 197
1619717831.873066, 197
1619717831.894135, 197
1619717831.912199, 197
1619717831.932945, 198
1619717831.950213, 198
1619717831.967067, 197
1619717831.985817, 198
1619717832.002061, 199
1619717832.017948, 198
1619717832.034961, 198
1619717832.052451, 198
1619717832.069957, 197
1619717832.086328, 197
1619717832.106776, 198
1619717832.124478, 197
1619717832.143573, 198
1619717832.162453, 199
1619717832.180522, 198
1619717832.203593, 197
1619717832.235431, 197
1619717832.257658, 196
1619717832.275827, 197
1619717832.294450, 196
1619717832.313888, 197
1619717832.332462, 198
1619717832.348643, 197
1619717832.368728, 198
1619717832.385072, 199
1619717832.405849, 197
1619717832.423097, 199
1619717832.440738, 198
1619717832.459380, 197
1619717832.478681, 198
1619717832.500818, 198
1619717832.517195, 199
1619717832.533604, 198
1619717832.552531, 199
1619717832.568408, 198
1619717832.586300, 197
1619717832.603198, 199
1619717832.620729, 198
1619717832.637635, 198
1619717832.655185, 197
1619717832.672829, 197
1619717832.693239, 197
1619717832.711468, 199
1619717832.729570, 199
1619717832.748334, 198
1619717832.766723, 199
1619717832.785574, 196
1619717832.814272, 198
1619717832.835325, 198
1619717832.853416, 199
1619717832.869943, 198
1619717832.888589, 199
1619717832.905420, 199
1619717832.925853, 200
1619717832.945761, 199
1619717832.965531, 199
1619717832.983290, 200
1619717833.000593, 199
1619717833.017587, 198
1619717833.034912, 199
1619717833.051448, 199
1619717833.068492, 199
1619717833.084036, 199
1619717833.104014, 199
1619717833.121411, 200
1619717833.141428, 199
1619717833.160122, 199
1619717833.180259, 198
1619717833.199571, 198
1619717833.216281, 199
1619717833.233127, 199
1619717833.250087, 200
1619717833.267047, 199
1619717833.284746, 200
1619717833.300517, 198
1619717833.319304, 198
1619717833.335449, 198
1619717833.353248, 200
1619717833.370320, 199
1619717833.387328, 199
1619717833.411668, 198
1619717833.441106, 199
1619717833.459215, 198
1619717833.477288, 198
1619717833.499640, 198
1619717833.517695, 200
1619717833.534058, 199
1619717833.549892, 199
1619717833.568675, 199
1619717833.588131, 200
1619717833.604571, 200
1619717833.624795, 199
1619717833.644693, 199
1619717833.665000, 199
1619717833.683823, 200
1619717833.700677, 200
1619717833.718856, 199
1619717833.736480, 199
1619717833.752246, 200
1619717833.768620, 200
1619717833.784903, 200
1619717833.803782, 198
1619717833.821098, 199
1619717833.837520, 199
1619717833.856852, 199
1619717833.874910, 200
1619717833.894125, 199
1619717833.912434, 200
1619717833.932301, 200
1619717833.949755, 200
1619717833.968642, 200
1619717833.984839, 199
1619717834.005975, 198
1619717834.032384, 200
1619717834.049776, 200
1619717834.069688, 199
1619717834.086287, 200
1619717834.105346, 199
1619717834.122938, 199
1619717834.139283, 200
1619717834.156787, 201
1619717834.176406, 199
1619717834.195348, 200
1619717834.213607, 201
1619717834.233367, 200
1619717834.249767, 201
1619717834.265572, 200
1619717834.281942, 200
1619717834.300629, 200
1619717834.322856, 199
1619717834.340394, 200
1619717834.357507, 200
1619717834.377262, 201
1619717834.395949, 201
1619717834.414726, 201
1619717834.432201, 202
1619717834.449171, 201
1619717834.465496, 201
1619717834.483064, 200
1619717834.504645, 200
1619717834.521836, 201
1619717834.537693, 200
1619717834.554010, 201
1619717834.570481, 201
1619717834.587544, 200
1619717834.605703, 198
1619717834.627226, 199
1619717834.649307, 200
1619717834.667446, 199
1619717834.685776, 200
1619717834.705085, 200
1619717834.721513, 201
1619717834.738488, 201
1619717834.755572, 200
1619717834.775253, 201
1619717834.793999, 201
1619717834.811294, 200
1619717834.831434, 201
1619717834.852734, 201
1619717834.870952, 199
1619717834.886944, 201
1619717834.903369, 200
1619717834.923197, 200
1619717834.941950, 201
1619717834.961874, 201
1619717834.980496, 200
1619717834.998295, 199
1619717835.015564, 201
1619717835.034962, 201
1619717835.051828, 200
1619717835.068269, 201
1619717835.088671, 202
1619717835.106246, 201
1619717835.128465, 202
1619717835.146765, 201
1619717835.165914, 201
1619717835.183424, 202
1619717835.200437, 198
1619717835.229099, 200
1619717835.250048, 200
1619717835.269984, 200
1619717835.287473, 200
1619717835.303294, 200
1619717835.320627, 201
1619717835.337674, 201
1619717835.356391, 201
1619717835.373057