1619724905.621538 8.33
1619724905.745260 12.6
1619724905.865808 14.1
1619724905.991168 17.7
1619724906.121244 17.0
1619724906.251218 15.9
1619724906.377180 15.9
1619724906.501994 13.8
1619724906.624039 16.9
1619724906.749053 17.2
1619724906.875067 17.6
1619724907.005133 16.0
1619724907.147597 15.0
1619724907.270839 16.7
1619724907.395601 16.3
1619724907.522669 15.9
1619724907.646634 13.4
1619724907.767682 13.4
1619724907.893699 17.1
1619724908.018744 15.4
1619724908.142781 16.5
1619724908.267827 15.9
1619724908.391853 11.7
1619724908.510940 16.6
1619724908.634904 16.6
1619724908.798200 11.6
1619724908.970620 13.1
1619724909.092619 14.8
1619724909.218596 14.8
1619724909.342592 15.4
1619724909.466617 14.4
1619724909.589697 16.8
1619724909.714760 12.8
1619724909.838872 15.0
1619724909.961959 17.3
1619724910.086872 17.1
1619724910.211990 17.2
1619724910.339966 15.8
1619724910.464187 15.5
1619724910.592148 14.3
1619724910.716111 12.7
1619724910.840096 15.8
1619724910.965076 15.0
1619724911.090298 15.0
1619724911.214756 13.8
1619724911.345075 14.1
1619724911.467114 17.5
1619724911.594159 12.9
1619724911.720212 11.4
1619724911.841226 11.3
1619724911.965193 15.4
1619724912.088439 17.7
1619724912.214257 17.1
1619724912.339580 14.9
1619724912.465681 16.4
1619724912.600672 16.1
1619724912.729578 16.6
1619724912.853649 15.8
1619724912.978041 17.1
1619724913.103204 16.8
1619724913.227413 12.4
1619724913.347222 17.4
1619724913.472293 16.8
1619724913.612294 15.6
1619724913.738319 16.0
1619724913.862370 17.6
1619724913.988979 17.4
1619724914.174027 18.3
1619724914.304148 21.9
1619724914.433839 18.8
1619724914.561595 22.9
1619724914.692685 22.7
1619724914.823723 19.3
1619724914.964908 18.5
1619724915.095784 16.9
1619724915.222799 20.0
1619724915.351045 20.7
1619724915.481849 21.2
1619724915.610872 70.6
1619724915.790899 827
1619724916.728965 80.8
1619724916.917941 126
1619724917.153151 154
1619724917.418126 180
1619724917.707172 177
1619724917.993383 177
1619724918.280415 178
1619724918.568840 171
1619724918.852644 172
1619724919.134665 97.7
1619724919.341706 49.2
1619724919.500738 53.3
1619724919.667260 56.6
1619724919.834820 61.7
1619724920.004118 63.4
1619724920.175949 68.8
1619724920.358938 70.0
1619724920.537082 72.7
1619724920.720082 76.3
1619724920.904075 60.1
1619724921.073094 43.3
1619724921.224493 48.4
1619724921.382239 50.7
1619724921.541207 53.6
1619724921.705253 57.3
1619724921.872410 60.8
1619724922.043416 65.3
1619724922.225141 69.2
1619724922.403172 70.9
1619724922.583428 75.5
1619724922.769325 78.2
1619724922.957300 81.2
1619724923.148438 43.0
1619724923.301410 46.8
1619724923.458440 50.6
1619724923.617873 51.9
1619724923.778504 58.1
1619724923.944635 59.8
1619724924.115544 63.8
1619724924.289605 68.1
1619724924.466676 71.3
1619724924.648663 73.2
1619724924.829694 76.9
1619724925.013828 79.8
1619724925.205937 79.0
1619724925.393848 43.4
1619724925.544894 50.4
1619724925.705102 507
1619724926.322697 519
1619724926.953735 533
1619724927.595460 559
1619724928.262557 559
1619724928.930085 580
1619724929.621681 569
1619724930.300667 606
1619724931.015376 631
1619724931.755326 643
1619724932.506507 655
1619724933.269706 655
1619724934.033877 676
1619724934.824636 688
1619724935.623656 67.1
1619724935.805507 22.3
1619724935.935417 20.9
1619724936.063496 15.2
1619724936.187530 25.0
1619724936.321535 23.7
1619724936.453561 27.0
1619724936.589646 26.8
1619724936.725590 31.3
1619724936.868857 29.0
1619724937.008695 19.9
1619724937.139677 16.7
1619724937.266751 18.5
1619724937.395800 22.4
1619724937.529596 22.7
1619724937.667446 24.8
1619724937.802493 14.9
1619724937.927851 17.0
1619724938.054878 18.8
1619724938.190913 20.3
1619724948.435455 734
1619724949.281014 763
1619724950.151832 788
1619724951.049467 787
1619724951.945167 813
1619724952.867006 823
1619724953.800270 800
1619724954.709141 413
1619724955.232075 412
1619724955.754372 5.10
1619724955.884586 8.12
1619724956.001572 7.45
1619724956.120630 8.01
1619724956.238457 9.72
1619724956.356818 12.0
1619724956.486038 9.82
1619724956.605012 12.0
1619724956.725829 9.77
1619724956.844236 10.8
1619724956.964085 12.8
1619724957.118068 9.44
1619724957.235207 12.3
1619724957.357164 12.9
1619724957.481180 17.5
1619724957.607375 11.6
1619724957.726385 10.8
1619724957.845491 17.7
1619724957.971584 9.47
1619724958.089478 5.74
1619724958.203508 9.51
1619724958.320547 9.95
1619724958.438518 10.2
1619724958.557560 7.90
1619724958.675626 8.44
1619724958.792865 10.4
1619724958.912293 11.3
1619724959.032087 13.5
1619724959.153336 13.2
1619724959.274564 13.4
1619724959.397759 17.4
1619724959.525027 10.6
1619724959.644288 12.9
1619724959.765510 16.0
1619724959.891043 10.5
1619724960.010993 10.2
1619724960.130332 13.9
1619724960.253781 17.7
1619724960.379856 10.5
1619724960.499409 8.25
1619724960.622338 7.53
1619724960.737627 13.4
1619724960.859873 11.7
1619724960.979738 13.7
1619724961.102990 18.5
1619724961.232097 11.6
1619724961.356343 12.2
1619724961.476611 13.2