1619719128.154571 6.09
1619719128.273928 16.0
1619719128.401111 15.6
1619719128.530616 17.3
1619719128.660196 16.3
1619719128.784203 16.4
1619719128.909470 16.2
1619719129.035788 17.2
1619719129.166749 17.2
1619719129.294342 14.5
1619719129.418380 16.0
1619719129.542426 12.9
1619719129.663669 12.6
1619719129.788362 14.8
1619719129.910501 17.6
1619719130.036650 15.4
1619719130.163355 15.7
1619719130.288650 15.5
1619719130.412780 17.7
1619719130.538764 17.3
1619719130.664531 16.8
1619719130.790291 14.9
1619719130.915710 14.8
1619719131.041185 16.0
1619719131.170720 14.9
1619719131.301042 15.3
1619719131.425206 17.3
1619719131.555685 18.3
1619719131.686776 12.9
1619719131.806945 17.2
1619719131.938120 15.4
1619719132.063778 16.4
1619719132.195965 15.3
1619719132.322008 16.1
1619719132.445911 16.8
1619719132.570961 17.2
1619719132.697018 13.4
1619719132.819124 12.4
1619719132.938789 17.0
1619719133.063789 15.6
1619719133.189641 16.5
1619719133.316618 13.3
1619719133.438773 17.9
1619719133.564721 12.0
1619719133.683857 11.9
1619719133.803108 14.3
1619719133.928813 13.9
1619719134.050390 16.4
1619719134.175376 17.4
1619719134.301461 16.2
1619719134.426494 13.6
1619719134.551427 15.5
1619719134.674439 15.6
1619719134.800481 17.9
1619719134.925618 15.5
1619719135.051463 13.9
1619719135.179035 17.1
1619719135.306515 17.0
1619719135.431628 13.1
1619719135.551867 15.9
1619719135.676907 15.9
1619719135.807680 15.6
1619719135.932896 17.5
1619719136.059930 17.0
1619719136.185488 17.8
1619719136.310591 13.6
1619719136.433032 15.3
1619719136.558100 14.2
1619719136.684638 15.6
1619719136.814443 16.1
1619719136.939712 16.4
1619719137.072263 14.5
1619719137.196238 17.7
1619719137.322913 15.1
1619719137.447900 13.2
1619719137.574026 14.4
1619719137.696522 17.6
1619719137.822073 16.8
1619719137.946631 17.4
1619719138.072373 19.7
1619719138.253456 583
1619719149.054104 548
1619719149.710502 559
1619719150.380411 592
1619719151.081471 608
1619719151.797370 630
1619719152.535826 642
1619719153.289046 654
1619719154.052090 656
1619719154.816360 679
1619719155.605301 717
1619719156.434817 716
1619719157.260544 728
1619719158.095778 132
1619719158.338358 32.3
1619719158.478282 16.2
1619719158.602920 11.3
1619719158.721975 15.4
1619719158.844985 15.7
1619719158.971062 18.5
1619719159.100033 20.6
1619719159.237045 18.2
1619719159.364206 24.0
1619719159.496893 21.8
1619719159.627076 19.6
1619719159.756916 18.1
1619719159.885928 25.5
1619719160.020195 11.9
1619719160.140593 14.1
1619719160.262751 17.9
1619719160.389030 20.1
1619719160.517584 21.4
1619719160.646635 16.8
1619719160.772769 14.2
1619719160.898669 17.0
1619719161.028071 19.1
1619719161.156560 20.4
1619719161.284187 13.8
1619719161.406588 14.3
1619719161.529673 15.5
1619719161.672921 18.0
1619719161.799672 18.4
1619719161.926491 12.6
1619719162.048808 15.1
1619719162.174812 17.4
1619719162.301586 19.2
1619719162.432458 22.5
1619719162.563802 24.3
1619719162.699043 13.0
1619719162.820735 16.2
1619719162.944635 17.2
1619719163.071798 20.7
1619719163.205621 10.9
1619719163.325064 13.3
1619719163.448486 16.2
1619719163.571919 19.6
1619719163.699797 19.0
1619719163.826382 20.2
1619719163.959923 19.2
1619719164.095189 14.5
1619719164.221235 16.7
1619719164.346349 19.3
1619719164.475068 22.6
1619719164.607750 22.8
1619719164.739703 12.8
1619719164.860247 15.9
1619719164.985006 18.4
1619719165.111954 19.9
1619719165.250587 11.5
1619719165.369732 14.1
1619719165.491698 16.8
1619719165.616487 17.5
1619719165.740551 15.1
1619719165.871284 10.5
1619719165.990558 13.0
1619719166.111353 16.0
1619719166.238041 19.8
1619719166.365379 19.2
1619719166.495868 21.6
1619719166.625106 11.4
1619719166.745203 23.7
1619719166.881408 15.7
1619719167.006164 22.1
1619719167.153129 19.9
1619719167.282449 12.5
1619719167.404300 14.5
1619719167.527759 16.3
1619719167.654689 19.0
1619719167.783196 21.0
1619719167.913711 11.1
1619719168.033674 9.82
1619719168.162189 16.0
1619719168.290236 762
1619719169.172221 766
1619719170.046928 774
1619719170.930884 789
1619719171.828522 764
1619719172.702533 485
1619719173.295841 401
1619719173.805066 425
1619719174.338386 438
1619719174.886327 435
1619719175.431174 462
1619719176.000986 483
1619719176.594497 511
1619719177.219653 515
1619719177.843653 404
1619719178.356815 11.8
1619719178.483808 10.7
1619719178.602837 10.7
1619719178.721906 11.7
1619719178.842256 13.2
1619719178.964360 10.2
1619719179.094939 10.7
1619719179.221940 11.2
1619719179.340592 11.4
1619719179.460802 10.0
1619719179.578910 12.7
1619719179.717948 11.0
1619719179.838998 12.2
1619719179.961110 14.1
1619719180.083923 5.19
1619719180.204897 6.42
1619719180.320085 7.60
1619719180.435764 10.1
1619719180.553706 9.95
1619719180.673283 10.5
1619719180.790652 7.99
1619719180.919759 12.3
1619719181.040391 11.0
1619719181.162279 12.1
1619719181.284263 11.7
1619719181.404699 11.6
1619719181.528277 11.3
1619719181.648405 11.0
1619719181.768055 11.4
1619719181.888585 10.3
1619719182.008444 10.9