1619724501.717939 17.9
1619724501.866040 7.04
1619724501.982289 18.3
1619724502.113079 15.2
1619724502.237492 13.9
1619724502.359654 15.3
1619724502.485107 13.9
1619724502.608103 16.8
1619724502.733203 17.2
1619724502.865243 13.0
1619724502.986422 16.4
1619724503.111396 12.3
1619724503.231274 17.7
1619724503.356379 11.8
1619724503.475403 17.7
1619724503.601199 13.0
1619724503.721118 14.0
1619724503.842216 17.4
1619724503.969194 15.3
1619724504.094377 15.8
1619724504.221722 11.7
1619724504.340699 11.9
1619724504.459757 11.6
1619724504.579293 15.9
1619724504.708253 17.6
1619724504.833713 13.1
1619724504.954843 15.9
1619724505.079665 17.2
1619724505.208038 12.5
1619724505.341204 16.0
1619724505.467161 16.4
1619724505.593743 16.2
1619724505.722200 16.2
1619724505.848356 23.1
1619724505.980546 23.8
1619724506.112281 22.4
1619724506.242858 22.0
1619724506.372702 16.1
1619724506.496780 23.8
1619724506.628807 18.0
1619724506.754822 22.3
1619724506.889811 23.1
1619724507.021097 23.2
1619724507.157077 17.5
1619724507.282918 20.8
1619724507.413169 19.1
1619724507.552985 21.5
1619724507.682715 19.9
1619724507.810841 23.4
1619724507.943778 24.2
1619724508.092858 20.9
1619724508.222917 23.8
1619724508.354833 23.1
1619724508.484961 23.4
1619724508.615963 19.9
1619724508.745890 18.8
1619724508.871573 23.8
1619724509.003118 21.4
1619724509.133274 23.7
1619724509.264818 22.0
1619724509.394949 18.0
1619724509.519906 19.0
1619724509.645945 17.7
1619724509.770982 23.1
1619724509.905011 20.3
1619724510.036375 24.7
1619724510.210537 22.6
1619724510.341610 22.8
1619724510.471855 24.0
1619724510.607670 23.7
1619724510.738742 17.6
1619724510.864244 22.4
1619724510.994671 21.1
1619724511.135853 21.0
1619724511.266869 22.0
1619724511.396964 23.7
1619724511.529034 23.3
1619724511.661002 18.1
1619724511.787565 652
1619724512.547767 1516
1619724514.173153 3145
1619724537.643167 904
1619724538.655422 782
1619724539.552562 863
1619724540.525864 445
1619724541.080622 429
1619724551.730556 497
1619724552.338989 430
1619724552.880073 288
1619724553.289205 227
1619724553.625766 223
1619724553.958323 223
1619724554.311636 224
1619724554.656275 228
1619724554.995888 239
1619724555.344759 238
1619724555.692599 233
1619724556.035599 239
1619724556.385904 220
1619724556.715763 202
1619724557.032186 200
1619724557.342709 194
1619724557.645203 195
1619724557.948578 192
1619724558.250174 194
1619724558.552563 190
1619724558.851756 196
1619724559.155736 185
1619724559.449744 193