1619717669.321241, 0
1619717669.352997, 2
1619717669.372678, 6
1619717669.392365, 0
1619717669.412402, 3
1619717669.436725, 14
1619717669.462155, 18
1619717669.480664, 22
1619717669.502756, 25
1619717669.523891, 30
1619717669.542731, 36
1619717669.562200, 41
1619717669.579924, 46
1619717669.598770, 51
1619717669.617609, 57
1619717669.635458, 62
1619717669.652605, 68
1619717669.670601, 71
1619717669.687617, 78
1619717669.703030, 81
1619717669.719419, 88
1619717669.738037, 96
1619717669.769101, 101
1619717669.789077, 104
1619717669.805502, 109
1619717669.821641, 115
1619717669.838278, 121
1619717669.855521, 126
1619717669.872924, 129
1619717669.890800, 134
1619717669.906868, 140
1619717669.923901, 145
1619717669.939922, 148
1619717669.956956, 153
1619717669.976652, 158
1619717669.997981, 165
1619717670.020083, 172
1619717670.043202, 179
1619717670.064026, 186
1619717670.089459, 192
1619717670.110046, 196
1619717670.129088, 202
1619717670.147947, 207
1619717670.168016, 210
1619717670.185072, 220
1619717670.204150, 223
1619717670.221124, 227
1619717670.242987, 233
1619717670.261174, 237
1619717670.278979, 245
1619717670.297338, 249
1619717670.317265, 253
1619717670.336060, 260
1619717670.356981, 265
1619717670.375155, 272
1619717670.393156, 276
1619717670.411011, 282
1619717670.429078, 284
1619717670.455347, 293
1619717670.480450, 299
1619717670.503416, 300
1619717670.521332, 299
1619717670.537529, 300
1619717670.553834, 300
1619717670.572817, 299
1619717670.590873, 299
1619717670.607049, 299
1619717670.622879, 299
1619717670.640183, 299
1619717670.658882, 300
1619717670.676925, 300
1619717670.694888, 299
1619717670.715865, 300
1619717670.733889, 300
1619717670.751912, 299
1619717670.769968, 300
1619717670.788005, 300
1619717670.807940, 299
1619717670.825024, 300
1619717670.842913, 300
1619717670.859901, 298
1619717670.877647, 299
1619717670.896823, 299
1619717670.913739, 300
1619717670.933414, 300
1619717670.963679, 300
1619717670.985975, 300
1619717671.005662, 299
1619717671.024877, 300
1619717671.044647, 300
1619717671.062999, 300
1619717671.082945, 300
1619717671.104783, 299
1619717671.122171, 300
1619717671.142827, 300
1619717671.160195, 299
1619717671.176847, 300
1619717671.192830, 300
1619717671.209106, 299
1619717671.227996, 299
1619717671.245770, 300
1619717671.264600, 299
1619717671.290101, 299
1619717671.332085, 299
1619717671.353721, 300
1619717671.372785, 300
1619717671.391326, 300
1619717671.410510, 300
1619717671.435360, 300
1619717671.459896, 300
1619717671.490499, 299
1619717671.514751, 300
1619717671.536259, 300
1619717671.556926, 300
1619717671.586310, 300
1619717671.605918, 299
1619717671.623902, 300
1619717671.641614, 300
1619717671.657590, 299
1619717671.675234, 299
1619717671.693938, 299
1619717671.709997, 299
1619717671.726849, 300
1619717671.743003, 299
1619717671.758440, 299
1619717671.773763, 299
1619717671.789176, 300
1619717671.808044, 300
1619717671.824456, 298
1619717671.839568, 298
1619717671.855258, 298
1619717671.872962, 298
1619717671.890039, 298
1619717671.905659, 299
1619717671.924504, 298
1619717671.942159, 298
1619717671.959675, 298
1619717671.975444, 299
1619717671.991969, 298
1619717672.006623, 298
1619717672.021946, 299
1619717672.038122, 298
1619717672.057044, 297
1619717672.074728, 297
1619717672.092172, 297
1619717672.109029, 297
1619717672.125463, 300
1619717672.194126, 299
1619717672.216556, 299
1619717672.237229, 300
1619717672.260300, 300
1619717672.277821, 299
1619717672.297875, 298
1619717672.319965, 298
1619717672.338603, 299
1619717672.358052, 300
1619717672.376968, 300
1619717672.396304, 299
1619717672.417072, 300
1619717672.435403, 300
1619717672.456344, 300
1619717672.477701, 300
1619717672.496285, 300
1619717672.515853, 299
1619717672.535296, 300
1619717672.558389, 299
1619717672.575265, 300
1619717672.592837, 300
1619717672.609218, 300
1619717672.625088, 299
1619717672.640713, 300
1619717672.657430, 300
1619717672.673521, 298
1619717672.694363, 300
1619717672.710594, 299
1619717672.728236, 300
1619717672.745144, 299
1619717672.764870, 299
1619717672.789683, 299
1619717672.810012, 298
1619717672.826925, 299
1619717672.848634, 299
1619717672.866153, 299
1619717672.886393, 299
1619717672.905649, 298
1619717672.921866, 296
1619717672.945155, 293
1619717672.962723, 293
1619717672.978942, 298
1619717672.999569, 299
1619717673.019408, 299
1619717673.044557, 299
1619717673.063430, 299
1619717673.081760, 300
1619717673.101682, 300
1619717673.122203, 300
1619717673.142346, 300
1619717673.159710, 300
1619717673.176949, 298
1619717673.194927, 300
1619717673.214153, 300
1619717673.232640, 298
1619717673.250022, 300
1619717673.269942, 300
1619717673.286908, 299
1619717673.308062, 299
1619717673.326333, 300
1619717673.343254, 300
1619717673.363725, 299
1619717673.388836, 299
1619717673.411559, 299
1619717673.432751, 300
1619717673.456480, 299
1619717673.474614, 299
1619717673.496257, 295
1619717673.517309, 295
1619717673.539411, 299
1619717673.560810, 299
1619717673.577023, 300
1619717673.594424, 295
1619717673.610559, 297
1619717673.626721, 299
1619717673.643652, 299
1619717673.660146, 299
1619717673.678159, 297
1619717673.694284, 298
1619717673.710091, 299
1619717673.727562, 300
1619717673.743293, 297
1619717673.763159, 299
1619717673.780347, 295
1619717673.797868, 295
1619717673.818343, 299
1619717673.837052, 298
1619717673.856006, 300
1619717673.873333, 295
1619717673.890299, 297
1619717673.906432, 300
1619717673.922602, 299
1619717673.941391, 297
1619717673.967736, 295
1619717673.989897, 296
1619717674.008861, 297
1619717674.025346, 297
1619717674.042483, 297
1619717674.059826, 295
1619717674.079681, 295
1619717674.101106, 298
1619717674.121442, 297
1619717674.143470, 295
1619717674.165470, 297
1619717674.185503, 298
1619717674.207452, 295
1619717674.224396, 296
1619717674.243464, 298
1619717674.264911, 300
1619717674.284867, 297
1619717674.306430, 295
1619717674.331242, 299
1619717674.353408, 297
1619717674.374914, 296
1619717674.395357, 294
1619717674.418377, 295
1619717674.438991, 298
1619717674.459263, 297
1619717674.481001, 299
1619717674.502103, 296
1619717674.522129, 297
1619717674.538399, 295
1619717674.569257, 297
1619717674.596698, 298
1619717674.619930, 296
1619717674.650139, 294
1619717674.682941, 294
1619717674.705941, 298
1619717674.727421, 298
1619717674.746354, 297
1619717674.765363, 296
1619717674.782984, 297
1619717674.800781, 299
1619717674.820141, 297
1619717674.838066, 298
1619717674.857333, 295
1619717674.873573, 295
1619717674.890201, 297
1619717674.908179, 299
1619717674.924767, 297
1619717674.942117, 297
1619717674.958149, 298
1619717674.976191, 296
1619717674.996071, 294
1619717675.019097, 293
1619717675.039421, 299
1619717675.058174, 299
1619717675.076178, 296
1619717675.095363, 298
1619717675.112099, 296
1619717675.130809, 295
1619717675.149132, 298
1619717675.186839, 296
1619717675.208517, 297
1619717675.226418, 299
1619717675.248392, 296
1619717675.264954, 298
1619717675.285572, 296
1619717675.305030, 294
1619717675.321375, 295
1619717675.338065, 300
1619717675.355184, 298
1619717675.374097, 299
1619717675.403775, 298
1619717675.424164, 297
1619717675.440761, 295
1619717675.458679, 295
1619717675.476267, 296
1619717675.494565, 297
1619717675.514447, 297
1619717675.531848, 297
1619717675.551002, 296
1619717675.568372, 295
1619717675.588157, 300
1619717675.604664, 298
1619717675.623576, 299
1619717675.640831, 295
1619717675.656243, 293
1619717675.672307, 288
1619717675.688252, 288
1619717675.704353, 284
1619717675.720464, 280
1619717675.740585, 273
1619717675.775667, 260
1619717675.792963, 256
1619717675.810344, 252
1619717675.828266, 247
1619717675.844922, 246
1619717675.864192, 240
1619717675.882720, 233
1619717675.899368, 228
1619717675.918089, 220
1619717675.937296, 217
1619717675.956588, 211
1619717675.973180, 207
1619717675.989464, 202
1619717676.006953, 194
1619717676.028816, 187
1619717676.049810, 185
1619717676.069921, 183
1619717676.088712, 183
1619717676.105424, 186
1619717676.121463, 188
1619717676.138142, 189
1619717676.154244, 193
1619717676.172744, 193
1619717676.190846, 193
1619717676.208136, 192
1619717676.224158, 193
1619717676.240726, 193
1619717676.257268, 193
1619717676.273286, 194
1619717676.289353, 193
1619717676.304950, 193
1619717676.321572, 192
1619717676.337186, 194
1619717676.355621, 195
1619717676.383263, 193
1619717676.403271, 200
1619717676.420561, 194
1619717676.439304, 189
1619717676.455989, 184
1619717676.472649, 178
1619717676.489363, 174
1619717676.506844, 165
1619717676.526798, 156
1619717676.548180, 146
1619717676.573122, 137
1619717676.591988, 133
1619717676.608144, 125
1619717676.624287, 122
1619717676.641397, 119
1619717676.658671, 114
1619717676.674796, 111
1619717676.691450, 109
1619717676.708198, 108
1619717676.724241, 105
1619717676.741396, 106
1619717676.758023, 106
1619717676.775237, 106
1619717676.791918, 107
1619717676.811783, 107
1619717676.835220, 107
1619717676.867425, 108
1619717676.885159, 107
1619717676.903852, 106
1619717676.923627, 108
1619717676.945203, 108
1619717676.969716, 107
1619717676.998638, 107
1619717677.019317, 108
1619717677.039216, 107
1619717677.056197, 106
1619717677.073076, 108
1619717677.089123, 108
1619717677.105609, 109
1619717677.121710, 108
1619717677.141565, 108
1619717677.157454, 108
1619717677.175613, 109
1619717677.192212, 108
1619717677.209114, 109
1619717677.225185, 108
1619717677.241137, 108
1619717677.257124, 109
1619717677.273226, 109
1619717677.290847, 109
1619717677.308420, 110
1619717677.325632, 108
1619717677.342132, 108
1619717677.361145, 108
1619717677.377151, 108
1619717677.393151, 108
1619717677.409187, 109
1619717677.427693, 108
1619717677.444672, 109
1619717677.460789, 108
1619717677.479686, 109
1619717677.498776, 108
1619717677.519301, 107
1619717677.536391, 107
1619717677.555763, 108
1619717677.576370, 108
1619717677.606244, 109
1619717677.625350, 107
1619717677.641758, 109
1619717677.662724, 108
1619717677.681199, 108
1619717677.700741, 108
1619717677.719431, 109
1619717677.737027, 110
1619717677.755208, 109
1619717677.771824, 110
1619717677.788726, 110
1619717677.806363, 108
1619717677.822257, 108
1619717677.838791, 109
1619717677.854264, 110
1619717677.872835, 110
1619717677.891960, 110
1619717677.912368, 110
1619717677.928832, 111
1619717677.947274, 110
1619717677.966200, 110
1619717677.986012, 108
1619717678.004348, 110
1619717678.021325, 109
1619717678.038912, 108
1619717678.055976, 109
1619717678.073341, 110
1619717678.090305, 109
1619717678.106286, 109
1619717678.123833, 110
1619717678.141306, 110
1619717678.157880, 110
1619717678.191804, 109
1619717678.213605, 110
1619717678.232343, 110
1619717678.251934, 109
1619717678.271440, 109
1619717678.288366, 109
1619717678.305428, 110
1619717678.322847, 109
1619717678.344394, 110
1619717678.361829, 110
1619717678.378854, 110
1619717678.397392, 112
1619717678.416472, 112
1619717678.435406, 111
1619717678.454905, 111
1619717678.472355, 111
1619717678.492418, 111
1619717678.511438, 111
1619717678.532851, 111
1619717678.553407, 109
1619717678.571967, 111
1619717678.588899, 110
1619717678.608493, 110
1619717678.624900, 112
1619717678.645526, 112
1619717678.662226, 110
1619717678.680235, 111
1619717678.698882, 112
1619717678.717586, 111
1619717678.736600, 110
1619717678.754950, 112
1619717678.788580, 110
1619717678.809437, 111
1619717678.825450, 111
1619717678.843265, 111
1619717678.859920, 111
1619717678.876433, 111
1619717678.892440, 111
1619717678.913418, 111
1619717678.930952, 111
1619717678.951683, 111
1619717678.969662, 110
1619717678.987931, 112
1619717679.005444, 112
1619717679.021981, 111
1619717679.040289, 110
1619717679.057341, 113
1619717679.073467, 112
1619717679.092951, 111
1619717679.109981, 112
1619717679.125998, 111
1619717679.142030, 113
1619717679.162018, 113
1619717679.179917, 112
1619717679.199358, 112
1619717679.221008, 112
1619717679.237488, 112
1619717679.255011, 111
1619717679.273287, 111
1619717679.290004, 111
1619717679.305653, 111
1619717679.324138, 112
1619717679.344971, 112
1619717679.362510, 111
1619717679.391507, 111
1619717679.411006, 111
1619717679.428848, 111
1619717679.448573, 111
1619717679.465561, 111
1619717679.485576, 111
1619717679.506531, 112
1619717679.526263, 113
1619717679.546542, 112
1619717679.564245, 113
1619717679.585257, 111
1619717679.603929, 113
1619717679.624140, 112
1619717679.644851, 112
1619717679.661530, 113
1619717679.682050, 112
1619717679.700397, 112
1619717679.718606, 112
1619717679.739040, 112
1619717679.755643, 112
1619717679.774610, 112
1619717679.791077, 112
1619717679.808167, 113
1619717679.824723, 114
1619717679.841650, 114
1619717679.860227, 113
1619717679.876658, 114
1619717679.897101, 114
1619717679.916827, 113
1619717679.935641, 114
1619717679.954108, 113
1619717679.977133, 114
1619717680.006120, 113
1619717680.024832, 114
1619717680.041737, 114
1619717680.060246, 113
1619717680.076696, 114
1619717680.092778, 112
1619717680.109174, 114
1619717680.132129, 113
1619717680.153644, 112
1619717680.171126, 113
1619717680.189658, 113
1619717680.206159, 113
1619717680.222696, 113
1619717680.238674, 113
1619717680.257763, 113
1619717680.276266, 114
1619717680.294138, 114
1619717680.313145, 113
1619717680.331671, 114
1619717680.349744, 113
1619717680.368331, 113
1619717680.386838, 113
1619717680.407711, 115
1619717680.424387, 115
1619717680.440497, 115
1619717680.457299, 115
1619717680.473769, 115
1619717680.490202, 114
1619717680.507299, 115
1619717680.528413, 114
1619717680.545745, 116
1619717680.564565, 115
1619717680.584365, 113
1619717680.609321, 114
1619717680.629718, 114
1619717680.648506, 115
1619717680.665825, 115
1619717680.684418, 115
1619717680.703433, 114
1619717680.723789, 114
1619717680.740355, 113
1619717680.757321, 115
1619717680.775251, 115
1619717680.791734, 115
1619717680.808377, 113
1619717680.826280, 114
1619717680.841902, 113
1619717680.858787, 115
1619717680.874312, 113
1619717680.890253, 113
1619717680.906859, 113
1619717680.923780, 115
1619717680.939830, 115
1619717680.956638, 115
1619717680.972279, 115
1619717680.989184, 114
1619717681.006293, 116
1619717681.025279, 116
1619717681.041904, 116
1619717681.062314, 116
1619717681.081810, 116
1619717681.101917, 116
1619717681.124548, 116
1619717681.141300, 115
1619717681.159358, 116
1619717681.181514, 116
1619717681.209839, 115
1619717681.228723, 117
1619717681.246331, 116
1619717681.262333, 117
1619717681.280917, 116
1619717681.298887, 115
1619717681.318526, 115
1619717681.338003, 115
1619717681.355968, 115
1619717681.372253, 116
1619717681.388625, 115
1619717681.405524, 115
1619717681.430364, 117
1619717681.448543, 116
1619717681.468617, 116
1619717681.487164, 117
1619717681.504957, 116
1619717681.525093, 117
1619717681.542483, 116
1619717681.558912, 117
1619717681.576548, 117
1619717681.593385, 116
1619717681.609952, 118
1619717681.625410, 117
1619717681.641474, 117
1619717681.658443, 115
1619717681.674993, 117
1619717681.691411, 117
1619717681.708637, 116
1619717681.725421, 115
1619717681.743426, 116
1619717681.761004, 116
1619717681.803995, 117
1619717681.827513, 117
1619717681.845443, 117
1619717681.862020, 117
1619717681.882187, 117
1619717681.901587, 118
1619717681.919664, 117
1619717681.938145, 118
1619717681.955721, 116
1619717681.975129, 117
1619717681.991961, 118
1619717682.008236, 117
1619717682.024548, 117
1619717682.041788, 117
1619717682.058599, 118
1619717682.074986, 118
1619717682.093658, 118
1619717682.110932, 117
1619717682.132235, 116
1619717682.152071, 115
1619717682.170569, 118
1619717682.191137, 117
1619717682.206536, 115
1619717682.223551, 118
1619717682.243030, 119
1619717682.259520, 119
1619717682.276111, 119
1619717682.292253, 118
1619717682.308550, 119
1619717682.324545, 118
1619717682.341020, 118
1619717682.357058, 119
1619717682.388561, 116
1619717682.404900, 119
1619717682.423596, 119
1619717682.440132, 118
1619717682.459566, 118
1619717682.476151, 118
1619717682.492195, 118
1619717682.511211, 117
1619717682.530446, 117
1619717682.549037, 118
1619717682.567576, 116
1619717682.585772, 117
1619717682.604280, 116
1619717682.621094, 117
1619717682.639272, 116
1619717682.656151, 119
1619717682.673701, 118
1619717682.690620, 119
1619717682.706153, 119
1619717682.723257, 119
1619717682.740332, 118
1619717682.759471, 118
1619717682.775145, 119
1619717682.791706, 118
1619717682.809123, 119
1619717682.829694, 120
1619717682.849113, 120
1619717682.868641, 121
1619717682.887791, 120
1619717682.904313, 120
1619717682.920227, 119
1619717682.937157, 119
1619717682.955181, 117
1619717682.977965, 118
1619717683.004410, 121
1619717683.025196, 120
1619717683.041139, 120
1619717683.063735, 120
1619717683.082203, 120
1619717683.103152, 120
1619717683.124506, 119
1619717683.155231, 120
1619717683.172663, 120
1619717683.195754, 120
1619717683.218777, 120
1619717683.236248, 121
1619717683.255384, 121
1619717683.273258, 122
1619717683.290248, 121
1619717683.306242, 120
1619717683.322231, 120
1619717683.339200, 120
1619717683.355356, 117
1619717683.373193, 118
1619717683.391207, 119
1619717683.410079, 118
1619717683.426798, 118
1619717683.444749, 119
1619717683.461303, 118
1619717683.481622, 120
1619717683.503303, 120
1619717683.520343, 119
1619717683.536257, 119
1619717683.555288, 120
1619717683.572285, 119
1619717683.604954, 120
1619717683.624611, 119
1619717683.641449, 120
1619717683.657355, 120
1619717683.673246, 121
1619717683.689443, 120
1619717683.705755, 120
1619717683.721275, 120
1619717683.738296, 121
1619717683.757937, 121
1619717683.774299, 119
1619717683.793314, 119
1619717683.809792, 119
1619717683.825447, 119
1619717683.847250, 120
1619717683.864827, 119
1619717683.881828, 119
1619717683.899944, 122
1619717683.919402, 121
1619717683.937301, 121
1619717683.953451, 120
1619717683.973399, 121
1619717683.993142, 120
1619717684.008520, 119
1619717684.024399, 121
1619717684.044310, 122
1619717684.063565, 122
1619717684.083467, 122
1619717684.103380, 120
1619717684.120886, 121
1619717684.141434, 121
1619717684.167517, 119
1619717684.210359, 122
1619717684.233969, 121
1619717684.253263, 122
1619717684.270386, 121
1619717684.288849, 122
1619717684.309390, 122
1619717684.325400, 121
1619717684.341941, 121
1619717684.358907, 121
1619717684.375545, 121
1619717684.393930, 121
1619717684.411422, 121
1619717684.430930, 120
1619717684.453639, 121
1619717684.473154, 121
1619717684.490959, 122
1619717684.510429, 121
1619717684.528906, 122
1619717684.549422, 121
1619717684.569596, 121
1619717684.589008, 121
1619717684.608484, 121
1619717684.626504, 122
1619717684.651237, 121
1619717684.673500, 120
1619717684.693547, 122
1619717684.714513, 122
1619717684.733666, 120
1619717684.751035, 122
1619717684.769407, 121
1619717684.801934, 123
1619717684.822200, 122
1619717684.839458, 121
1619717684.856673, 122
1619717684.873512, 123
1619717684.889582, 122
1619717684.907046, 122
1619717684.923020, 124
1619717684.939175, 121
1619717684.955562, 121
1619717684.972331, 122
1619717684.990533, 122
1619717685.008644, 121
1619717685.024876, 120
1619717685.046568, 121
1619717685.065554, 122
1619717685.084073, 122
1619717685.103068, 121
1619717685.121000, 120
1619717685.148174, 123
1619717685.171608, 122
1619717685.189575, 123
1619717685.208793, 122
1619717685.225522, 123
1619717685.241051, 123
1619717685.257056, 123
1619717685.273075, 124
1619717685.289591, 123
1619717685.305634, 123
1619717685.322058, 122
1619717685.339116, 122
1619717685.358582, 123
1619717685.375126, 122
1619717685.403281, 123
1619717685.424619, 122
1619717685.440160, 120
1619717685.458612, 122
1619717685.477688, 123
1619717685.497631, 123
1619717685.517252, 123
1619717685.541647, 123
1619717685.563107, 123
1619717685.582589, 123
1619717685.601107, 123
1619717685.620187, 123
1619717685.640325, 123
1619717685.657660, 124
1619717685.673651, 123
1619717685.691702, 124
1619717685.710120, 124
1619717685.728342, 124
1619717685.745655, 124
1619717685.764252, 123
1619717685.782152, 124
1619717685.803308, 124
1619717685.837160, 122
1619717685.857162, 124
1619717685.875312, 123
1619717685.892017, 122
1619717685.909275, 121
1619717685.925282, 123
1619717685.941403, 122
1619717685.957400, 122
1619717685.975345, 122
1619717686.001314, 123
1619717686.027866, 125
1619717686.045851, 124
1619717686.065311, 124
1619717686.084890, 124
1619717686.101453, 124
1619717686.121100, 123
1619717686.137512, 124
1619717686.156558, 124
1619717686.172624, 124
1619717686.188636, 124
1619717686.205504, 124
1619717686.221487, 125
1619717686.238991, 124
1619717686.256547, 124
1619717686.274634, 123
1619717686.292789, 124
1619717686.309604, 123
1619717686.326991, 124
1619717686.344705, 123
1619717686.367836, 124
1619717686.387422, 123
1619717686.406788, 124
1619717686.426935, 123
1619717686.445727, 125
1619717686.462742, 125
1619717686.481683, 125
1619717686.500902, 123
1619717686.521800, 125
1619717686.539677, 124
1619717686.558804, 124
1619717686.580904, 123
1619717686.604890, 124
1619717686.624473, 125
1619717686.642948, 124
1619717686.662298, 124
1619717686.682932, 125
1619717686.703686, 125
1619717686.721202, 125
1619717686.739481, 125
1619717686.756739, 124
1619717686.773662, 124
1619717686.794612, 123
1619717686.817025, 125
1619717686.836611, 125
1619717686.855472, 125
1619717686.875933, 126
1619717686.892642, 124
1619717686.911342, 126
1619717686.941574, 125
1619717686.975539, 126
1619717686.993711, 124
1619717687.013482, 127
1619717687.032251, 129
1619717687.053026, 127
1619717687.070686, 127
1619717687.092907, 128
1619717687.111067, 128
1619717687.126843, 127
1619717687.142661, 128
1619717687.158390, 128
1619717687.174519, 127
1619717687.198201, 127
1619717687.218896, 127
1619717687.235935, 127
1619717687.256887, 128
1619717687.274107, 125
1619717687.291900, 126
1619717687.308745, 125
1619717687.328551, 124
1619717687.345149, 125
1619717687.361887, 127
1619717687.382154, 125
1619717687.402922, 126
1619717687.424278, 126
1619717687.441934, 125
1619717687.461629, 126
1619717687.483276, 126
1619717687.502317, 125
1619717687.522375, 125
1619717687.542075, 126
1619717687.561938, 125
1619717687.581075, 126
1619717687.604711, 126
1619717687.624509, 124
1619717687.641982, 125
1619717687.659721, 125
1619717687.677773, 124
1619717687.693367, 125
1619717687.710043, 127
1619717687.735270, 127
1619717687.752726, 126
1619717687.770199, 126
1619717687.802527, 128
1619717687.822701, 127
1619717687.839831, 127
1619717687.855610, 128
1619717687.881965, 127
1619717687.917087, 129
1619717687.939281, 128
1619717687.955958, 128
1619717687.972834, 127
1619717687.989618, 128
1619717688.005628, 128
1619717688.023928, 128
1619717688.040978, 128
1619717688.060237, 126
1619717688.077230, 126
1619717688.093241, 126
1619717688.109246, 126
1619717688.124572, 125
1619717688.141062, 127
1619717688.160718, 126
1619717688.178949, 126
1619717688.199399, 127
1619717688.220333, 127
1619717688.238802, 126
1619717688.255339, 127
1619717688.273099, 128
1619717688.291013, 129
1619717688.308860, 129
1619717688.325496, 130
1619717688.341427, 129
1619717688.360816, 129
1619717688.378432, 128
1619717688.419066, 130
1619717688.440515, 128
1619717688.457756, 128
1619717688.480374, 128
1619717688.500272, 128
1619717688.520373, 129
1619717688.538975, 128
1619717688.557332, 127
1619717688.574093, 129
1619717688.591299, 127
1619717688.607658, 126
1619717688.625550, 128
1619717688.641968, 129
1619717688.659362, 129
1619717688.676692, 128
1619717688.697006, 128
1619717688.716114, 127
1619717688.734964, 128
1619717688.755454, 128
1619717688.772460, 128
1619717688.788061, 127
1619717688.804937, 128
1619717688.821952, 128
1619717688.839656, 128
1619717688.857416, 129
1619717688.874776, 129
1619717688.891008, 128
1619717688.907950, 128
1619717688.925174, 128
1619717688.941549, 128
1619717688.959856, 127
1619717688.977612, 128
1619717689.012833, 128
1619717689.033143, 130
1619717689.053689, 129
1619717689.070071, 130
1619717689.087489, 130
1619717689.104307, 129
1619717689.122047, 129
1619717689.139265, 130
1619717689.157502, 130
1619717689.174056, 130
1619717689.191839, 129
1619717689.211444, 128
1619717689.228997, 128
1619717689.246842, 129
1619717689.264695, 130
1619717689.284405, 131
1619717689.302496, 132
1619717689.320316, 131
1619717689.337382, 130
1619717689.354897, 128
1619717689.374458, 127
1619717689.392487, 128
1619717689.408364, 129
1619717689.424469, 129
1619717689.442917, 129
1619717689.463137, 127
1619717689.484241, 129
1619717689.504707, 128
1619717689.523337, 129
1619717689.541179, 129
1619717689.557996, 128
1619717689.575347, 129
1619717689.613217, 130
1619717689.633754, 129
1619717689.651618, 130
1619717689.672066, 130
1619717689.689854, 130
1619717689.705831, 130
1619717689.723524, 130
1619717689.739442, 131
1619717689.760252, 131
1619717689.777797, 131
1619717689.793680, 130
1619717689.810393, 129
1619717689.826402, 130
1619717689.843221, 130
1619717689.859064, 129
1619717689.877042, 129
1619717689.893897, 128
1619717689.911567, 129
1619717689.931844, 131
1619717689.955341, 131
1619717689.972882, 130
1619717689.989145, 132
1619717690.009598, 131
1619717690.025808, 131
1619717690.042717, 131
1619717690.059620, 130
1619717690.075900, 130
1619717690.092767, 129
1619717690.109835, 130
1619717690.127454, 131
1619717690.146723, 131
1619717690.165797, 131
1619717690.183583, 129
1619717690.207558, 130
1619717690.224841, 130
1619717690.240546, 131
1619717690.259111, 130
1619717690.277195, 130
1619717690.297878, 130
1619717690.316989, 130
1619717690.336199, 131
1619717690.354906, 129
1619717690.371883, 131
1619717690.388196, 131
1619717690.405568, 131
1619717690.433876, 133
1619717690.452343, 133
1619717690.469891, 133
1619717690.489623, 133
1619717690.506440, 132
1619717690.523471, 132
1619717690.541001, 132
1619717690.557246, 131
1619717690.574203, 132
1619717690.591288, 132
1619717690.612361, 132
1619717690.629530, 132
1619717690.648908, 131
1619717690.669395, 131
1619717690.688427, 131
1619717690.706829, 130
1619717690.724053, 131
1619717690.739906, 131
1619717690.756609, 131
1619717690.772392, 130
1619717690.791520, 129
1619717690.833752, 132
1619717690.854746, 132
1619717690.871105, 130
1619717690.888659, 131
1619717690.905309, 133
1619717690.923839, 131
1619717690.943736, 133
1619717690.962157, 132
1619717690.980773, 132
1619717690.997118, 131
1619717691.014321, 133
1619717691.034354, 133
1619717691.051735, 132
1619717691.073770, 133
1619717691.091407, 132
1619717691.106692, 131
1619717691.123137, 132
1619717691.139675, 130
1619717691.157559, 132
1619717691.173389, 131
1619717691.192494, 131
1619717691.209018, 131
1619717691.225604, 131
1619717691.242452, 132
1619717691.269708, 133
1619717691.285715, 132
1619717691.304183, 132
1619717691.322575, 132
1619717691.339096, 132
1619717691.354930, 133
1619717691.371403, 133
1619717691.388732, 133
1619717691.429170, 133
1619717691.447379, 133
1619717691.465866, 133
1619717691.485791, 133
1619717691.505915, 132
1619717691.522659, 132
1619717691.547039, 132
1619717691.565487, 133
1619717691.585910, 132
1619717691.607837, 133
1619717691.624289, 132
1619717691.641619, 132
1619717691.658453, 133
1619717691.676638, 133
1619717691.692441, 133
1619717691.710969, 133
1619717691.726817, 134
1619717691.744727, 133
1619717691.761161, 134
1619717691.782416, 133
1619717691.801446, 133
1619717691.819327, 134
1619717691.836906, 132
1619717691.853043, 133
1619717691.871031, 133
1619717691.889395, 134
1619717691.907882, 134
1619717691.923761, 133
1619717691.945695, 133
1619717691.965349, 133
1619717691.984497, 130
1619717692.025473, 133
1619717692.048152, 133
1619717692.066442, 132
1619717692.084888, 132
1619717692.101385, 132
1619717692.119427, 132
1619717692.138257, 133
1619717692.155387, 133
1619717692.172568, 133
1619717692.189841, 134
1619717692.208140, 133
1619717692.223916, 134
1619717692.239858, 135
1619717692.256355, 135
1619717692.272857, 134
1619717692.291615, 132
1619717692.307218, 135
1619717692.325003, 134
1619717692.341453, 133
1619717692.358670, 134
1619717692.375229, 134
1619717692.392512, 134
1619717692.408865, 134
1619717692.427151, 135
1619717692.447674, 134
1619717692.466732, 133
1619717692.490831, 133
1619717692.508346, 132
1619717692.525513, 132
1619717692.542080, 133
1619717692.558481, 134
1619717692.576378, 135
1619717692.613261, 135
1619717692.638027, 134
1619717692.655343, 136
1619717692.672702, 135
1619717692.691305, 134
1619717692.707164, 135
1619717692.724514, 135
1619717692.743453, 135
1619717692.759937, 134
1619717692.779095, 134
1619717692.796344, 134
1619717692.816180, 134
1619717692.837193, 134
1619717692.854396, 134
1619717692.871361, 135
1619717692.890345, 134
1619717692.908606, 135
1619717692.925347, 133
1619717692.942046, 133
1619717692.960393, 135
1619717692.978596, 134
1619717692.997587, 134
1619717693.016729, 135
1619717693.038121, 134
1619717693.059514, 135
1619717693.076807, 136
1619717693.095900, 134
1619717693.115032, 135
1619717693.134213, 135
1619717693.159761, 134
1619717693.180491, 136
1619717693.202239, 136
1619717693.239923, 135
1619717693.265784, 136
1619717693.287499, 136
1619717693.306669, 136
1619717693.329682, 136
1619717693.349229, 135
1619717693.368466, 135
1619717693.385298, 135
1619717693.403729, 135
1619717693.420546, 133
1619717693.438311, 135
1619717693.459239, 134
1619717693.475891, 134
1619717693.499711, 135
1619717693.521108, 136
1619717693.538924, 137
1619717693.554642, 137
1619717693.571956, 138
1619717693.589565, 137
1619717693.606596, 137
1619717693.625682, 138
1619717693.641871, 138
1619717693.658079, 137
1619717693.675413, 137
1619717693.692327, 138
1619717693.710777, 137
1619717693.727438, 137
1619717693.743096, 136
1619717693.759288, 138
1619717693.775607, 137
1619717693.792397, 137
1619717693.811982, 136
1619717693.838519, 136
1619717693.854790, 135
1619717693.871013, 135
1619717693.888582, 135
1619717693.905590, 137
1619717693.923839, 136
1619717693.942066, 137
1619717693.958300, 137
1619717693.975015, 137
1619717693.991173, 135
1619717694.007349, 136
1619717694.025212, 138
1619717694.043319, 136
1619717694.063894, 136
1619717694.082419, 137
1619717694.100520, 137
1619717694.118414, 136
1619717694.137986, 136
1619717694.155745, 137
1619717694.174038, 137
1619717694.192683, 138
1619717694.214704, 135
1619717694.234270, 137
1619717694.254124, 136
1619717694.272422, 137
1619717694.288770, 136
1619717694.304621, 136
1619717694.321179, 136
1619717694.336471, 136
1619717694.353965, 135
1619717694.369414, 137
1619717694.389731, 138
1619717694.406386, 138
1619717694.434668, 139
1619717694.452834, 139
1619717694.473089, 137
1619717694.490484, 138
1619717694.506562, 138
1619717694.522752, 137
1619717694.541810, 139
1619717694.563606, 137
1619717694.584615, 138
1619717694.606659, 138
1619717694.627651, 137
1619717694.645972, 138
1619717694.670241, 138
1619717694.701969, 140
1619717694.742461, 137
1619717694.764915, 137
1619717694.787701, 136
1619717694.812706, 137
1619717694.835605, 137
1619717694.858212, 136
1619717694.878205, 139
1619717694.896788, 137
1619717694.916804, 138
1619717694.934555, 139
1619717694.952734, 138
1619717694.972273, 139
1619717694.988459, 139
1619717695.004577, 139
1619717695.042739, 138
1619717695.062972, 138
1619717695.081478, 138
1619717695.101590, 139
1619717695.119434, 139
1619717695.136587, 138
1619717695.153188, 138
1619717695.169532, 139
1619717695.185614, 138
1619717695.205963, 137
1619717695.223641, 138
1619717695.239941, 137
1619717695.256167, 137
1619717695.272833, 137
1619717695.290797, 138
1619717695.308565, 138
1619717695.338140, 138
1619717695.370839, 140
1619717695.397855, 139
1619717695.419770, 139
1619717695.438088, 140
1619717695.456790, 139
1619717695.475615, 140
1619717695.493545, 140
1619717695.511420, 140
1619717695.529384, 138
1619717695.548340, 139
1619717695.566297, 139
1619717695.584490, 139
1619717695.604272, 140
1619717695.620989, 141
1619717695.654749, 141
1619717695.671592, 139
1619717695.688994, 139
1619717695.705621, 139
1619717695.721683, 139
1619717695.737587, 138
1619717695.753423, 139
1619717695.769184, 139
1619717695.785306, 138
1619717695.801996, 140
1619717695.818159, 139
1619717695.834866, 140
1619717695.852376, 140
1619717695.868665, 139
1619717695.885609, 138
1619717695.901775, 140
1619717695.918235, 138
1619717695.935335, 138
1619717695.956335, 140
1619717695.973908, 139
1619717695.990783, 139
1619717696.010564, 139
1619717696.030258, 139
1619717696.050016, 139
1619717696.069556, 141
1619717696.088730, 140
1619717696.107564, 139
1619717696.127889, 139
1619717696.148404, 138
1619717696.168857, 139
1619717696.186242, 139
1619717696.206496, 139
1619717696.231912, 139
1619717696.251048, 138
1619717696.268954, 139
1619717696.287484, 138
1619717696.305937, 139
1619717696.323841, 140
1619717696.341552, 140
1619717696.357930, 141
1619717696.377781, 140
1619717696.399077, 140
1619717696.416836, 140
1619717696.436708, 140
1619717696.452847, 140
1619717696.473043, 140
1619717696.490374, 139
1619717696.508244, 139
1619717696.524852, 139
1619717696.542134, 141
1619717696.561557, 140
1619717696.580582, 139
1619717696.599228, 139
1619717696.617231, 140
1619717696.640501, 140
1619717696.664490, 139
1619717696.685995, 140
1619717696.705028, 139
1619717696.725767, 141
1619717696.744877, 141
1619717696.769795, 141
1619717696.820308, 141
1619717696.909628, 138
1619717696.969779, 140
1619717697.001419, 141
1619717697.020993, 141
1619717697.040502, 141
1619717697.058601, 141
1619717697.079707, 142
1619717697.098169, 140
1619717697.119627, 140
1619717697.136405, 141
1619717697.153531, 141
1619717697.170423, 140
1619717697.187669, 141
1619717697.204470, 141
1619717697.220116, 141
1619717697.235115, 140
1619717697.254131, 139
1619717697.270880, 140
1619717697.288371, 141
1619717697.305037, 141
1619717697.320141, 142
1619717697.338025, 142
1619717697.357117, 141
1619717697.373900, 142
1619717697.391240, 141
1619717697.407400, 141
1619717697.431317, 140
1619717697.452193, 141
1619717697.470527, 140
1619717697.490102, 142
1619717697.507536, 142
1619717697.525989, 142
1619717697.542169, 142
1619717697.557759, 142
1619717697.575331, 142
1619717697.592547, 143
1619717697.610444, 142
1619717697.627217, 142
1619717697.642782, 142
1619717697.659594, 140
1619717697.676436, 142
1619717697.696042, 142
1619717697.714598, 141
1619717697.733009, 141
1619717697.752174, 142
1619717697.770649, 142
1619717697.786801, 142
1619717697.804324, 142
1619717697.825541, 142
1619717697.841707, 142
1619717697.857947, 143
1619717697.874107, 144
1619717697.890312, 144
1619717697.907188, 143
1619717697.924695, 142
1619717697.944691, 142
1619717697.962004, 143
1619717697.979348, 142
1619717697.996183, 142
1619717698.013494, 141
1619717698.053874, 142
1619717698.070536, 142
1619717698.086948, 142
1619717698.106357, 141
1619717698.122543, 142
1619717698.138703, 140
1619717698.154854, 141
1619717698.173391, 141
1619717698.190829, 141
1619717698.208063, 142
1619717698.224401, 145
1619717698.240541, 143
1619717698.257865, 142
1619717698.274588, 143
1619717698.291677, 143
1619717698.309257, 142
1619717698.325377, 141
1619717698.341698, 143
1619717698.360156, 142
1619717698.377724, 143
1619717698.394833, 143
1619717698.413187, 143
1619717698.431890, 144
1619717698.449087, 143
1619717698.465913, 143
1619717698.485733, 144
1619717698.506462, 144
1619717698.523182, 143
1619717698.540731, 144
1619717698.559124, 143
1619717698.580995, 142
1619717698.600982, 142
1619717698.618556, 142
1619717698.652518, 143
1619717698.670874, 143
1619717698.690242, 142
1619717698.708351, 142
1619717698.724559, 144
1619717698.742281, 144
1619717698.761444, 143
1619717698.781628, 144
1619717698.800992, 144
1619717698.818682, 144
1619717698.839514, 144
1619717698.858685, 143
1619717698.879343, 143
1619717698.899713, 143
1619717698.917625, 144
1619717698.936731, 144
1619717698.956798, 144
1619717698.974095, 144
1619717698.992247, 145
1619717699.008287, 144
1619717699.024563, 143
1619717699.044644, 144
1619717699.064944, 143
1619717699.085419, 142
1619717699.105352, 143
1619717699.123840, 142
1619717699.140653, 142
1619717699.165545, 145
1619717699.184191, 144
1619717699.201115, 144
1619717699.220608, 144
1619717699.239036, 144
1619717699.268602, 144
1619717699.286437, 145
1619717699.303615, 144
1619717699.322103, 145
1619717699.338914, 145
1619717699.357433, 145
1619717699.378251, 145
1619717699.394966, 145
1619717699.411645, 144
1619717699.431435, 145
1619717699.450567, 144
1619717699.469077, 144
1619717699.487395, 145
1619717699.507262, 144
1619717699.525534, 143
1619717699.545330, 144
1619717699.564349, 144
1619717699.584818, 144
1619717699.602602, 144
1619717699.619906, 143
1619717699.640737, 144
1619717699.657388, 145
1619717699.673053, 146
1619717699.690255, 145
1619717699.707508, 145
1619717699.725007, 145
1619717699.743652, 145
1619717699.763089, 145
1619717699.784569, 144
1619717699.800839, 146
1619717699.820993, 143
1619717699.848439, 144
1619717699.873150, 144
1619717699.894833, 145
1619717699.911539, 145
1619717699.927812, 145
1619717699.946872, 144
1619717699.966526, 145
1619717699.986354, 144
1619717700.003490, 145
1619717700.024645, 145
1619717700.042186, 145
1619717700.058411, 144
1619717700.075116, 143
1619717700.097842, 145
1619717700.117504, 146
1619717700.136600, 145
1619717700.153373, 145
1619717700.171723, 146
1619717700.188511, 145
1619717700.206614, 146
1619717700.225647, 144
1619717700.242251, 145
1619717700.259696, 145
1619717700.275769, 146
1619717700.291930, 145
1619717700.308160, 145
1619717700.326098, 146
1619717700.342280, 145
1619717700.357863, 145
1619717700.374098, 145
1619717700.391376, 145
1619717700.410438, 146
1619717700.432419, 145
1619717700.470023, 145
1619717700.496153, 145
1619717700.515047, 144
1619717700.535546, 145
1619717700.555684, 145
1619717700.573499, 146
1619717700.591929, 147
1619717700.608217, 145
1619717700.624908, 145
1619717700.643776, 147
1619717700.660731, 146
1619717700.676932, 145
1619717700.693109, 146
1619717700.709273, 146
1619717700.726094, 146
1619717700.742307, 147
1619717700.758888, 147
1619717700.775116, 146
1619717700.792591, 147
1619717700.812218, 147
1619717700.832879, 147
1619717700.853572, 147
1619717700.870830, 146
1619717700.891337, 146
1619717700.907593, 145
1619717700.925122, 144
1619717700.941352, 146
1619717700.957509, 145
1619717700.973914, 147
1619717700.991460, 146
1619717701.009427, 144
1619717701.027517, 145
1619717701.070536, 147
1619717701.091416, 146
1619717701.111174, 146
1619717701.127751, 146
1619717701.144038, 147
1619717701.164747, 147
1619717701.183911, 147
1619717701.206831, 147
1619717701.224220, 149
1619717701.240397, 148
1619717701.256601, 148
1619717701.272406, 146
1619717701.289218, 147
1619717701.305424, 147
1619717701.322846, 148
1619717701.339574, 147
1619717701.360412, 146
1619717701.376670, 148
1619717701.396300, 148
1619717701.414673, 147
1619717701.434441, 147
1619717701.454463, 148
1619717701.471301, 147
1619717701.492654, 147
1619717701.509393, 146
1619717701.525643, 146
1619717701.544242, 147
1619717701.562187, 148
1619717701.581798, 147
1619717701.600822, 148
1619717701.620614, 149
1619717701.644523, 148
1619717701.664719, 148
1619717701.686112, 148
1619717701.703756, 148
1619717701.721964, 148
1619717701.739292, 148
1619717701.756192, 148
1619717701.773489, 148
1619717701.791380, 148
1619717701.809948, 149
1619717701.827795, 148
1619717701.846294, 150
1619717701.863186, 149
1619717701.881559, 148
1619717701.901289, 148
1619717701.919773, 149
1619717701.937265, 148
1619717701.956417, 148
1619717701.972668, 146
1619717701.988578, 146
1619717702.004661, 147
1619717702.022856, 147
1619717702.040209, 148
1619717702.057014, 148
1619717702.073236, 148
1619717702.089433, 148
1619717702.108097, 146
1619717702.124772, 148
1619717702.141539, 147
1619717702.157789, 147
1619717702.174035, 148
1619717702.191493, 148
1619717702.208405, 148
1619717702.224582, 148
1619717702.248186, 148
1619717702.268968, 149
1619717702.288853, 149
1619717702.305291, 147
1619717702.322203, 150
1619717702.338483, 150
1619717702.354704, 149
1619717702.376086, 148
1619717702.397605, 150
1619717702.415729, 149
1619717702.438384, 148
1619717702.455022, 150
1619717702.471195, 148
1619717702.488615, 148
1619717702.513220, 148
1619717702.533503, 149
1619717702.554295, 150
1619717702.572308, 150
1619717702.590689, 150
1619717702.607927, 150
1619717702.624279, 149
1619717702.641061, 148
1619717702.661179, 148
1619717702.679182, 149
1619717702.698197, 149
1619717702.719016, 148
1619717702.736269, 149
1619717702.755309, 149
1619717702.774957, 148
1619717702.790675, 148
1619717702.806897, 148
1619717702.823986, 149
1619717702.841710, 149
1619717702.870257, 148
1619717702.888901, 148
1619717702.905711, 147
1619717702.921773, 147
1619717702.939186, 148
1619717702.956148, 149
1619717702.973353, 148
1619717702.991297, 150
1619717703.009855, 150
1619717703.027082, 149
1619717703.043351, 149
1619717703.060234, 150
1619717703.076988, 150
1619717703.093324, 148
1619717703.109542, 149
1619717703.128429, 150
1619717703.145316, 149
1619717703.166751, 150
1619717703.185456, 150
1619717703.203768, 148
1619717703.220619, 149
1619717703.236726, 149
1619717703.255847, 150
1619717703.272627, 149
1619717703.288828, 150
1619717703.304523, 149
1619717703.322480, 148
1619717703.340995, 148
1619717703.357663, 148
1619717703.377905, 148
1619717703.395339, 148
1619717703.412125, 150
1619717703.448229, 149
1619717703.473229, 147
1619717703.495563, 149
1619717703.512937, 150
1619717703.531948, 150
1619717703.551226, 150
1619717703.572520, 149
1619717703.589712, 151
1619717703.608867, 151
1619717703.624936, 150
1619717703.641796, 150
1619717703.658000, 150
1619717703.673872, 150
1619717703.692324, 151
1619717703.709672, 151
1619717703.728126, 150
1619717703.744397, 150
1619717703.762322, 150
1619717703.780621, 151
1619717703.799055, 150
1619717703.818335, 151
1619717703.836302, 150
1619717703.853549, 149
1619717703.871054, 149
1619717703.888561, 149
1619717703.906620, 150
1619717703.923734, 150
1619717703.940726, 151
1619717703.957406, 149
1619717703.975860, 150
1619717703.993262, 151
1619717704.008939, 151
1619717704.028624, 151
1619717704.060588, 151
1619717704.080800, 152
1619717704.100200, 151
1619717704.118203, 151
1619717704.135520, 151
1619717704.152567, 152
1619717704.170322, 150
1619717704.187053, 150
1619717704.204625, 151
1619717704.222891, 150
1619717704.249216, 151
1619717704.270086, 151
1619717704.286868, 150
1619717704.304720, 151
1619717704.321548, 151
1619717704.339448, 150
1619717704.357396, 150
1619717704.373069, 149
1619717704.389936, 150
1619717704.406702, 149
1619717704.422972, 151
1619717704.439390, 150
1619717704.457906, 151
1619717704.476754, 151
1619717704.498499, 151
1619717704.516563, 151
1619717704.534423, 151
1619717704.552577, 151
1619717704.571869, 151
1619717704.590720, 150
1619717704.607336, 150
1619717704.625260, 152
1619717704.651519, 151
1619717704.674439, 151
1619717704.692424, 151
1619717704.708161, 151
1619717704.724666, 152
1619717704.745362, 152
1619717704.768016, 152
1619717704.784834, 152
1619717704.806728, 153
1619717704.823653, 151
1619717704.850484, 153
1619717704.883373, 149
1619717704.927218, 151
1619717704.949160, 151
1619717704.969474, 154
1619717704.987932, 153
1619717705.005727, 152
1619717705.021999, 153
1619717705.038492, 153
1619717705.056272, 151
1619717705.072893, 153
1619717705.090314, 152
1619717705.106052, 152
1619717705.121925, 151
1619717705.140291, 153
1619717705.157407, 151
1619717705.175431, 151
1619717705.191715, 154
1619717705.207434, 153
1619717705.223130, 152
1619717705.248910, 151
1619717705.269673, 151
1619717705.285866, 152
1619717705.302223, 152
1619717705.318486, 153
1619717705.337502, 152
1619717705.353254, 152
1619717705.399808, 151
1619717705.440448, 154
1619717705.471948, 153
1619717705.489954, 155
1619717705.508855, 154
1619717705.528953, 154
1619717705.546364, 155
1619717705.562569, 153
1619717705.580680, 154
1619717705.597880, 153
1619717705.618323, 154
1619717705.636315, 154
1619717705.653150, 155
1619717705.669413, 155
1619717705.686487, 152
1619717705.703133, 153
1619717705.719089, 152
1619717705.735160, 154
1619717705.753030, 153
1619717705.770917, 153
1619717705.787633, 154
1619717705.804862, 152
1619717705.820709, 150
1619717705.844536, 152
1619717705.870371, 151
1619717705.889955, 153
1619717705.906189, 151
1619717705.922403, 151
1619717705.939874, 153
1619717705.956330, 153
1619717705.973402, 153
1619717705.991416, 154
1619717706.011026, 153
1619717706.096321, 147
1619717706.120306, 154
1619717706.154874, 154
1619717706.177688, 153
1619717706.195781, 154
1619717706.214668, 154
1619717706.232136, 154
1619717706.251523, 155
1619717706.270667, 154
1619717706.286759, 153
1619717706.304474, 154
1619717706.320592, 153
1619717706.336357, 154
1619717706.353655, 155
1619717706.373200, 155
1619717706.396234, 154
1619717706.413655, 154
1619717706.434295, 154
1619717706.464799, 154
1619717706.492038, 156
1619717706.509570, 155
1619717706.525146, 155
1619717706.547529, 156
1619717706.564311, 154
1619717706.581344, 154
1619717706.599103, 155
1619717706.615852, 153
1619717706.632805, 154
1619717706.651691, 155
1619717706.667983, 154
1619717706.684248, 155
1619717706.702765, 155
1619717706.720126, 154
1619717706.737372, 153
1619717706.754763, 154
1619717706.771627, 155
1619717706.788657, 156
1619717706.805267, 155
1619717706.823215, 156
1619717706.840755, 155
1619717706.862311, 155
1619717706.884318, 154
1619717706.903782, 155
1619717706.927074, 154
1619717706.958481, 155
1619717707.008597, 156
1619717707.053441, 155
1619717707.085390, 155
1619717707.115033, 157
1619717707.132667, 155
1619717707.149333, 154
1619717707.166070, 155
1619717707.188574, 153
1619717707.206994, 154
1619717707.225532, 154
1619717707.242220, 154
1619717707.260321, 155
1619717707.279410, 155
1619717707.298818, 156
1619717707.317871, 154
1619717707.336357, 156
1619717707.354223, 154
1619717707.372831, 155
1619717707.388991, 155
1619717707.405863, 154
1619717707.423053, 154
1619717707.438934, 154
1619717707.457443, 153
1619717707.474839, 154
1619717707.495480, 154
1619717707.514512, 154
1619717707.534982, 155
1619717707.554027, 156
1619717707.574822, 156
1619717707.594664, 155
1619717707.618202, 156
1619717707.635093, 156
1619717707.652310, 156
1619717707.683827, 155
1619717707.706749, 156
1619717707.723591, 155
1619717707.739848, 155
1619717707.756285, 155
1619717707.772348, 156
1619717707.788529, 155
1619717707.804249, 156
1619717707.821014, 155
1619717707.836711, 155
1619717707.853026, 155
1619717707.869686, 155
1619717707.886269, 154
1619717707.902818, 155
1619717707.919731, 154
1619717707.938812, 154
1619717707.955656, 154
1619717707.972477, 155
1619717707.990303, 155
1619717708.007088, 156
1619717708.023411, 157
1619717708.041342, 156
1619717708.059080, 155
1619717708.076126, 157
1619717708.091965, 156
1619717708.108737, 156
1619717708.125680, 157
1619717708.144521, 156
1619717708.160681, 157
1619717708.180317, 156
1619717708.200859, 156
1619717708.219620, 155
1619717708.236891, 156
1619717708.264869, 156
1619717708.285635, 156
1619717708.301986, 157
1619717708.318739, 157
1619717708.336338, 156
1619717708.355383, 158
1619717708.372969, 156
1619717708.391560, 156
1619717708.408213, 156
1619717708.427234, 156
1619717708.444264, 156
1619717708.461436, 156
1619717708.480463, 156
1619717708.502281, 156
1619717708.527573, 156
1619717708.547154, 157
1619717708.565561, 157
1619717708.586043, 156
1619717708.603440, 156
1619717708.620407, 156
1619717708.639184, 155
1619717708.655448, 156
1619717708.672409, 155
1619717708.689135, 157
1619717708.706031, 157
1619717708.722640, 156
1619717708.738976, 157
1619717708.755864, 157
1619717708.773169, 156
1619717708.791293, 155
1619717708.807424, 156
1619717708.823892, 157
1619717708.841544, 158
1619717708.882555, 156
1619717708.901462, 157
1619717708.919917, 157
1619717708.939046, 156
1619717708.955434, 156
1619717708.974367, 156
1619717708.992301, 156
1619717709.007881, 157
1619717709.028338, 157
1619717709.048775, 156
1619717709.071282, 157
1619717709.096862, 157
1619717709.117358, 157
1619717709.135364, 157
1619717709.153803, 157
1619717709.174938, 157
1619717709.196455, 158
1619717709.218334, 158
1619717709.238117, 157
1619717709.258552, 157
1619717709.278138, 157
1619717709.297766, 158
1619717709.317741, 158
1619717709.336116, 158
1619717709.353897, 158
1619717709.370435, 157
1619717709.387345, 157
1619717709.403035, 157
1619717709.420974, 156
1619717709.439451, 157
1619717709.469191, 156
1619717709.487327, 157
1619717709.505601, 158
1619717709.522401, 158
1619717709.541503, 157
1619717709.559334, 158
1619717709.575596, 158
1619717709.591957, 158
1619717709.607561, 157
1619717709.623816, 158
1619717709.640115, 159
1619717709.657549, 157
1619717709.674802, 159
1619717709.694488, 158
1619717709.711816, 158
1619717709.729770, 159
1619717709.750737, 158
1619717709.769557, 158
1619717709.788072, 157
1619717709.804368, 158
1619717709.820900, 158
1619717709.838535, 158
1619717709.855862, 158
1619717709.873735, 159
1619717709.890507, 159
1619717709.908024, 159
1619717709.924690, 157
1619717709.941610, 159
1619717709.960104, 157
1619717709.976287, 158
1619717709.994275, 159
1619717710.012183, 160
1619717710.035433, 160
1619717710.055872, 160
1619717710.088417, 160
1619717710.107882, 158
1619717710.124196, 159
1619717710.140497, 158
1619717710.157715, 159
1619717710.174569, 159
1619717710.191297, 160
1619717710.207573, 159
1619717710.224922, 160
1619717710.242301, 161
1619717710.261341, 159
1619717710.278757, 159
1619717710.297804, 160
1619717710.315116, 159
1619717710.335384, 159
1619717710.353307, 159
1619717710.371161, 158
1619717710.389418, 159
1619717710.406994, 158
1619717710.425396, 158
1619717710.443258, 158
1619717710.460581, 156
1619717710.479571, 158
1619717710.499309, 157
1619717710.520540, 159
1619717710.538356, 159
1619717710.558008, 159
1619717710.574899, 160
1619717710.593074, 159
1619717710.608766, 160
1619717710.625564, 160
1619717710.641883, 161
1619717710.669300, 160
1619717710.691398, 161
1619717710.715389, 161
1619717710.735283, 161
1619717710.753428, 161
1619717710.773044, 160
1619717710.790301, 160
1619717710.822841, 161
1619717710.839576, 161
1619717710.856667, 162
1619717710.874518, 160
1619717710.890750, 160
1619717710.911803, 161
1619717710.932214, 160
1619717710.955832, 161
1619717710.975302, 159
1619717710.992176, 159
1619717711.008455, 159
1619717711.024440, 160
1619717711.042034, 160
1619717711.058255, 160
1619717711.075585, 160
1619717711.092489, 160
1619717711.108143, 160
1619717711.127268, 160
1619717711.146162, 160
1619717711.168775, 161
1619717711.186574, 160
1619717711.202747, 161
1619717711.222930, 160
1619717711.241324, 158
1619717711.274457, 160
1619717711.293967, 159
1619717711.312729, 161
1619717711.333557, 161
1619717711.351064, 159
1619717711.372368, 160
1619717711.389652, 160
1619717711.407990, 160
1619717711.425889, 158
1619717711.442360, 160
1619717711.460133, 159
1619717711.476415, 160
1619717711.497355, 159
1619717711.517008, 159
1619717711.536600, 160
1619717711.554898, 161
1619717711.573600, 160
1619717711.590700, 161
1619717711.606520, 161
1619717711.622640, 161
1619717711.639468, 159
1619717711.655781, 161
1619717711.673762, 160
1619717711.689291, 160
1619717711.706581, 161
1619717711.723082, 161
1619717711.741302, 161
1619717711.757556, 161
1619717711.774280, 161
1619717711.789994, 160
1619717711.806231, 161
1619717711.822999, 160
1619717711.840792, 160
1619717711.868615, 161
1619717711.891291, 161
1619717711.910181, 161
1619717711.927378, 162
1619717711.944968, 162
1619717711.964349, 161
1619717711.986715, 160
1619717712.004533, 162
1619717712.022259, 160
1619717712.040097, 161
1619717712.056443, 161
1619717712.076179, 162
1619717712.092584, 162
1619717712.108296, 162
1619717712.125286, 163
1619717712.143127, 162
1619717712.160220, 163
1619717712.183793, 163
1619717712.200813, 162
1619717712.217909, 163
1619717712.238894, 162
1619717712.256584, 162
1619717712.273039, 162
1619717712.289472, 162
1619717712.307843, 161
1619717712.324214, 161
1619717712.342735, 161
1619717712.358835, 161
1619717712.378194, 162
1619717712.399827, 162
1619717712.417876, 162
1619717712.435142, 161
1619717712.452468, 160
1619717712.478724, 161
1619717712.505616, 161
1619717712.525904, 161
1619717712.549322, 155
1619717712.603191, 161
1619717712.651416, 161
1619717712.673550, 163
1619717712.734702, 163
1619717712.755602, 164
1619717712.772152, 163
1619717712.788766, 164
1619717712.804241, 163
1619717712.820594, 163
1619717712.838379, 162
1619717712.856853, 164
1619717712.876058, 163
1619717712.894912, 162
1619717712.912907, 164
1619717712.930676, 163
1619717712.945218, 163
1619717712.962858, 163
1619717712.978429, 163
1619717712.995548, 162
1619717713.010681, 162
1619717713.027056, 162
1619717713.044483, 160
1619717713.077149, 163
1619717713.093999, 162
1619717713.111002, 163
1619717713.127080, 162
1619717713.145960, 163
1619717713.163852, 162
1619717713.180847, 163
1619717713.198431, 162
1619717713.216882, 164
1619717713.233664, 162
1619717713.250562, 162
1619717713.265425, 164
1619717713.282595, 163
1619717713.302094, 161
1619717713.318476, 163
1619717713.335144, 162
1619717713.351434, 162
1619717713.372148, 163
1619717713.389070, 163
1619717713.405099, 162
1619717713.422051, 163
1619717713.439221, 162
1619717713.459379, 162
1619717713.480637, 162
1619717713.499482, 163
1619717713.516438, 162
1619717713.535036, 162
1619717713.552284, 162
1619717713.570952, 161
1619717713.588862, 162
1619717713.605799, 162
1619717713.628486, 162
1619717713.655010, 165
1619717713.683005, 164
1619717713.704534, 163
1619717713.720761, 164
1619717713.736882, 164
1619717713.753920, 163
1619717713.774550, 164
1619717713.792346, 164
1619717713.813277, 163
1619717713.837791, 164
1619717713.856432, 164
1619717713.877824, 163
1619717713.896858, 164
1619717713.914124, 163
1619717713.933057, 165
1619717713.950490, 164
1619717713.968346, 165
1619717713.984916, 165
1619717714.002704, 164
1619717714.020740, 165
1619717714.040540, 164
1619717714.060235, 162
1619717714.078407, 162
1619717714.096807, 162
1619717714.116286, 162
1619717714.133483, 162
1619717714.151652, 162
1619717714.168675, 163
1619717714.184295, 163
1619717714.201478, 163
1619717714.217675, 164
1619717714.233947, 165
1619717714.252176, 164
1619717714.279669, 163
1619717714.300491, 163
1619717714.320362, 164
1619717714.337319, 164
1619717714.353617, 165
1619717714.375059, 163
1619717714.392179, 164
1619717714.410018, 163
1619717714.428060, 164
1619717714.445303, 164
1619717714.465275, 164
1619717714.484148, 164
1619717714.504520, 164
1619717714.522609, 164
1619717714.540202, 165
1619717714.556220, 163
1619717714.573278, 164
1619717714.589675, 164
1619717714.606670, 164
1619717714.625793, 164
1619717714.642572, 164
1619717714.658491, 164
1619717714.676247, 165
1619717714.693976, 165
1619717714.711568, 166
1619717714.731833, 167
1619717714.750993, 166
1619717714.769868, 165
1619717714.788382, 165
1619717714.806834, 166
1619717714.825736, 165
1619717714.845500, 165
1619717714.884065, 165
1619717714.905673, 167
1619717714.925106, 165
1619717714.942142, 164
1619717714.958164, 163
1619717714.975987, 165
1619717714.992800, 164
1619717715.008495, 165
1619717715.024563, 165
1619717715.042663, 164
1619717715.060259, 162
1619717715.077503, 164
1619717715.094379, 164
1619717715.111060, 163
1619717715.134972, 163
1619717715.151956, 164
1619717715.170230, 164
1619717715.186849, 165
1619717715.204479, 166
1619717715.222139, 165
1619717715.239713, 165
1619717715.256885, 165
1619717715.273996, 165
1619717715.290317, 164
1619717715.307436, 164
1619717715.324505, 165
1619717715.341117, 165
1619717715.357520, 165
1619717715.374083, 166
1619717715.392746, 165
1619717715.411209, 165
1619717715.430356, 165
1619717715.449291, 164
1619717715.505229, 166
1619717715.532253, 166
1619717715.553581, 166
1619717715.569417, 165
1619717715.586919, 164
1619717715.604628, 164
1619717715.621755, 165
1619717715.638461, 165
1619717715.655924, 164
1619717715.681490, 165
1619717715.700453, 165
1619717715.719153, 167
1619717715.735318, 166
1619717715.752754, 166
1619717715.768710, 165
1619717715.786156, 167
1619717715.804484, 166
1619717715.821846, 166
1619717715.838442, 167
1619717715.854499, 166
1619717715.871016, 166
1619717715.887684, 166
1619717715.905767, 167
1619717715.923662, 166
1619717715.941774, 166
1619717715.958951, 167
1619717715.975373, 168
1619717715.993759, 166
1619717716.012096, 166
1619717716.030066, 166
1619717716.047061, 166
1619717716.065241, 166
1619717716.088646, 167
1619717716.108185, 166
1619717716.126618, 167
1619717716.143256, 166
1619717716.160589, 166
1619717716.179303, 165
1619717716.200291, 165
1619717716.220539, 166
1619717716.239333, 168
1619717716.259382, 167
1619717716.276043, 168
1619717716.294851, 167
1619717716.312048, 168
1619717716.331660, 166
1619717716.358239, 167
1619717716.379346, 167
1619717716.397386, 167
1619717716.417307, 167
1619717716.434018, 168
1619717716.450508, 168
1619717716.467973, 167
1619717716.487289, 167
1619717716.504512, 166
1619717716.521894, 166
1619717716.539814, 166
1619717716.557415, 166
1619717716.573864, 166
1619717716.593317, 166
1619717716.612924, 167
1619717716.630119, 165
1619717716.649622, 165
1619717716.682571, 165
1619717716.706792, 164
1619717716.723979, 165
1619717716.744824, 166
1619717716.765271, 169
1619717716.783190, 167
1619717716.801961, 169
1619717716.818365, 167
1619717716.835124, 168
1619717716.852896, 168
1619717716.869638, 168
1619717716.888354, 168
1619717716.905044, 168
1619717716.922158, 168
1619717716.939426, 167
1619717716.956808, 169
1619717716.973209, 169
1619717716.989633, 168
1619717717.006873, 168
1619717717.024044, 169
1619717717.040700, 168
1619717717.057444, 169
1619717717.073840, 168
1619717717.090241, 168
1619717717.107572, 168
1619717717.124005, 168
1619717717.142733, 168
1619717717.160501, 167
1619717717.180165, 164
1619717717.199861, 166
1619717717.220841, 167
1619717717.237021, 166
1619717717.269164, 168
1619717717.293863, 167
1619717717.352363, 168
1619717717.371089, 167
1619717717.388858, 169
1619717717.408242, 168
1619717717.426202, 167
1619717717.447747, 168
1619717717.466703, 167
1619717717.486294, 167
1619717717.505102, 168
1619717717.526195, 167
1619717717.543212, 168
1619717717.564843, 169
1619717717.585135, 169
1619717717.602429, 168
1619717717.624358, 168
1619717717.640721, 168
1619717717.659381, 169
1619717717.676739, 169
1619717717.697388, 167
1619717717.724265, 167
1619717717.767614, 168
1619717717.814444, 167
1619717717.840870, 168
1619717717.858787, 169
1619717717.879013, 168
1619717717.905730, 169
1619717717.926926, 169
1619717717.944946, 169
1619717717.962524, 169
1619717717.981256, 168
1619717717.999288, 169
1619717718.016563, 169
1619717718.034731, 169
1619717718.055390, 169
1619717718.072741, 170
1619717718.092384, 168
1619717718.109503, 170
1619717718.128208, 171
1619717718.151858, 169
1619717718.170521, 170
1619717718.187744, 170
1619717718.204852, 170
1619717718.220708, 169
1619717718.238810, 168
1619717718.254979, 168
1619717718.271624, 166
1619717718.287904, 168
1619717718.304254, 167
1619717718.321577, 168
1619717718.339573, 167
1619717718.358809, 169
1619717718.375451, 170
1619717718.391137, 169
1619717718.407509, 169
1619717718.423968, 168
1619717718.440407, 169
1619717718.457632, 169
1619717718.478794, 169
1619717718.499393, 169
1619717718.522680, 169
1619717718.539662, 169
1619717718.557033, 170
1619717718.573984, 169
1619717718.590315, 169
1619717718.608461, 169
1619717718.626311, 169
1619717718.645085, 169
1619717718.664461, 168
1619717718.683639, 169
1619717718.705773, 169
1619717718.722559, 169
1619717718.740340, 170
1619717718.757522, 169
1619717718.774378, 168
1619717718.791636, 168
1619717718.808274, 168
1619717718.829967, 167
1619717718.847995, 168
1619717718.866755, 170
1619717718.886086, 169
1619717718.904355, 170
1619717718.920500, 170
1619717718.936996, 171
1619717718.953126, 169
1619717718.969520, 169
1619717718.987142, 170
1619717719.003868, 169
1619717719.019989, 169
1619717719.036810, 170
1619717719.053541, 169
1619717719.070843, 168
1619717719.093810, 169
1619717719.125738, 169
1619717719.142721, 171
1619717719.159205, 170
1619717719.174485, 169
1619717719.191249, 169
1619717719.207989, 170
1619717719.226219, 170
1619717719.242270, 170
1619717719.262064, 170
1619717719.279559, 170
1619717719.297162, 170
1619717719.354865, 169
1619717719.376937, 170
1619717719.399239, 170
1619717719.417379, 171
1619717719.436335, 171
1619717719.452552, 171
1619717719.469369, 171
1619717719.487913, 172
1619717719.504829, 171
1619717719.523825, 171
1619717719.540227, 171
1619717719.556934, 172
1619717719.573487, 171
1619717719.590168, 172
1619717719.607059, 172
1619717719.623713, 171
1619717719.638947, 171
1619717719.655782, 171
1619717719.672554, 171
1619717719.690987, 170
1619717719.718634, 171
1619717719.736540, 171
1619717719.753156, 171
1619717719.771198, 170
1619717719.788905, 171
1619717719.804953, 170
1619717719.823050, 169
1619717719.841285, 171
1619717719.857303, 171
1619717719.874038, 170
1619717719.891612, 169
1619717719.908281, 169
1619717719.926593, 169
1619717719.943327, 170
1619717719.960127, 169
1619717719.980727, 170
1619717720.002989, 171
1619717720.024849, 169
1619717720.049020, 171
1619717720.067527, 171
1619717720.088138, 171
1619717720.106393, 172
1619717720.123117, 172
1619717720.140529, 171
1619717720.157219, 171
1619717720.175149, 171
1619717720.193571, 172
1619717720.213302, 171
1619717720.233841, 173
1619717720.252262, 171
1619717720.269013, 171
1619717720.289560, 172
1619717720.315375, 172
1619717720.333720, 171
1619717720.350886, 171
1619717720.370726, 171
1619717720.389814, 171
1619717720.406551, 170
1619717720.422719, 169
1619717720.439304, 169
1619717720.456147, 170
1619717720.474052, 171
1619717720.490091, 171
1619717720.507665, 169
1619717720.525120, 171
1619717720.548577, 172
1619717720.570940, 171
1619717720.587641, 171
1619717720.604504, 173
1619717720.621203, 172
1619717720.637987, 171
1619717720.654720, 172
1619717720.671399, 172
1619717720.688322, 171
1619717720.705791, 172
1619717720.721707, 171
1619717720.737731, 173
1619717720.753680, 172
1619717720.772002, 173
1619717720.789836, 172
1619717720.807309, 171
1619717720.823276, 172
1619717720.838619, 173
1619717720.855456, 172
1619717720.871270, 171
1619717720.889843, 172
1619717720.919672, 171
1619717720.937337, 173
1619717720.953156, 171
1619717720.973450, 170
1619717720.990760, 172
1619717721.009166, 171
1619717721.025646, 171
1619717721.043555, 171
1619717721.062842, 170
1619717721.084976, 172
1619717721.104217, 172
1619717721.123662, 173
1619717721.140715, 173
1619717721.157613, 172
1619717721.174439, 172
1619717721.191403, 171
1619717721.208305, 173
1619717721.228112, 172
1619717721.247175, 173
1619717721.266063, 174
1619717721.287848, 173
1619717721.308815, 172
1619717721.324663, 174
1619717721.341347, 173
1619717721.359004, 173
1619717721.376141, 173
1619717721.393675, 172
1619717721.411737, 173
1619717721.431183, 173
1619717721.449025, 172
1619717721.468735, 173
1619717721.488030, 172
1619717721.525863, 172
1619717721.545217, 172
1619717721.566449, 172
1619717721.590342, 173
1619717721.607398, 173
1619717721.629058, 173
1619717721.647595, 175
1619717721.668086, 174
1619717721.686580, 173
1619717721.707300, 174
1619717721.723139, 173
1619717721.739674, 173
1619717721.756289, 173
1619717721.772470, 174
1619717721.790313, 175
1619717721.806655, 175
1619717721.822589, 174
1619717721.839110, 174
1619717721.854956, 173
1619717721.873223, 175
1619717721.891043, 175
1619717721.909485, 174
1619717721.925913, 174
1619717721.942231, 174
1619717721.961586, 174
1619717721.979026, 174
1619717721.999585, 174
1619717722.018074, 174
1619717722.038562, 174
1619717722.055769, 172
1619717722.071995, 172
1619717722.089102, 172
1619717722.115740, 173
1619717722.136686, 172
1619717722.153076, 172
1619717722.170112, 173
1619717722.187382, 174
1619717722.205036, 172
1619717722.221531, 173
1619717722.238653, 173
1619717722.255040, 173
1619717722.271548, 174
1619717722.288078, 172
1619717722.303751, 175
1619717722.320476, 174
1619717722.336391, 174
1619717722.354178, 172
1619717722.370498, 173
1619717722.387699, 173
1619717722.405344, 175
1619717722.424641, 175
1619717722.441013, 174
1619717722.459426, 174
1619717722.475890, 174
1619717722.493735, 174
1619717722.513565, 173
1619717722.532709, 174
1619717722.554363, 173
1619717722.571487, 175
1619717722.588805, 174
1619717722.610425, 173
1619717722.628588, 174
1619717722.645929, 174
1619717722.665228, 175
1619717722.688265, 176
1619717722.706615, 175
1619717722.738164, 177
1619717722.754035, 176
1619717722.771826, 176
1619717722.789625, 176
1619717722.806159, 176
1619717722.825833, 176
1619717722.842120, 177
1619717722.857996, 176
1619717722.884230, 175
1619717722.903231, 177
1619717722.922388, 177
1619717722.940174, 177
1619717722.957861, 176
1619717722.973726, 177
1619717722.990217, 177
1619717723.009272, 176
1619717723.025102, 177
1619717723.041650, 176
1619717723.058063, 175
1619717723.073934, 175
1619717723.090363, 176
1619717723.106172, 174
1619717723.122605, 175
1619717723.138546, 176
1619717723.155040, 175
1619717723.171428, 175
1619717723.188723, 175
1619717723.206181, 176
1619717723.223402, 174
1619717723.239387, 175
1619717723.255461, 176
1619717723.272022, 176
1619717723.291748, 177
1619717723.314819, 175
1619717723.336692, 174
1619717723.353037, 176
1619717723.370047, 176
1619717723.387455, 176
1619717723.404355, 175
1619717723.420837, 175
1619717723.438799, 176
1619717723.456519, 176
1619717723.473560, 177
1619717723.491291, 176
1619717723.508444, 176
1619717723.524887, 175
1619717723.541330, 176
1619717723.557864, 173
1619717723.574453, 174
1619717723.595128, 175
1619717723.614296, 175
1619717723.638777, 176
1619717723.658805, 175
1619717723.675472, 174
1619717723.693259, 175
1619717723.710381, 174
1619717723.732881, 174
1619717723.750075, 175
1619717723.769774, 174
1619717723.792027, 175
1619717723.808330, 175
1619717723.824759, 175
1619717723.846907, 175
1619717723.865700, 176
1619717723.884210, 175
1619717723.907179, 175
1619717723.933554, 175
1619717723.954466, 175
1619717723.971094, 176
1619717723.988459, 175
1619717724.005328, 175
1619717724.021333, 177
1619717724.039042, 178
1619717724.058745, 176
1619717724.074619, 176
1619717724.090507, 177
1619717724.106913, 178
1619717724.122784, 177
1619717724.139906, 176
1619717724.155833, 178
1619717724.171974, 177
1619717724.190307, 177
1619717724.206913, 176
1619717724.223298, 177
1619717724.241746, 177
1619717724.258245, 176
1619717724.274175, 176
1619717724.291772, 176
1619717724.308913, 176
1619717724.329105, 176
1619717724.347910, 176
1619717724.365592, 177
1619717724.382775, 177
1619717724.399961, 177
1619717724.419772, 176
1619717724.437455, 178
1619717724.454633, 176
1619717724.471126, 176
1619717724.488275, 177
1619717724.517699, 177
1619717724.542198, 176
1619717724.562738, 176
1619717724.581795, 176
1619717724.601809, 177
1619717724.622182, 177
1619717724.639182, 177
1619717724.655681, 177
1619717724.672193, 177
1619717724.689917, 177
1619717724.709199, 176
1619717724.726216, 178
1619717724.745264, 177
1619717724.763366, 176
1619717724.782081, 175
1619717724.799935, 175
1619717724.816828, 176
1619717724.836267, 177
1619717724.855303, 176
1619717724.872399, 175
1619717724.890021, 177
1619717724.906691, 176
1619717724.923656, 177
1619717724.941535, 177
1619717724.958542, 177
1619717724.978340, 176
1619717724.996275, 178
1619717725.016776, 177
1619717725.036622, 177
1619717725.054130, 176
1619717725.070475, 178
1619717725.087029, 175
1619717725.121164, 178
1619717725.144209, 176
1619717725.164002, 177
1619717725.184764, 177
1619717725.202384, 177
1619717725.219107, 177
1619717725.236838, 177
1619717725.252744, 177
1619717725.270959, 176
1619717725.288527, 176
1619717725.308806, 176
1619717725.325285, 177
1619717725.341142, 175
1619717725.357584, 176
1619717725.373267, 177
1619717725.391113, 176
1619717725.408283, 177
1619717725.424005, 176
1619717725.442422, 178
1619717725.458258, 177
1619717725.476175, 176
1619717725.495196, 178
1619717725.514982, 177
1619717725.533462, 176
1619717725.552550, 177
1619717725.572385, 176
1619717725.590048, 177
1619717725.613038, 177
1619717725.637013, 178
1619717725.655035, 179
1619717725.672425, 178
1619717725.688633, 179
1619717725.713659, 178
1619717725.733476, 177
1619717725.753186, 179
1619717725.772958, 180
1619717725.789942, 179
1619717725.808492, 178
1619717725.826861, 178
1619717725.844689, 179
1619717725.862507, 178
1619717725.881559, 178
1619717725.900091, 177
1619717725.920489, 177
1619717725.936941, 178
1619717725.956289, 178
1619717725.973166, 179
1619717725.999069, 179
1619717726.020457, 180
1619717726.037554, 179
1619717726.055324, 178
1619717726.072502, 179
1619717726.088618, 177
1619717726.108343, 178
1619717726.125208, 178
1619717726.142996, 177
1619717726.159443, 179
1619717726.177279, 178
1619717726.196819, 180
1619717726.215039, 179
1619717726.234110, 179
1619717726.251710, 180
1619717726.271623, 180
1619717726.288637, 178
1619717726.322228, 179
1619717726.345407, 179
1619717726.364829, 180
1619717726.383849, 180
1619717726.408025, 178
1619717726.429844, 180
1619717726.448268, 179
1619717726.465841, 178
1619717726.484162, 179
1619717726.502007, 179
1619717726.519482, 179
1619717726.541389, 180
1619717726.559904, 179
1619717726.578356, 180
1619717726.598098, 179
1619717726.617861, 179
1619717726.635626, 180
1619717726.653478, 179
1619717726.670536, 178
1619717726.686495, 178
1619717726.703134, 179
1619717726.721349, 181
1619717726.739508, 181
1619717726.7580