1619698706.342595, 0
1619698706.370296, 1
1619698706.387640, 0
1619698706.403660, 6
1619698706.419651, 0
1619698706.435697, 7
1619698706.451612, 5
1619698706.468859, 14
1619698706.486572, 17
1619698706.505337, 22
1619698706.534610, 28
1619698706.551610, 32
1619698706.567132, 36
1619698706.584786, 41
1619698706.601703, 47
1619698706.617819, 51
1619698706.635632, 54
1619698706.652834, 58
1619698706.668637, 63
1619698706.684562, 68
1619698706.702591, 73
1619698706.720652, 78
1619698706.739398, 86
1619698706.764676, 91
1619698706.783369, 97
1619698706.808306, 103
1619698706.826592, 108
1619698706.846729, 114
1619698706.864818, 120
1619698706.883236, 119
1619698706.900331, 119
1619698706.918305, 119
1619698706.934387, 119
1619698706.956536, 119
1619698706.976451, 120
1619698706.993300, 120
1619698707.011328, 120
1619698707.028381, 120
1619698707.050328, 120
1619698707.070267, 119
1619698707.091422, 119
1619698707.132304, 119
1619698707.148378, 119
1619698707.166356, 119
1619698707.183271, 119
1619698707.202418, 118
1619698707.218535, 119
1619698707.234446, 120
1619698707.252594, 119
1619698707.268788, 120
1619698707.287151, 119
1619698707.307428, 119
1619698707.328390, 119
1619698707.344607, 120
1619698707.361491, 118
1619698707.381715, 119
1619698707.402435, 120
1619698707.420514, 119
1619698707.437583, 119
1619698707.457435, 119
1619698707.476392, 119
1619698707.495570, 120
1619698707.513922, 120
1619698707.531574, 120
1619698707.550429, 119
1619698707.567313, 120
1619698707.584287, 119
1619698707.600302, 119
1619698707.616418, 119
1619698707.632392, 120
1619698707.649271, 119
1619698707.665286, 119
1619698707.681501, 119
1619698707.697764, 120
1619698707.732303, 119
1619698707.750353, 120
1619698707.766331, 118
1619698707.782457, 119
1619698707.800457, 118
1619698707.816380, 119
1619698707.833431, 118
1619698707.849359, 119
1619698707.864637, 119
1619698707.880567, 118
1619698707.896499, 119
1619698707.915207, 117
1619698707.931393, 116
1619698707.949736, 116
1619698707.967991, 118
1619698707.984677, 120
1619698708.002251, 118
1619698708.018405, 119
1619698708.034473, 120
1619698708.050459, 120
1619698708.066466, 119
1619698708.085464, 120
1619698708.101497, 120
1619698708.117501, 120
1619698708.133540, 117
1619698708.150475, 117
1619698708.169468, 119
1619698708.188520, 118
1619698708.205507, 120
1619698708.224899, 115
1619698708.242561, 116
1619698708.262582, 115
1619698708.278594, 116
1619698708.295074, 120
1619698708.328417, 119
1619698708.347034, 119
1619698708.363946, 119
1619698708.379480, 117
1619698708.396584, 118
1619698708.413599, 114
1619698708.429535, 117
1619698708.446547, 113
1619698708.463483, 114
1619698708.480712, 114
1619698708.497857, 114
1619698708.513556, 117
1619698708.529552, 120
1619698708.545573, 119
1619698708.561567, 119
1619698708.577673, 119
1619698708.596729, 117
1619698708.612988, 115
1619698708.632814, 116
1619698708.651628, 113
1619698708.667626, 113
1619698708.687100, 111
1619698708.704802, 112
1619698708.720721, 116
1619698708.737068, 119
1619698708.754641, 118
1619698708.773832, 119
1619698708.794412, 117
1619698708.812748, 117
1619698708.829744, 116
1619698708.846602, 114
1619698708.863706, 112
1619698708.881812, 112
1619698708.898988, 114
1619698708.932651, 118
1619698708.956769, 118
1619698708.978465, 118
1619698708.996811, 116
1619698709.016777, 113
1619698709.032836, 110
1619698709.049738, 103
1619698709.070740, 95
1619698709.087845, 88
1619698709.105763, 81
1619698709.123825, 76
1619698709.141567, 75
1619698709.159106, 74
1619698709.178794, 74
1619698709.196871, 72
1619698709.213806, 73
1619698709.229767, 73
1619698709.247746, 73
1619698709.265737, 74
1619698709.285983, 75
1619698709.305985, 69
1619698709.324560, 61
1619698709.346010, 55
1619698709.364975, 48
1619698709.383798, 45
1619698709.408237, 43
1619698709.427790, 44
1619698709.450339, 43
1619698709.468781, 42
1619698709.487832, 42
1619698709.507971, 41
1619698709.539840, 42
1619698709.555839, 42
1619698709.573000, 42
1619698709.589854, 40
1619698709.606438, 41
1619698709.622836, 42
1619698709.639892, 41
1619698709.657938, 42
1619698709.677899, 42
1619698709.695914, 42
1619698709.712875, 41
1619698709.728972, 40
1619698709.744604, 40
1619698709.761092, 41
1619698709.779041, 42
1619698709.796988, 42
1619698709.814003, 43
1619698709.830008, 42
1619698709.845978, 42
1619698709.862123, 41
1619698709.878032, 40
1619698709.894011, 42
1619698709.911055, 42
1619698709.928209, 43
1619698709.944710, 42
1619698709.964902, 42
1619698709.983798, 43
1619698710.001753, 43
1619698710.017767, 43
1619698710.033733, 43
1619698710.049790, 44
1619698710.067853, 43
1619698710.084730, 41
1619698710.103463, 44
1619698710.124834, 43
1619698710.145383, 43
1619698710.163757, 43
1619698710.181855, 42
1619698710.199429, 43
1619698710.215803, 45
1619698710.231872, 44
1619698710.247935, 43
1619698710.265001, 44
1619698710.285034, 45
1619698710.301814, 43
1619698710.317858, 44
1619698710.335980, 44
1619698710.352860, 44
1619698710.373288, 45
1619698710.389982, 44
1619698710.406928, 44
1619698710.424906, 45
1619698710.441943, 45
1619698710.460541, 43
1619698710.476949, 46
1619698710.494910, 45
1619698710.510946, 45
1619698710.527916, 44
1619698710.547334, 44
1619698710.567021, 43
1619698710.583928, 44
1619698710.600145, 45
1619698710.616028, 45
1619698710.637767, 46
1619698710.655271, 45
1619698710.672973, 45
1619698710.689318, 45
1619698710.711843, 46
1619698710.745296, 46
1619698710.764881, 46
1619698710.780703, 46
1619698710.797092, 46
1619698710.813902, 46
1619698710.830896, 46
1619698710.852130, 46
1619698710.868855, 46
1619698710.884224, 45
1619698710.900322, 46
1619698710.917944, 46
1619698710.935352, 46
1619698710.952752, 47
1619698710.971027, 46
1619698710.988957, 47
1619698711.005005, 47
1619698711.024080, 47
1619698711.041847, 48
1619698711.057894, 47
1619698711.094904, 47
1619698711.113463, 48
1619698711.135126, 48
1619698711.151128, 48
1619698711.167856, 48
1619698711.186846, 46
1619698711.203439, 47
1619698711.220132, 49
1619698711.236077, 47
1619698711.252203, 48
1619698711.268192, 47
1619698711.286025, 48
1619698711.304354, 48
1619698711.324773, 49
1619698711.344798, 48
1619698711.361043, 49
1619698711.378679, 50
1619698711.400847, 50
1619698711.418677, 50
1619698711.434354, 50
1619698711.450970, 49
1619698711.467372, 48
1619698711.483995, 47
1619698711.500232, 49
1619698711.516197, 48
1619698711.532289, 49
1619698711.548385, 49
1619698711.565698, 49
1619698711.582289, 49
1619698711.600483, 50
1619698711.618354, 50
1619698711.634402, 50
1619698711.653234, 52
1619698711.669276, 50
1619698711.685980, 50
1619698711.705489, 50
1619698711.726047, 50
1619698711.742688, 51
1619698711.759429, 50
1619698711.775813, 50
1619698711.794627, 51
1619698711.812027, 50
1619698711.829484, 49
1619698711.847373, 50
1619698711.864752, 50
1619698711.881438, 51
1619698711.899788, 50
1619698711.925738, 52
1619698711.950456, 51
1619698711.967139, 51
1619698711.985517, 51
1619698712.006176, 51
1619698712.026399, 50
1619698712.043113, 52
1619698712.060306, 51
1619698712.076411, 50
1619698712.095247, 52
1619698712.113022, 52
1619698712.129842, 51
1619698712.147514, 51
1619698712.164352, 51
1619698712.183636, 51
1619698712.203466, 53
1619698712.221759, 52
1619698712.239395, 51
1619698712.255579, 52
1619698712.271503, 52
1619698712.287381, 52
1619698712.304000, 51
1619698712.320472, 52
1619698712.337808, 52
1619698712.354327, 52
1619698712.370807, 52
1619698712.390894, 51
1619698712.407423, 52
1619698712.425700, 52
1619698712.443505, 52
1619698712.460861, 53
1619698712.476815, 54
1619698712.493169, 53
1619698712.509227, 52
1619698712.536852, 53
1619698712.556989, 53
1619698712.578800, 54
1619698712.594585, 54
1619698712.612412, 54
1619698712.632238, 52
1619698712.648877, 53
1619698712.667774, 52
1619698712.684865, 52
1619698712.702251, 54
1619698712.721127, 54
1619698712.740081, 54
1619698712.757125, 55
1619698712.773611, 54
1619698712.790702, 54
1619698712.808507, 53
1619698712.826935, 54
1619698712.843695, 53
1619698712.860050, 54
1619698712.878303, 54
1619698712.896039, 54
1619698712.912822, 54
1619698712.930772, 54
1619698712.948629, 54
1619698712.965369, 54
1619698712.982569, 54
1619698712.999907, 54
1619698713.016569, 54
1619698713.032353, 55
1619698713.048482, 54
1619698713.064932, 54
1619698713.080241, 55
1619698713.098520, 55
1619698713.120839, 56
1619698713.143531, 55
1619698713.160523, 56
1619698713.179806, 55
1619698713.196283, 55
1619698713.212383, 55
1619698713.229527, 56
1619698713.246724, 54
1619698713.266715, 55
1619698713.284515, 55
1619698713.302688, 55
1619698713.320457, 56
1619698713.336944, 55
1619698713.354080, 57
1619698713.373656, 55
1619698713.391212, 55
1619698713.409965, 56
1619698713.428796, 56
1619698713.446267, 55
1619698713.463110, 57
1619698713.479928, 56
1619698713.497638, 56
1619698713.513747, 56
1619698713.530133, 56
1619698713.546731, 54
1619698713.562902, 56
1619698713.579957, 56
1619698713.596548, 56
1619698713.618128, 57
1619698713.636543, 56
1619698713.654103, 56
1619698713.670651, 58
1619698713.687756, 58
1619698713.705072, 57
1619698713.724419, 57
1619698713.750880, 58
1619698713.770336, 57
1619698713.786849, 58
1619698713.808696, 58
1619698713.827528, 59
1619698713.844401, 59
1619698713.863366, 58
1619698713.879694, 58
1619698713.898320, 57
1619698713.915486, 57
1619698713.931542, 58
1619698713.948291, 58
1619698713.967507, 57
1619698713.984320, 58
1619698714.000531, 59
1619698714.019276, 58
1619698714.036500, 57
1619698714.054443, 58
1619698714.073327, 58
1619698714.089542, 58
1619698714.107774, 58
1619698714.127830, 57
1619698714.144790, 57
1619698714.162010, 57
1619698714.178718, 58
1619698714.195984, 58
1619698714.213227, 59
1619698714.229932, 58
1619698714.246677, 58
1619698714.264276, 59
1619698714.283348, 60
1619698714.301206, 59
1619698714.327956, 59
1619698714.363925, 59
1619698714.382065, 60
1619698714.399877, 60
1619698714.419284, 59
1619698714.435382, 59
1619698714.452615, 59
1619698714.471399, 59
1619698714.489670, 60
1619698714.508559, 59
1619698714.526688, 59
1619698714.543303, 60
1619698714.560617, 58
1619698714.577769, 59
1619698714.595000, 60
1619698714.612410, 61
1619698714.631043, 60
1619698714.647716, 61
1619698714.665243, 61
1619698714.682503, 60
1619698714.700357, 61
1619698714.720680, 61
1619698714.738788, 60
1619698714.756112, 60
1619698714.774845, 60
1619698714.794186, 60
1619698714.811853, 61
1619698714.829131, 60
1619698714.846184, 60
1619698714.862793, 60
1619698714.879671, 61
1619698714.900183, 59
1619698714.922923, 62
1619698714.958453, 61
1619698714.978296, 62
1619698714.996283, 62
1619698715.013031, 62
1619698715.029121, 60
1619698715.045861, 61
1619698715.062411, 62
1619698715.078609, 61
1619698715.096341, 60
1619698715.113400, 62
1619698715.129335, 59
1619698715.145229, 62
1619698715.164162, 62
1619698715.181215, 61
1619698715.197498, 62
1619698715.214095, 62
1619698715.230486, 62
1619698715.247039, 62
1619698715.263190, 61
1619698715.279897, 63
1619698715.296189, 62
1619698715.312684, 63
1619698715.329918, 63
1619698715.348236, 62
1619698715.364426, 61
1619698715.385984, 63
1619698715.403753, 62
1619698715.421567, 62
1619698715.437927, 61
1619698715.455161, 62
1619698715.472718, 62
1619698715.488952, 63
1619698715.506085, 62
1619698715.544628, 63
1619698715.565579, 63
1619698715.582967, 64
1619698715.600159, 63
1619698715.616786, 63
1619698715.633553, 65
1619698715.653891, 65
1619698715.670694, 64
1619698715.687896, 64
1619698715.704634, 64
1619698715.724515, 64
1619698715.744446, 65
1619698715.764330, 65
1619698715.781556, 63
1619698715.797711, 63
1619698715.813817, 64
1619698715.832193, 63
1619698715.850246, 64
1619698715.867189, 64
1619698715.883898, 63
1619698715.900628, 63
1619698715.917891, 64
1619698715.936066, 64
1619698715.953190, 64
1619698715.970637, 64
1619698715.990183, 64
1619698716.009586, 64
1619698716.029316, 65
1619698716.048226, 64
1619698716.064395, 64
1619698716.080507, 64
1619698716.096596, 64
1619698716.115607, 65
1619698716.159293, 65
1619698716.178338, 64
1619698716.196156, 64
1619698716.213069, 64
1619698716.230533, 64
1619698716.248263, 66
1619698716.264017, 64
1619698716.280469, 65
1619698716.297326, 65
1619698716.313530, 64
1619698716.330437, 66
1619698716.348183, 66
1619698716.365249, 66
1619698716.384777, 66
1619698716.402754, 66
1619698716.419914, 67
1619698716.440832, 66
1619698716.457004, 66
1619698716.472933, 66
1619698716.491912, 65
1619698716.509923, 66
1619698716.526626, 66
1619698716.542823, 65
1619698716.560339, 65
1619698716.576443, 67
1619698716.593108, 66
1619698716.612125, 66
1619698716.629584, 66
1619698716.646387, 65
1619698716.666625, 66
1619698716.684245, 67
1619698716.702955, 67
1619698716.721202, 66
1619698716.740639, 67
1619698716.761034, 66
1619698716.779600, 67
1619698716.797782, 65
1619698716.814817, 66
1619698716.836311, 66
1619698716.852467, 67
1619698716.869071, 67
1619698716.888884, 67
1619698716.905844, 66
1619698716.926340, 66
1619698716.944609, 66
1619698716.960186, 67
1619698716.977430, 67
1619698716.995256, 67
1619698717.012607, 67
1619698717.030689, 68
1619698717.050617, 68
1619698717.067228, 67
1619698717.083464, 68
1619698717.100662, 69
1619698717.117453, 68
1619698717.133894, 69
1619698717.151800, 69
1619698717.169710, 68
1619698717.185663, 68
1619698717.201733, 69
1619698717.217881, 68
1619698717.236333, 67
1619698717.256107, 67
1619698717.273474, 67
1619698717.294857, 68
1619698717.312921, 69
1619698717.348447, 69
1619698717.377583, 69
1619698717.396759, 70
1619698717.412926, 70
1619698717.429491, 69
1619698717.446513, 70
1619698717.462407, 69
1619698717.479640, 69
1619698717.497146, 69
1619698717.513339, 68
1619698717.530041, 68
1619698717.546553, 69
1619698717.564458, 68
1619698717.581161, 69
1619698717.598574, 70
1619698717.615673, 69
1619698717.633431, 69
1619698717.650147, 70
1619698717.666933, 70
1619698717.683146, 70
1619698717.699811, 70
1619698717.720215, 70
1619698717.738505, 71
1619698717.755530, 70
1619698717.772837, 69
1619698717.790068, 70
1619698717.808327, 69
1619698717.825554, 70
1619698717.849444, 70
1619698717.866658, 69
1619698717.883347, 70
1619698717.905354, 70
1619698717.922467, 71
1619698717.943969, 71
1619698717.967361, 72
1619698717.985252, 71
1619698718.005575, 72
1619698718.022922, 72
1619698718.042481, 70
1619698718.058394, 71
1619698718.074620, 70
1619698718.090765, 70
1619698718.107445, 70
1619698718.125372, 70
1619698718.143225, 70
1619698718.162546, 71
1619698718.179104, 71
1619698718.197417, 71
1619698718.216091, 71
1619698718.234704, 72
1619698718.254512, 72
1619698718.273197, 71
1619698718.290298, 72
1619698718.310707, 72
1619698718.328666, 71
1619698718.348362, 69
1619698718.364541, 71
1619698718.381623, 71
1619698718.398294, 70
1619698718.416070, 71
1619698718.432729, 71
1619698718.451433, 71
1619698718.471442, 71
1619698718.490695, 73
1619698718.508604, 73
1619698718.535236, 71
1619698718.555567, 71
1619698718.575957, 74
1619698718.593461, 72
1619698718.611538, 73
1619698718.629010, 74
1619698718.646832, 72
1619698718.662845, 72
1619698718.678886, 71
1619698718.695606, 72
1619698718.714082, 71
1619698718.732238, 73
1619698718.752341, 72
1619698718.768946, 74
1619698718.789679, 74
1619698718.809575, 72
1619698718.827630, 74
1619698718.844454, 74
1619698718.862196, 73
1619698718.878413, 74
1619698718.895578, 73
1619698718.911285, 72
1619698718.927983, 74
1619698718.944526, 73
1619698718.960213, 74
1619698718.980490, 73
1619698718.999061, 73
1619698719.015468, 74
1619698719.031097, 74
1619698719.047307, 74
1619698719.064289, 76
1619698719.082626, 75
1619698719.101388, 75
1619698719.119333, 74
1619698719.146875, 76
1619698719.168282, 75
1619698719.184987, 75
1619698719.202702, 74
1619698719.221489, 74
1619698719.240891, 75
1619698719.265399, 74
1619698719.282058, 74
1619698719.298763, 73
1619698719.317177, 73
1619698719.334805, 75
1619698719.352525, 74
1619698719.370765, 74
1619698719.391068, 75
1619698719.408296, 75
1619698719.427012, 75
1619698719.445846, 76
1619698719.464652, 75
1619698719.481187, 74
1619698719.497377, 74
1619698719.513611, 75
1619698719.532510, 74
1619698719.548833, 75
1619698719.565523, 75
1619698719.582313, 73
1619698719.600151, 75
1619698719.616222, 75
1619698719.632943, 74
1619698719.650207, 74
1619698719.667772, 75
1619698719.686116, 74
1619698719.702829, 75
1619698719.725202, 76
1619698719.748853, 74
1619698719.788560, 74
1619698719.813687, 75
1619698719.832703, 77
1619698719.849433, 76
1619698719.871715, 74
1619698719.894230, 76
1619698719.914224, 75
1619698719.932383, 74
1619698719.949615, 76
1619698719.970624, 75
1619698719.987193, 75
1619698720.011830, 76
1619698720.030718, 78
1619698720.047868, 76
1619698720.066210, 77
1619698720.083406, 76
1619698720.099773, 76
1619698720.116288, 78
1619698720.131954, 77
1619698720.148170, 77
1619698720.165950, 77
1619698720.181537, 76
1619698720.200318, 75
1619698720.217460, 77
1619698720.233670, 76
1619698720.250393, 75
1619698720.268247, 76
1619698720.284360, 77
1619698720.302690, 76
1619698720.322925, 76
1619698720.357915, 77
1619698720.379338, 76
1619698720.397745, 77
1619698720.413283, 76
1619698720.430174, 77
1619698720.448405, 78
1619698720.470109, 76
1619698720.486209, 78
1619698720.501880, 75
1619698720.517571, 77
1619698720.533049, 76
1619698720.549280, 77
1619698720.567023, 75
1619698720.583186, 77
1619698720.599482, 78
1619698720.618266, 77
1619698720.635621, 77
1619698720.652733, 79
1619698720.671118, 79
1619698720.688575, 77
1619698720.704326, 79
1619698720.720959, 78
1619698720.737314, 77
1619698720.756007, 79
1619698720.773659, 79
1619698720.791425, 78
1619698720.809248, 78
1619698720.829644, 78
1619698720.848469, 77
1619698720.865974, 78
1619698720.883946, 78
1619698720.901626, 77
1619698720.919391, 79
1619698720.968518, 79
1619698720.989291, 79
1619698721.006589, 79
1619698721.024777, 79
1619698721.043889, 79
1619698721.064408, 79
1619698721.080911, 79
1619698721.100746, 79
1619698721.119888, 79
1619698721.135864, 78
1619698721.153092, 79
1619698721.169858, 78
1619698721.187953, 79
1619698721.206204, 79
1619698721.228205, 78
1619698721.247326, 79
1619698721.265666, 78
1619698721.283933, 79
1619698721.302309, 78
1619698721.318485, 80
1619698721.334506, 80
1619698721.352239, 80
1619698721.368584, 81
1619698721.386306, 80
1619698721.402916, 80
1619698721.419937, 79
1619698721.436347, 81
1619698721.452541, 78
1619698721.468753, 79
1619698721.485515, 80
1619698721.504253, 79
1619698721.522166, 80
1619698721.541451, 79
1619698721.567435, 79
1619698721.585784, 80
1619698721.602386, 80
1619698721.619779, 80
1619698721.636157, 81
1619698721.652218, 80
1619698721.672090, 80
1619698721.690111, 80
1619698721.706863, 81
1619698721.722969, 80
1619698721.738587, 81
1619698721.755357, 81
1619698721.771060, 79
1619698721.788267, 79
1619698721.805520, 80
1619698721.821234, 80
1619698721.837386, 80
1619698721.853340, 80
1619698721.870606, 79
1619698721.922782, 80
1619698721.955045, 81
1619698721.987652, 81
1619698722.009853, 81
1619698722.026577, 81
1619698722.043204, 81
1619698722.059385, 81
1619698722.076245, 81
1619698722.096597, 82
1619698722.112811, 80
1619698722.130540, 81
1619698722.152973, 82
1619698722.170939, 81
1619698722.188244, 82
1619698722.204918, 81
1619698722.223641, 81
1619698722.240329, 81
1619698722.256728, 81
1619698722.273239, 82
1619698722.292305, 82
1619698722.309480, 82
1619698722.325634, 82
1619698722.341669, 81
1619698722.357800, 83
1619698722.376145, 82
1619698722.392494, 82
1619698722.409289, 83
1619698722.428412, 82
1619698722.445850, 81
1619698722.462549, 81
1619698722.480788, 81
1619698722.497479, 81
1619698722.513363, 81
1619698722.530953, 81
1619698722.550538, 82
1619698722.569666, 83
1619698722.585731, 83
1619698722.601407, 83
1619698722.618023, 83
1619698722.633950, 83
1619698722.652309, 83
1619698722.669686, 83
1619698722.686950, 83
1619698722.704323, 83
1619698722.721829, 82
1619698722.749143, 82
1619698722.771625, 82
1619698722.788918, 83
1619698722.807435, 83
1619698722.823916, 82
1619698722.841311, 82
1619698722.857368, 82
1619698722.878293, 82
1619698722.896091, 83
1619698722.915500, 83
1619698722.937979, 83
1619698722.955309, 83
1619698722.972802, 84
1619698722.992101, 84
1619698723.007752, 85
1619698723.024152, 84
1619698723.040296, 84
1619698723.057794, 83
1619698723.074832, 83
1619698723.095276, 83
1619698723.112539, 82
1619698723.129696, 84
1619698723.145829, 84
1619698723.161539, 83
1619698723.177693, 83
1619698723.194907, 84
1619698723.211628, 84
1619698723.228521, 84
1619698723.245233, 85
1619698723.260890, 84
1619698723.276137, 85
1619698723.295397, 84
1619698723.312866, 85
1619698723.331202, 83
1619698723.350177, 85
1619698723.372116, 84
1619698723.389827, 83
1619698723.406362, 83
1619698723.425922, 84
1619698723.444029, 85
1619698723.461203, 84
1619698723.477302, 84
1619698723.496267, 83
1619698723.513786, 86
1619698723.532747, 86
1619698723.550515, 85
1619698723.566451, 86
1619698723.582119, 86
1619698723.598324, 85
1619698723.614564, 85
1619698723.632847, 84
1619698723.648688, 86
1619698723.667015, 86
1619698723.683661, 85
1619698723.701387, 84
1619698723.718593, 85
1619698723.735961, 84
1619698723.754331, 84
1619698723.770444, 85
1619698723.787161, 84
1619698723.806003, 85
1619698723.823198, 83
1619698723.841017, 86
1619698723.857126, 86
1619698723.872953, 85
1619698723.889643, 87
1619698723.906358, 87
1619698723.923760, 86
1619698723.951632, 87
1619698723.975240, 87
1619698723.992640, 87
1619698724.009843, 87
1619698724.025867, 87
1619698724.042015, 85
1619698724.060598, 87
1619698724.076498, 86
1619698724.092684, 86
1619698724.111624, 86
1619698724.128254, 86
1619698724.146476, 86
1619698724.162540, 87
1619698724.183628, 86
1619698724.201353, 86
1619698724.218997, 86
1619698724.236230, 87
1619698724.252581, 85
1619698724.268550, 87
1619698724.285244, 86
1619698724.304852, 87
1619698724.325266, 87
1619698724.341447, 87
1619698724.357404, 87
1619698724.377526, 86
1619698724.394578, 87
1619698724.411235, 86
1619698724.429546, 85
1619698724.445665, 85
1619698724.462439, 87
1619698724.481365, 87
1619698724.499269, 86
1619698724.515040, 88
1619698724.530867, 88
1619698724.554176, 88
1619698724.573711, 87
1619698724.590327, 89
1619698724.605894, 87
1619698724.625320, 89
1619698724.642274, 89
1619698724.659242, 88
1619698724.675404, 89
1619698724.693247, 88
1619698724.710262, 87
1619698724.728333, 88
1619698724.745524, 88
1619698724.761389, 88
1619698724.777078, 88
1619698724.793792, 87
1619698724.810686, 86
1619698724.826311, 87
1619698724.845861, 89
1619698724.861846, 87
1619698724.877662, 88
1619698724.895852, 88
1619698724.913873, 87
1619698724.933527, 88
1619698724.950243, 88
1619698724.966899, 88
1619698724.984524, 89
1619698725.000526, 89
1619698725.017921, 88
1619698725.035363, 88
1619698725.052212, 87
1619698725.068872, 86
1619698725.085526, 88
1619698725.101631, 87
1619698725.118254, 87
1619698725.136782, 87
1619698725.165877, 87
1619698725.186297, 88
1619698725.202655, 90
1619698725.220162, 89
1619698725.236084, 89
1619698725.252838, 89
1619698725.268803, 89
1619698725.284810, 90
1619698725.302677, 90
1619698725.321309, 89
1619698725.341848, 89
1619698725.357803, 88
1619698725.372991, 89
1619698725.388934, 89
1619698725.404930, 89
1619698725.433359, 88
1619698725.449313, 89
1619698725.468426, 89
1619698725.485038, 88
1619698725.501092, 88
1619698725.519335, 88
1619698725.536082, 90
1619698725.552086, 90
1619698725.571027, 89
1619698725.589377, 89
1619698725.606031, 91
1619698725.626206, 88
1619698725.646036, 91
1619698725.662859, 90
1619698725.680402, 90
1619698725.696400, 91
1619698725.716205, 91
1619698725.735218, 89
1619698725.757159, 90
1619698725.778556, 89
1619698725.795350, 90
1619698725.811315, 89
1619698725.828143, 90
1619698725.844926, 88
1619698725.864762, 89
1619698725.880688, 91
1619698725.897519, 90
1619698725.919572, 90
1619698725.936715, 90
1619698725.952289, 90
1619698725.968135, 89
1619698725.984172, 90
1619698726.001603, 90
1619698726.017818, 89
1619698726.036838, 89
1619698726.055963, 90
1619698726.072619, 90
1619698726.089495, 90
1619698726.105432, 89
1619698726.124417, 90
1619698726.144713, 90
1619698726.161991, 89
1619698726.178619, 90
1619698726.195968, 90
1619698726.211435, 90
1619698726.230643, 92
1619698726.247062, 90
1619698726.265142, 90
1619698726.280899, 90
1619698726.296763, 90
1619698726.312659, 91
1619698726.328720, 91
1619698726.349479, 89
1619698726.372426, 90
1619698726.393672, 90
1619698726.410021, 89
1619698726.427285, 91
1619698726.443848, 90
1619698726.461724, 89
1619698726.477629, 90
1619698726.493551, 90
1619698726.510039, 90
1619698726.527854, 90
1619698726.547211, 91
1619698726.563080, 91
1619698726.580048, 92
1619698726.595954, 92
1619698726.612038, 90
1619698726.628932, 92
1619698726.645743, 91
1619698726.662686, 91
1619698726.678539, 92
1619698726.695463, 90
1619698726.711407, 91
1619698726.728293, 92
1619698726.747791, 91
1619698726.764098, 91
1619698726.781025, 90
1619698726.797820, 91
1619698726.813784, 92
1619698726.831607, 90
1619698726.853226, 88
1619698726.877642, 92
1619698726.894282, 92
1619698726.911675, 93
1619698726.938249, 92
1619698726.963444, 92
1619698726.983104, 93
1619698726.999641, 93
1619698727.015446, 92
1619698727.032751, 93
1619698727.049768, 93
1619698727.067072, 93
1619698727.086373, 93
1619698727.105166, 91
1619698727.122106, 92
1619698727.139326, 91
1619698727.156705, 92
1619698727.173231, 92
1619698727.188619, 91
1619698727.209423, 90
1619698727.227626, 92
1619698727.243562, 93
1619698727.262646, 94
1619698727.280392, 93
1619698727.296848, 94
1619698727.313810, 93
1619698727.332397, 93
1619698727.349640, 94
1619698727.367167, 93
1619698727.383314, 93
1619698727.401030, 93
1619698727.418157, 93
1619698727.435440, 92
1619698727.451942, 92
1619698727.467775, 93
1619698727.485839, 93
1619698727.503175, 93
1619698727.519670, 93
1619698727.535620, 92
1619698727.560202, 92
1619698727.588948, 94
1619698727.606243, 94
1619698727.624385, 94
1619698727.640971, 93
1619698727.657720, 93
1619698727.675263, 93
1619698727.694947, 95
1619698727.712313, 95
1619698727.729041, 94
1619698727.746074, 95
1619698727.762184, 95
1619698727.778769, 94
1619698727.795376, 94
1619698727.811150, 93
1619698727.827847, 93
1619698727.844763, 93
1619698727.864531, 93
1619698727.882581, 93
1619698727.900389, 93
1619698727.920366, 95
1619698727.940257, 95
1619698727.959722, 95
1619698727.976523, 95
1619698727.993010, 94
1619698728.008823, 95
1619698728.024768, 95
1619698728.041227, 95
1619698728.057012, 95
1619698728.074381, 94
1619698728.091732, 96
1619698728.109022, 94
1619698728.128547, 94
1619698728.145850, 93
1619698728.179533, 95
1619698728.200055, 93
1619698728.217330, 94
1619698728.234053, 93
1619698728.249801, 94
1619698728.266333, 94
1619698728.286684, 95
1619698728.303199, 94
1619698728.322210, 95
1619698728.343157, 96
1619698728.359760, 95
1619698728.376346, 95
1619698728.392151, 93
1619698728.408824, 95
1619698728.427005, 96
1619698728.444377, 96
1619698728.460212, 96
1619698728.476054, 97
1619698728.492296, 95
1619698728.509531, 95
1619698728.526085, 94
1619698728.544898, 95
1619698728.562278, 95
1619698728.578810, 95
1619698728.596904, 95
1619698728.613982, 95
1619698728.630004, 94
1619698728.646591, 96
1619698728.663109, 97
1619698728.681226, 96
1619698728.696989, 97
1619698728.712998, 96
1619698728.729232, 97
1619698728.747841, 96
1619698728.770176, 96
1619698728.787521, 97
1619698728.805648, 97
1619698728.823428, 96
1619698728.839973, 97
1619698728.855978, 96
1619698728.873800, 97
1619698728.891044, 95
1619698728.907723, 96
1619698728.928176, 95
1619698728.947667, 95
1619698728.964707, 95
1619698728.982146, 96
1619698729.000254, 97
1619698729.018649, 97
1619698729.034653, 98
1619698729.050731, 98
1619698729.068689, 98
1619698729.085016, 98
1619698729.102484, 98
1619698729.119060, 97
1619698729.137660, 97
1619698729.154267, 99
1619698729.172094, 99
1619698729.188351, 98
1619698729.204827, 98
1619698729.220704, 98
1619698729.238001, 98
1619698729.255549, 97
1619698729.273508, 96
1619698729.290847, 96
1619698729.307485, 96
1619698729.324512, 95
1619698729.341303, 96
1619698729.374399, 96
1619698729.392084, 98
1619698729.409582, 99
1619698729.426657, 98
1619698729.442653, 97
1619698729.458503, 97
1619698729.475778, 99
1619698729.493751, 98
1619698729.511871, 98
1619698729.529152, 98
1619698729.547031, 97
1619698729.562976, 98
1619698729.578925, 99
1619698729.596064, 98
1619698729.613308, 96
1619698729.630501, 97
1619698729.646470, 98
1619698729.662421, 98
1619698729.678632, 97
1619698729.695879, 96
1619698729.712898, 97
1619698729.730014, 99
1619698729.745955, 99
1619698729.761747, 98
1619698729.778362, 99
1619698729.796027, 98
1619698729.812994, 98
1619698729.830298, 98
1619698729.848849, 99
1619698729.864166, 98
1619698729.880194, 98
1619698729.898011, 99
1619698729.916571, 99
1619698729.936747, 98
1619698729.960713, 97
1619698729.991048, 98
1619698730.010183, 98
1619698730.026113, 98
1619698730.041885, 97
1619698730.058537, 98
1619698730.075815, 99
1619698730.093042, 99
1619698730.109544, 99
1619698730.127571, 100
1619698730.144174, 99
1619698730.163241, 100
1619698730.181166, 98
1619698730.197779, 99
1619698730.217626, 100
1619698730.235694, 100
1619698730.251827, 99
1619698730.269062, 100
1619698730.285289, 99
1619698730.303555, 98
1619698730.320188, 99
1619698730.336712, 99
1619698730.356746, 98
1619698730.373894, 98
1619698730.391739, 99
1619698730.408506, 99
1619698730.426899, 99
1619698730.445954, 98
1619698730.462599, 101
1619698730.479042, 100
1619698730.497587, 100
1619698730.514420, 100
1619698730.531054, 100
1619698730.547034, 101
1619698730.580361, 100
1619698730.597137, 99
1619698730.612877, 99
1619698730.630300, 101
1619698730.647427, 100
1619698730.663872, 100
1619698730.679636, 100
1619698730.695635, 100
1619698730.711972, 101
1619698730.728478, 101
1619698730.747534, 100
1619698730.764786, 99
1619698730.780223, 101
1619698730.797306, 100
1619698730.814236, 100
1619698730.831160, 102
1619698730.849701, 100
1619698730.865656, 102
1619698730.881904, 101
1619698730.897867, 102
1619698730.916504, 102
1619698730.935490, 101
1619698730.951215, 101
1619698730.969241, 101
1619698730.986501, 100
1619698731.002912, 102
1619698731.020248, 101
1619698731.036096, 100
1619698731.051966, 99
1619698731.068616, 100
1619698731.085209, 99
1619698731.104270, 100
1619698731.120655, 101
1619698731.138377, 100
1619698731.172892, 99
1619698731.197082, 101
1619698731.216264, 101
1619698731.233302, 101
1619698731.253476, 101
1619698731.270084, 102
1619698731.287601, 102
1619698731.304249, 100
1619698731.321292, 102
1619698731.336792, 101
1619698731.353975, 101
1619698731.370571, 102
1619698731.387695, 101
1619698731.405342, 102
1619698731.422701, 102
1619698731.439713, 101
1619698731.457893, 101
1619698731.473872, 100
1619698731.490865, 102
1619698731.508728, 101
1619698731.524785, 101
1619698731.542959, 102
1619698731.560669, 103
1619698731.576434, 102
1619698731.592266, 102
1619698731.609111, 103
1619698731.625119, 101
1619698731.641011, 101
1619698731.658894, 102
1619698731.675287, 102
1619698731.691695, 103
1619698731.710365, 102
1619698731.726718, 103
1619698731.743953, 102
1619698731.768504, 103
1619698731.793159, 100
1619698731.815574, 102
1619698731.832220, 102
1619698731.848278, 100
1619698731.866671, 102
1619698731.883512, 101
1619698731.900657, 101
1619698731.919389, 103
1619698731.938646, 103
1619698731.957664, 103
1619698731.976455, 104
1619698731.994098, 103
1619698732.014177, 102
1619698732.030475, 103
1619698732.048369, 102
1619698732.065187, 103
1619698732.080649, 103
1619698732.096524, 103
1619698732.112739, 102
1619698732.130886, 103
1619698732.148605, 103
1619698732.165159, 101
1619698732.182250, 101
1619698732.200877, 101
1619698732.219989, 102
1619698732.237321, 101
1619698732.256786, 102
1619698732.273265, 103
1619698732.290003, 102
1619698732.311609, 103
1619698732.328256, 103
1619698732.344194, 104
1619698732.373322, 104
1619698732.390795, 103
1619698732.409110, 103
1619698732.426052, 104
1619698732.442501, 104
1619698732.459102, 103
1619698732.475338, 105
1619698732.492615, 104
1619698732.509602, 104
1619698732.526877, 103
1619698732.545113, 103
1619698732.561845, 103
1619698732.580517, 103
1619698732.597623, 104
1619698732.614895, 103
1619698732.632503, 104
1619698732.649245, 104
1619698732.669287, 105
1619698732.685325, 104
1619698732.703341, 105
1619698732.719951, 104
1619698732.737151, 105
1619698732.754074, 104
1619698732.769758, 104
1619698732.788554, 104
1619698732.805034, 104
1619698732.820996, 103
1619698732.838247, 103
1619698732.855295, 105
1619698732.872708, 105
1619698732.889798, 105
1619698732.907109, 105
1619698732.923618, 104
1619698732.941471, 105
1619698732.968290, 106
1619698732.994394, 105
1619698733.012556, 104
1619698733.028559, 106
1619698733.044550, 106
1619698733.061635, 106
1619698733.080806, 106
1619698733.097269, 106
1619698733.113170, 106
1619698733.129218, 105
1619698733.147141, 105
1619698733.163702, 105
1619698733.182721, 105
1619698733.201566, 106
1619698733.219953, 105
1619698733.236560, 104
1619698733.253727, 106
1619698733.269743, 105
1619698733.286298, 104
1619698733.302923, 104
1619698733.323808, 103
1619698733.343418, 105
1619698733.364665, 105
1619698733.383664, 106
1619698733.406662, 106
1619698733.425168, 106
1619698733.448781, 105
1619698733.471257, 105
1619698733.489745, 107
1619698733.507579, 108
1619698733.526783, 109
1619698733.544130, 109
1619698733.583264, 108
1619698733.602995, 106
1619698733.619484, 108
1619698733.635074, 107
1619698733.654303, 107
1619698733.671275, 107
1619698733.687256, 106
1619698733.703287, 106
1619698733.719707, 105
1619698733.736310, 105
1619698733.753683, 105
1619698733.769981, 105
1619698733.787257, 106
1619698733.802846, 106
1619698733.819290, 107
1619698733.836595, 106
1619698733.853125, 107
1619698733.870506, 106
1619698733.887831, 107
1619698733.905688, 106
1619698733.923487, 106
1619698733.944127, 105
1619698733.960862, 105
1619698733.977509, 105
1619698733.994048, 106
1619698734.013894, 107
1619698734.032338, 106
1619698734.049566, 107
1619698734.067681, 106
1619698734.084656, 107
1619698734.103263, 107
1619698734.120510, 108
1619698734.138564, 107
1619698734.159139, 108
1619698734.189579, 108
1619698734.209129, 108
1619698734.230393, 109
1619698734.248527, 108
1619698734.266039, 107
1619698734.284395, 109
1619698734.300307, 108
1619698734.316314, 107
1619698734.332258, 107
1619698734.349720, 107
1619698734.371094, 107
1619698734.390819, 108
1619698734.409352, 107
1619698734.427871, 106
1619698734.448412, 106
1619698734.464946, 107
1619698734.482199, 106
1619698734.500730, 107
1619698734.517734, 107
1619698734.535239, 106
1619698734.551757, 107
1619698734.571607, 107
1619698734.588972, 108
1619698734.607762, 108
1619698734.625533, 108
1619698734.643807, 108
1619698734.661749, 109
1619698734.678395, 108
1619698734.695034, 107
1619698734.711614, 110
1619698734.728848, 109
1619698734.747995, 108
1619698734.774844, 109
1619698734.796835, 110
1619698734.815201, 108
1619698734.833500, 107
1619698734.850114, 108
1619698734.865475, 107
1619698734.881340, 109
1619698734.897363, 108
1619698734.914027, 107
1619698734.930630, 108
1619698734.951078, 109
1619698734.966941, 108
1619698734.982885, 108
1619698734.999090, 108
1619698735.015106, 107
1619698735.032110, 108
1619698735.048115, 108
1619698735.064680, 108
1619698735.080978, 107
1619698735.099850, 107
1619698735.115746, 109
1619698735.132447, 109
1619698735.152164, 110
1619698735.168722, 109
1619698735.184725, 110
1619698735.200727, 108
1619698735.216153, 108
1619698735.235320, 107
1619698735.251865, 108
1619698735.268971, 108
1619698735.284969, 110
1619698735.304197, 109
1619698735.320742, 109
1619698735.338567, 111
1619698735.355276, 109
1619698735.383841, 111
1619698735.401156, 110
1619698735.417670, 110
1619698735.433707, 110
1619698735.449691, 110
1619698735.465138, 109
1619698735.485246, 110
1619698735.502194, 111
1619698735.518841, 109
1619698735.535567, 109
1619698735.551957, 109
1619698735.572444, 108
1619698735.589194, 109
1619698735.609872, 109
1619698735.627119, 108
1619698735.645179, 109
1619698735.662733, 109
1619698735.678988, 109
1619698735.694969, 109
1619698735.710461, 111
1619698735.727046, 111
1619698735.743508, 110
1619698735.761970, 111
1619698735.779125, 111
1619698735.794954, 110
1619698735.812137, 110
1619698735.833856, 110
1619698735.850725, 110
1619698735.866735, 111
1619698735.884022, 111
1619698735.900863, 110
1619698735.919103, 111
1619698735.936952, 111
1619698735.954955, 110
1619698735.977197, 109
1619698735.997664, 109
1619698736.014102, 108
1619698736.031513, 109
1619698736.050012, 110
1619698736.066430, 109
1619698736.084959, 109
1619698736.101634, 111
1619698736.118345, 110
1619698736.138106, 111
1619698736.154126, 111
1619698736.170773, 111
1619698736.191389, 111
1619698736.208830, 111
1619698736.226348, 110
1619698736.243367, 111
1619698736.260798, 111
1619698736.276796, 112
1619698736.294584, 110
1619698736.314778, 111
1619698736.331537, 112
1619698736.348551, 111
1619698736.367010, 110
1619698736.384323, 111
1619698736.402872, 111
1619698736.419488, 111
1619698736.438360, 111
1619698736.456030, 109
1619698736.473472, 111
1619698736.489506, 112
1619698736.505395, 111
1619698736.521749, 111
1619698736.540926, 110
1619698736.558326, 112
1619698736.593277, 112
1619698736.614391, 111
1619698736.633404, 112
1619698736.652083, 111
1619698736.669926, 111
1619698736.685775, 111
1619698736.702372, 112
1619698736.721203, 111
1619698736.737512, 112
1619698736.753436, 110
1619698736.769880, 111
1619698736.787149, 111
1619698736.804595, 112
1619698736.822195, 112
1619698736.842913, 110
1619698736.859995, 112
1619698736.878440, 112
1619698736.898756, 111
1619698736.918775, 112
1619698736.939284, 111
1619698736.955828, 112
1619698736.972639, 112
1619698736.990260, 113
1619698737.006399, 113
1619698737.025674, 112
1619698737.042879, 112
1619698737.060388, 112
1619698737.077768, 113
1619698737.093988, 112
1619698737.110009, 112
1619698737.126755, 113
1619698737.142657, 112
1619698737.159281, 112
1619698737.188564, 111
1619698737.207884, 111
1619698737.223937, 112
1619698737.242953, 112
1619698737.260784, 111
1619698737.279594, 113
1619698737.297260, 113
1619698737.313237, 113
1619698737.328682, 111
1619698737.344605, 113
1619698737.360553, 114
1619698737.380711, 113
1619698737.397961, 113
1619698737.413768, 114
1619698737.429750, 113
1619698737.445789, 113
1619698737.464281, 112
1619698737.481773, 114
1619698737.499292, 113
1619698737.515743, 114
1619698737.531089, 113
1619698737.547057, 113
1619698737.563025, 112
1619698737.580398, 112
1619698737.597837, 112
1619698737.616158, 113
1619698737.632129, 112
1619698737.648225, 112
1619698737.664620, 114
1619698737.681239, 114
1619698737.699116, 114
1619698737.716260, 114
1619698737.732604, 114
1619698737.748520, 113
1619698737.764498, 114
1619698737.785624, 114
1619698737.809224, 113
1619698737.828367, 114
1619698737.846527, 114
1619698737.864815, 114
1619698737.883282, 115
1619698737.901141, 113
1619698737.919939, 113
1619698737.938479, 112
1619698737.956117, 113
1619698737.971603, 113
1619698737.988398, 113
1619698738.006245, 113
1619698738.022859, 113
1619698738.043224, 113
1619698738.062752, 115
1619698738.078805, 115
1619698738.094474, 114
1619698738.111728, 114
1619698738.128173, 115
1619698738.144833, 114
1619698738.160799, 114
1619698738.176847, 114
1619698738.192860, 115
1619698738.209391, 113
1619698738.225965, 114
1619698738.245561, 114
1619698738.263115, 114
1619698738.279436, 114
1619698738.296149, 113
1619698738.312004, 114
1619698738.329897, 114
1619698738.345909, 113
1619698738.361779, 114
1619698738.380322, 113
1619698738.403425, 113
1619698738.421270, 114
1619698738.438469, 113
1619698738.455457, 114
1619698738.473634, 115
1619698738.490698, 115
1619698738.509233, 115
1619698738.525215, 116
1619698738.542476, 115
1619698738.559142, 115
1619698738.575132, 116
1619698738.592264, 114
1619698738.609543, 116
1619698738.624935, 115
1619698738.640865, 116
1619698738.656600, 114
1619698738.673681, 115
1619698738.690136, 116
1619698738.706706, 115
1619698738.724025, 115
1619698738.740043, 113
1619698738.755967, 114
1619698738.773691, 114
1619698738.790639, 115
1619698738.806590, 115
1619698738.822549, 114
1619698738.838581, 114
1619698738.854515, 115
1619698738.871745, 116
1619698738.888961, 115
1619698738.907724, 115
1619698738.924232, 116
1619698738.940744, 116
1619698738.957299, 116
1619698738.979000, 116
1619698738.998225, 115
1619698739.016800, 115
1619698739.032167, 116
1619698739.049375, 115
1619698739.071128, 116
1619698739.088440, 116
1619698739.104538, 115
1619698739.120791, 117
1619698739.137185, 115
1619698739.157906, 114
1619698739.174636, 116
1619698739.191760, 115
1619698739.209015, 116
1619698739.224932, 115
1619698739.240273, 115
1619698739.258022, 116
1619698739.275497, 117
1619698739.293360, 117
1619698739.310667, 117
1619698739.330860, 116
1619698739.346789, 117
1619698739.364103, 116
1619698739.380819, 117
1619698739.398562, 117
1619698739.416335, 117
1619698739.434858, 116
1619698739.450856, 116
1619698739.467873, 117
1619698739.484438, 117
1619698739.501635, 116
1619698739.522928, 116
1619698739.539541, 115
1619698739.556579, 115
1619698739.592748, 115
1619698739.611738, 116
1619698739.629028, 117
1619698739.645628, 116
1619698739.663343, 115
1619698739.681987, 117
1619698739.735023, 118
1619698739.771993, 117
1619698739.799497, 118
1619698739.817821, 117
1619698739.840658, 116
1619698739.861228, 118
1619698739.878530, 117
1619698739.897371, 117
1619698739.916569, 116
1619698739.932757, 117
1619698739.949714, 117
1619698739.965901, 117
1619698739.981379, 117
1619698739.997541, 117
1619698740.018240, 116
1619698740.034716, 116
1619698740.050829, 118
1619698740.067024, 116
1619698740.083076, 116
1619698740.100738, 117
1619698740.118526, 118
1619698740.134039, 117
1619698740.150133, 117
1619698740.166117, 116
1619698740.192636, 117
1619698740.209392, 117
1619698740.228732, 117
1619698740.245754, 117
1619698740.264405, 118
1619698740.282089, 117
1619698740.298898, 119
1619698740.316869, 119
1619698740.335146, 118
1619698740.352855, 118
1619698740.368972, 118
1619698740.385114, 117
1619698740.403732, 116
1619698740.420682, 118
1619698740.436864, 117
1619698740.453662, 117
1619698740.472615, 117
1619698740.495231, 117
1619698740.512158, 120
1619698740.529045, 119
1619698740.545848, 118
1619698740.562866, 119
1619698740.580373, 119
1619698740.596407, 120
1619698740.612657, 118
1619698740.628718, 118
1619698740.644884, 119
1619698740.664088, 119
1619698740.680255, 118
1619698740.696507, 118
1619698740.712599, 119
1619698740.729509, 119
1619698740.746488, 118
1619698740.762725, 117
1619698740.792816, 116
1619698740.820453, 116
1619698740.838208, 117
1619698740.855241, 116
1619698740.872941, 117
1619698740.889723, 117
1619698740.908170, 118
1619698740.924353, 118
1619698740.941688, 117
1619698740.958707, 118
1619698740.976130, 118
1619698740.992494, 118
1619698741.009374, 118
1619698741.025938, 116
1619698741.041348, 117
1619698741.058110, 117
1619698741.079266, 117
1619698741.096244, 116
1619698741.111918, 116
1619698741.128897, 116
1619698741.145491, 116
1619698741.160862, 115
1619698741.177149, 116
1619698741.192598, 105
1619698741.209806, 100
1619698741.227034, 94
1619698741.244322, 86
1619698741.260582, 80
1619698741.278928, 73
1619698741.296142, 66
1619698741.312472, 60
1619698741.328803, 57
1619698741.345982, 57
1619698741.362988, 57
1619698741.384516, 56
1619698741.411553, 57
1619698741.427602, 56
1619698741.443859, 54
1619698741.460233, 56
1619698741.477415, 56
1619698741.494701, 55
1619698741.511940, 56
1619698741.528246, 56
1619698741.545506, 56
1619698741.561821, 56
1619698741.581053, 57
1619698741.598581, 58
1619698741.615549, 57
1619698741.630866, 56
1619698741.647166, 58
1619698741.662540, 56
1619698741.678935, 58
1619698741.697107, 59
1619698741.713759, 57
1619698741.730705, 58
1619698741.746083, 58
1619698741.762366, 56
1619698741.778380, 57
1619698741.794905, 57
1619698741.811216, 58
1619698741.827541, 57
1619698741.846732, 58
1619698741.862393, 58
1619698741.881261, 58
1619698741.898270, 58
1619698741.915315, 58
1619698741.931559, 58
1619698741.950422, 59
1619698741.968752, 57
1619698742.009594, 58
1619698742.027709, 58
1619698742.043448, 57
1619698742.059239, 58
1619698742.075598, 59
1619698742.092588, 58
1619698742.111386, 59
1619698742.128416, 59
1619698742.144762, 58
1619698742.160567, 59
1619698742.178244, 60
1619698742.195367, 57
1619698742.211958, 59
1619698742.228485, 59
1619698742.244700, 58
1619698742.260403, 59
1619698742.280501, 60
1619698742.297411, 59
1619698742.314537, 59
1619698742.330853, 59
1619698742.347340, 59
1619698742.363764, 59
1619698742.379933, 59
1619698742.397042, 60
1619698742.414096, 60
1619698742.430199, 58
1619698742.446506, 60
1619698742.466631, 60
1619698742.484233, 60
1619698742.502167, 60
1619698742.518639, 59
1619698742.534778, 59
1619698742.550568, 60
1619698742.567284, 59
1619698742.590137, 60
1619698742.610198, 60
1619698742.628646, 59
1619698742.645541, 61
1619698742.662519, 61
1619698742.680232, 61
1619698742.697086, 61
1619698742.712850, 61
1619698742.729104, 61
1619698742.744897, 61
1619698742.760757, 62
1619698742.778206, 61
1619698742.795988, 60
1619698742.813350, 60
1619698742.829153, 60
1619698742.847852, 60
1619698742.864395, 60
1619698742.884746, 60
1619698742.902026, 61
1619698742.923463, 61
1619698742.939152, 63
1619698742.956298, 62
1619698742.972147, 61
1619698742.988828, 61
1619698743.004529, 62
1619698743.020866, 63
1619698743.036783, 61
1619698743.052938, 62
1619698743.071453, 61
1619698743.091554, 61
1619698743.108309, 61
1619698743.125279, 61
1619698743.141632, 61
1619698743.157927, 61
1619698743.173639, 62
1619698743.196912, 61
1619698743.217323, 63
1619698743.235063, 63
1619698743.250734, 62
1619698743.267123, 62
1619698743.283814, 63
1619698743.304277, 63
1619698743.322171, 63
1619698743.339785, 63
1619698743.357469, 62
1619698743.378157, 62
1619698743.394471, 63
1619698743.412138, 61
1619698743.428478, 63
1619698743.444173, 63
1619698743.461655, 63
1619698743.486667, 63
1619698743.502256, 64
1619698743.519409, 63
1619698743.536631, 65
1619698743.554280, 65
1619698743.571583, 63
1619698743.588750, 65
1619698743.605459, 64
1619698743.621881, 63
1619698743.640127, 64
1619698743.657430, 62
1619698743.674373, 63
1619698743.691697, 63
1619698743.708406, 63
1619698743.724667, 63
1619698743.742122, 63
1619698743.767876, 64
1619698743.806185, 65
1619698743.824991, 64
1619698743.843691, 64
1619698743.859965, 64
1619698743.875874, 64
1619698743.892684, 65
1619698743.908406, 64
1619698743.924425, 64
1619698743.941626, 65
1619698743.960344, 64
1619698743.979031, 64
1619698743.995441, 64
1619698744.012017, 64
1619698744.031354, 63
1619698744.047138, 65
1619698744.066656, 64
1619698744.082954, 65
1619698744.101818, 65
1619698744.119463, 65
1619698744.135784, 65
1619698744.151486, 64
1619698744.167697, 65
1619698744.183565, 65
1619698744.200579, 64
1619698744.218554, 64
1619698744.236211, 65
1619698744.252530, 66
1619698744.269710, 65
1619698744.288735, 64
1619698744.307179, 67
1619698744.325202, 66
1619698744.340799, 66
1619698744.357161, 66
1619698744.376689, 66
1619698744.398728, 65
1619698744.420870, 67
1619698744.438269, 66
1619698744.453992, 67
1619698744.471600, 67
1619698744.488308, 66
1619698744.504427, 67
1619698744.522512, 66
1619698744.542345, 66
1619698744.558771, 66
1619698744.575809, 66
1619698744.592152, 68
1619698744.607690, 68
1619698744.623314, 67
1619698744.639076, 67
1619698744.655449, 67
1619698744.672506, 67
1619698744.689874, 67
1619698744.706820, 67
1619698744.723154, 66
1619698744.739507, 67
1619698744.757626, 67
1619698744.774384, 65
1619698744.791810, 66
1619698744.808887, 66
1619698744.824606, 66
1619698744.840909, 67
1619698744.858564, 66
1619698744.874809, 66
1619698744.891521, 68
1619698744.908658, 67
1619698744.925862, 68
1619698744.942051, 68
1619698744.958361, 67
1619698744.974749, 68
1619698745.004910, 68
1619698745.026941, 68
1619698745.042996, 67
1619698745.059410, 67
1619698745.076414, 67
1619698745.092662, 68
1619698745.112963, 68
1619698745.131341, 67
1619698745.148340, 68
1619698745.168512, 70
1619698745.184772, 69
1619698745.203617, 70
1619698745.220602, 70
1619698745.237458, 69
1619698745.256472, 69
1619698745.272920, 70
1619698745.289507, 70
1619698745.309017, 69
1619698745.326500, 68
1619698745.342912, 68
1619698745.361769, 68
1619698745.378725, 68
1619698745.398145, 68
1619698745.414478, 67
1619698745.430478, 68
1619698745.449646, 70
1619698745.465729, 69
1619698745.482641, 68
1619698745.498762, 69
1619698745.517881, 68
1619698745.536992, 69
1619698745.553741, 69
1619698745.573839, 69
1619698745.603998, 70
1619698745.622915, 69
1619698745.640473, 69
1619698745.656807, 69
1619698745.674943, 69
1619698745.693477, 70
1619698745.713492, 68
1619698745.733025, 69
1619698745.749341, 71
1619698745.765721, 69
1619698745.782058, 70
1619698745.798865, 70
1619698745.817091, 70
1619698745.833080, 71
1619698745.849120, 70
1619698745.865492, 70
1619698745.882245, 70
1619698745.902167, 68
1619698745.920551, 69
1619698745.937558, 69
1619698745.956976, 69
1619698745.973518, 70
1619698745.989288, 69
1619698746.005069, 70
1619698746.021390, 71
1619698746.039681, 71
1619698746.056603, 71
1619698746.072968, 70
1619698746.088558, 70
1619698746.106208, 70
1619698746.123239, 71
1619698746.139778, 71
1619698746.159256, 70
1619698746.175316, 69
1619698746.208097, 71
1619698746.226012, 71
1619698746.243217, 70
1619698746.260864, 71
1619698746.276642, 70
1619698746.292895, 70
1619698746.311251, 70
1619698746.327827, 71
1619698746.345322, 71
1619698746.363184, 72
1619698746.379283, 71
1619698746.395577, 72
1619698746.412648, 72
1619698746.429819, 72
1619698746.445696, 73
1619698746.463216, 73
1619698746.480282, 72
1619698746.496565, 72
1619698746.512894, 72
1619698746.528266, 71
1619698746.543919, 71
1619698746.560338, 72
1619698746.576607, 73
1619698746.592498, 72
1619698746.610024, 71
1619698746.625724, 73
1619698746.641496, 72
1619698746.657214, 72
1619698746.673421, 71
1619698746.689724, 73
1619698746.707390, 73
1619698746.724236, 72
1619698746.740926, 73
1619698746.759250, 73
1619698746.775182, 72
1619698746.798109, 72
1619698746.815857, 72
1619698746.833355, 72
1619698746.850739, 72
1619698746.868142, 72
1619698746.886781, 72
1619698746.903091, 72
1619698746.921230, 73
1619698746.937491, 73
1619698746.953909, 73
1619698746.970835, 74
1619698746.987198, 73
1619698747.006103, 74
1619698747.023586, 74
1619698747.040606, 73
1619698747.056522, 74
1619698747.072662, 74
1619698747.090227, 72
1619698747.108830, 72
1619698747.127212, 72
1619698747.143487, 72
1619698747.159932, 73
1619698747.176830, 73
1619698747.193801, 73
1619698747.213362, 74
1619698747.229041, 73
1619698747.245140, 74
1619698747.264003, 74
1619698747.279990, 74
1619698747.296477, 74
1619698747.312374, 74
1619698747.331736, 74
1619698747.351641, 74
1619698747.368197, 74
1619698747.384611, 75
1619698747.402024, 75
1619698747.429102, 74
1619698747.445416, 74
1619698747.462003, 74
1619698747.477734, 74
1619698747.494135, 74
1619698747.510437, 76
1619698747.533735, 76
1619698747.550671, 76
1619698747.566691, 75
1619698747.582409, 74
1619698747.599339, 75
1619698747.620783, 75
1619698747.639846, 75
1619698747.656820, 76
1619698747.674651, 76
1619698747.690919, 74
1619698747.707749, 74
1619698747.724066, 75
1619698747.739708, 74
1619698747.756660, 74
1619698747.773776, 76
1619698747.792747, 75
1619698747.808411, 73
1619698747.829189, 74
1619698747.847184, 75
1619698747.863621, 75
1619698747.880711, 75
1619698747.898178, 77
1619698747.915153, 76
1619698747.933377, 77
1619698747.950383, 76
1619698747.966118, 76
1619698747.982452, 76
1619698748.021419, 75
1619698748.039651, 74
1619698748.055978, 75
1619698748.073890, 75
1619698748.090861, 75
1619698748.107791, 77
1619698748.126731, 76
1619698748.142053, 76
1619698748.157722, 78
1619698748.174039, 77
1619698748.189825, 77
1619698748.208219, 76
1619698748.224734, 77
1619698748.243058, 77
1619698748.260661, 77
1619698748.278234, 77
1619698748.294478, 76
1619698748.311585, 77
1619698748.327306, 76
1619698748.343648, 76
1619698748.361961, 76
1619698748.378885, 76
1619698748.395881, 75
1619698748.413485, 77
1619698748.429695, 77
1619698748.450243, 76
1619698748.466675, 77
1619698748.484597, 77
1619698748.503142, 78
1619698748.520129, 78
1619698748.541488, 79
1619698748.558167, 77
1619698748.574205, 78
1619698748.590566, 78
1619698748.611899, 78
1619698748.627821, 77
1619698748.644670, 76
1619698748.664152, 77
1619698748.683591, 77
1619698748.704421, 77
1619698748.723581, 77
1619698748.743251, 78
1619698748.763670, 79
1619698748.779343, 78
1619698748.795092, 77
1619698748.811468, 79
1619698748.827832, 78
1619698748.844354, 78
1619698748.863463, 78
1619698748.879802, 78
1619698748.896848, 79
1619698748.915214, 77
1619698748.932383, 79
1619698748.953307, 77
1619698748.970176, 77
1619698748.986080, 78
1619698749.005287, 77
1619698749.023647, 76
1619698749.040832, 78
1619698749.057268, 78
1619698749.076749, 78
1619698749.095435, 79
1619698749.112167, 79
1619698749.129705, 79
1619698749.145983, 80
1619698749.166140, 79
1619698749.185261, 80
1619698749.204498, 79
1619698749.228796, 79
1619698749.245373, 79
1619698749.261426, 78
1619698749.279727, 78
1619698749.296717, 78
1619698749.312919, 79
1619698749.328936, 78
1619698749.348246, 80
1619698749.368113, 81
1619698749.386535, 81
1619698749.402204, 80
1619698749.420499, 80
1619698749.437150, 81
1619698749.454820, 80
1619698749.472885, 81
1619698749.489367, 81
1619698749.506227, 81
1619698749.524245, 81
1619698749.544854, 80
1619698749.561205, 79
1619698749.578507, 80
1619698749.597104, 79
1619698749.612744, 78
1619698749.628233, 79
1619698749.644471, 80
1619698749.661175, 79
1619698749.678726, 79
1619698749.694898, 81
1619698749.714246, 80
1619698749.731837, 81
1619698749.750717, 81
1619698749.771751, 81
1619698749.788107, 81
1619698749.812624, 82
1619698749.833560, 81
1619698749.851205, 79
1619698749.867530, 82
1619698749.883659, 81
1619698749.900296, 80
1619698749.919356, 80
1619698749.936792, 81
1619698749.953362, 81
1619698749.970567, 80
1619698749.986417, 81
1619698750.003793, 82
1619698750.021793, 81
1619698750.039041, 81
1619698750.057068, 81
1619698750.073411, 82
1619698750.090146, 81
1619698750.107612, 81
1619698750.123914, 81
1619698750.139664, 83
1619698750.155975, 82
1619698750.174057, 81
1619698750.191533, 82
1619698750.208459, 81
1619698750.226021, 80
1619698750.241701, 81
1619698750.258034, 80
1619698750.274460, 81
1619698750.290939, 81
1619698750.308472, 81
1619698750.325510, 82
1619698750.341579, 82
1619698750.357375, 82
1619698750.374290, 81
1619698750.390038, 82
1619698750.411988, 83
1619698750.428367, 82
1619698750.450900, 83
1619698750.472922, 83
1619698750.490754, 82
1619698750.508584, 82
1619698750.525732, 81
1619698750.545971, 82
1619698750.571780, 83
1619698750.588705, 82
1619698750.606892, 82
1619698750.623324, 82
1619698750.640283, 82
1619698750.655941, 81
1619698750.673579, 84
1619698750.690835, 83
1619698750.707930, 82
1619698750.724803, 83
1619698750.741112, 83
1619698750.759331, 82
1619698750.776973, 83
1619698750.794013, 83
1619698750.810191, 83
1619698750.826620, 83
1619698750.846515, 82
1619698750.864238, 82
1619698750.881198, 81
1619698750.899246, 83
1619698750.916424, 82
1619698750.935088, 81
1619698750.951443, 82
1619698750.970249, 83
1619698750.990676, 85
1619698751.012987, 84
1619698751.034497, 83
1619698751.050833, 84
1619698751.067802, 84
1619698751.085968, 83
1619698751.102255, 83
1619698751.119295, 84
1619698751.135593, 85
1619698751.151951, 83
1619698751.167644, 84
1619698751.185788, 83
1619698751.202788, 82
1619698751.219222, 83
1619698751.244940, 83
1619698751.262537, 83
1619698751.278407, 83
1619698751.300864, 83
1619698751.318480, 83
1619698751.335386, 85
1619698751.352374, 85
1619698751.368752, 84
1619698751.384575, 85
1619698751.400825, 86
1619698751.417163, 86
1619698751.435855, 85
1619698751.454307, 86
1619698751.471271, 86
1619698751.487039, 85
1619698751.505149, 86
1619698751.522158, 85
1619698751.537430, 85
1619698751.555094, 85
1619698751.571721, 85
1619698751.587951, 83
1619698751.606460, 84
1619698751.639672, 85
1619698751.659179, 86
1619698751.679389, 85
1619698751.696778, 84
1619698751.712546, 86
1619698751.728360, 85
1619698751.743940, 83
1619698751.759657, 84
1619698751.776172, 85
1619698751.792517, 85
1619698751.810622, 85
1619698751.827631, 85
1619698751.843507, 85
1619698751.859747, 85
1619698751.878753, 85
1619698751.896149, 85
1619698751.916723, 84
1619698751.934990, 85
1619698751.952754, 86
1619698751.973265, 86
1619698751.989295, 87
1619698752.005061, 87
1619698752.022058, 86
1619698752.038319, 88
1619698752.055267, 86
1619698752.072370, 87
1619698752.089343, 87
1619698752.107423, 88
1619698752.125092, 87
1619698752.143149, 87
1619698752.159371, 86
1619698752.180799, 85
1619698752.204366, 84
1619698752.233142, 86
1619698752.251405, 86
1619698752.267748, 85
1619698752.285267, 87
1619698752.304308, 87
1619698752.320597, 87
1619698752.338491, 87
1619698752.357138, 86
1619698752.374025, 86
1619698752.390439, 86
1619698752.407303, 87
1619698752.424816, 87
1619698752.442092, 88
1619698752.458794, 87
1619698752.476611, 87
1619698752.496314, 86
1619698752.515712, 86
1619698752.534032, 86
1619698752.549709, 87
1619698752.568677, 86
1619698752.588726, 87
1619698752.605115, 87
1619698752.622112, 87
1619698752.638423, 87
1619698752.655693, 88
1619698752.672463, 87
1619698752.688604, 88
1619698752.704411, 87
1619698752.720770, 87
1619698752.737658, 88
1619698752.754788, 88
1619698752.776699, 88
1619698752.795295, 89
1619698752.823543, 86
1619698752.843622, 87
1619698752.860491, 88
1619698752.878749, 88
1619698752.895164, 88
1619698752.912101, 86
1619698752.928489, 88
1619698752.950429, 88
1619698752.966067, 89
1619698752.983411, 89
1619698753.001201, 89
1619698753.017240, 89
1619698753.034090, 89
1619698753.050429, 90
1619698753.066761, 89
1619698753.082386, 88
1619698753.100182, 88
1619698753.121582, 87
1619698753.138664, 88
1619698753.156290, 88
1619698753.173064, 87
1619698753.189037, 89
1619698753.205479, 88
1619698753.221104, 88
1619698753.237733, 87
1619698753.256329, 88
1619698753.273200, 87
1619698753.294307, 89
1619698753.312461, 90
1619698753.329572, 89
1619698753.346546, 88
1619698753.363147, 89
1619698753.381684, 89
1619698753.399392, 89
1619698753.421292, 88
1619698753.441309, 90
1619698753.459965, 89
1619698753.476247, 89
1619698753.492556, 88
1619698753.508470, 89
1619698753.527251, 89
1619698753.544967, 89
1619698753.563486, 89
1619698753.582033, 88
1619698753.600195, 88
1619698753.617050, 91
1619698753.634063, 90
1619698753.650534, 92
1619698753.666152, 91
1619698753.683228, 91
1619698753.699291, 89
1619698753.716261, 89
1619698753.733225, 90
1619698753.748885, 90
1619698753.764562, 90
1619698753.782291, 89
1619698753.797935, 89
1619698753.814283, 90
1619698753.831331, 89
1619698753.847920, 89
1619698753.866442, 90
1619698753.885594, 91
1619698753.903190, 90
1619698753.923631, 89
1619698753.942084, 90
1619698753.960031, 90
1619698753.976271, 90
1619698753.993093, 91
1619698754.018949, 90
1619698754.039899, 90
1619698754.057966, 91
1619698754.073938, 90
1619698754.092591, 91
1619698754.109929, 91
1619698754.125801, 91
1619698754.142060, 91
1619698754.159143, 90
1619698754.176305, 90
1619698754.195557, 90
1619698754.211486, 90
1619698754.227427, 90
1619698754.243322, 90
1619698754.259607, 90
1619698754.280117, 90
1619698754.297644, 91
1619698754.317720, 92
1619698754.334981, 91
1619698754.353009, 90
1619698754.369717, 90
1619698754.388520, 92
1619698754.409165, 92
1619698754.427066, 92
1619698754.446333, 93
1619698754.466555, 92
1619698754.483967, 93
1619698754.501878, 92
1619698754.519939, 91
1619698754.541479, 92
1619698754.561375, 93
1619698754.580668, 93
1619698754.597601, 91
1619698754.632253, 93
1619698754.651642, 92
1619698754.668368, 91
1619698754.684302, 92
1619698754.700204, 92
1619698754.716844, 92
1619698754.735779, 93
1619698754.752414, 92
1619698754.769031, 92
1619698754.786337, 92
1619698754.803158, 93
1619698754.820526, 92
1619698754.837106, 93
1619698754.856656, 93
1619698754.888749, 91
1619698754.904577, 91
1619698754.921888, 91
1619698754.938439, 91
1619698754.954485, 91
1619698754.973374, 92
1619698754.993197, 93
1619698755.010514, 93
1619698755.027149, 93
1619698755.043748, 93
1619698755.060411, 93
1619698755.076250, 93
1619698755.094152, 93
1619698755.110812, 93
1619698755.126739, 93
1619698755.142745, 93
1619698755.160061, 93
1619698755.176817, 93
1619698755.196102, 92
1619698755.225985, 91
1619698755.246137, 92
1619698755.262867, 93
1619698755.278753, 92
1619698755.294714, 91
1619698755.311363, 93
1619698755.328548, 93
1619698755.348711, 93
1619698755.365132, 93
1619698755.381953, 93
1619698755.401232, 94
1619698755.418425, 94
1619698755.434438, 93
1619698755.451060, 94
1619698755.468361, 93
1619698755.484328, 94
1619698755.500418, 94
1619698755.516346, 94
1619698755.532810, 93
1619698755.551482, 94
1619698755.570206, 94
1619698755.590329, 93
1619698755.609231, 92
1619698755.626255, 93
1619698755.642264, 93
1619698755.658891, 94
1619698755.675950, 93
1619698755.692718, 94
1619698755.708876, 93
1619698755.727554, 94
1619698755.744186, 96
1619698755.760426, 95
1619698755.776295, 94
1619698755.792221, 96
1619698755.817864, 94
1619698755.842767, 94
1619698755.859152, 96
1619698755.875412, 94
1619698755.895029, 93
1619698755.910674, 95
1619698755.926794, 93
1619698755.943470, 93
1619698755.961005, 94
1619698755.979131, 93
1619698755.995346, 94
1619698756.011586, 94
1619698756.029288, 94
1619698756.047881, 96
1619698756.065536, 95
1619698756.081827, 95
1619698756.100234, 95
1619698756.116493, 95
1619698756.133272, 95
1619698756.150255, 96
1619698756.167918, 96
1619698756.185418, 96
1619698756.202386, 96
1619698756.221194, 96
1619698756.237953, 96
1619698756.255047, 96
1619698756.271090, 95
1619698756.286782, 96
1619698756.303744, 95
1619698756.321945, 94
1619698756.340662, 96
1619698756.358338, 95
1619698756.375263, 95
1619698756.391554, 95
1619698756.424604, 95
1619698756.447101, 95
1619698756.464554, 95
1619698756.480292, 97
1619698756.497732, 96
1619698756.514648, 96
1619698756.534272, 96
1619698756.550530, 97
1619698756.566791, 96
1619698756.583749, 96
1619698756.600146, 96
1619698756.619817, 95
1619698756.636986, 95
1619698756.655533, 96
1619698756.675924, 95
1619698756.692829, 95
1619698756.709126, 96
1619698756.724802, 95
1619698756.741119, 97
1619698756.759840, 97
1619698756.776940, 96
1619698756.792723, 97
1619698756.811449, 96
1619698756.829078, 97
1619698756.846012, 97
1619698756.862237, 97
1619698756.877902, 97
1619698756.893524, 97
1619698756.909831, 97
1619698756.929832, 96
1619698756.946168, 98
1619698756.963627, 97
1619698756.979902, 95
1619698756.996971, 96
1619698757.036498, 96
1619698757.054736, 96
1619698757.071575, 96
1619698757.091302, 97
1619698757.111989, 98
1619698757.129228, 97
1619698757.146532, 98
1619698757.162675, 97
1619698757.178565, 97
1619698757.194787, 97
1619698757.215644, 99
1619698757.235947, 98
1619698757.252827, 97
1619698757.269536, 99
1619698757.290655, 97
1619698757.307882, 96
1619698757.323893, 97
1619698757.341244, 97
1619698757.357854, 97
1619698757.373736, 96
1619698757.389452, 98
1619698757.406326, 97
1619698757.421989, 97
1619698757.438986, 98
1619698757.455932, 98
1619698757.472601, 99
1619698757.488661, 98
1619698757.509326, 98
1619698757.525037, 99
1619698757.541328, 99
1619698757.558222, 97
1619698757.574386, 99
1619698757.592703, 99
1619698757.610001, 97
1619698757.639524, 98
1619698757.659938, 97
1619698757.676244, 98
1619698757.693145, 98
1619698757.710072, 99
1619698757.726430, 98
1619698757.743364, 98
1619698757.760927, 99
1619698757.776651, 97
1619698757.793438, 98
1619698757.814365, 97
1619698757.829967, 100
1619698757.845751, 99
1619698757.861890, 99
1619698757.878457, 100
1619698757.895538, 99
1619698757.912384, 99
1619698757.929324, 99
1619698757.946230, 98
1619698757.963309, 99
1619698757.980933, 100
1619698757.996605, 99
1619698758.012364, 100
1619698758.028623, 99
1619698758.045030, 99
1619698758.061255, 98
1619698758.077555, 98
1619698758.094091, 99
1619698758.110063, 98
1619698758.128070, 98
1619698758.144450, 98
1619698758.161327, 98
1619698758.178215, 100
1619698758.194540, 100
1619698758.214934, 100
1619698758.233456, 99
1619698758.255755, 100
1619698758.272603, 100
1619698758.288929, 99
1619698758.305812, 100
1619698758.324754, 100
1619698758.341780, 100
1619698758.359335, 101
1619698758.375469, 101
1619698758.392446, 100
1619698758.409732, 99
1619698758.428305, 100
1619698758.445816, 99
1619698758.462123, 100
1619698758.478450, 98
1619698758.495000, 99
1619698758.512570, 98
1619698758.528864, 100
1619698758.546477, 100
1619698758.562856, 100
1619698758.579092, 101
1619698758.595480, 99
1619698758.613043, 101
1619698758.632531, 100
1619698758.650145, 101
1619698758.666651, 100
1619698758.684150, 99
1619698758.700690, 102
1619698758.716479, 101
1619698758.732953, 100
1619698758.748618, 100
1619698758.764736, 100
1619698758.781042, 100
1619698758.798663, 101
1619698758.818824, 100
1619698758.838145, 99
1619698758.857285, 100
1619698758.875733, 100
1619698758.892701, 100
1619698758.909141, 101
1619698758.926277, 101
1619698758.942300, 100
1619698758.958616, 102
1619698758.974874, 102
1619698758.991139, 101
1619698759.006953, 102
1619698759.025733, 101
1619698759.044004, 101
1619698759.060431, 102
1619698759.078112, 102
1619698759.096415, 101
1619698759.113915, 101
1619698759.132232, 101
1619698759.149159, 100
1619698759.165336, 101
1619698759.182512, 101
1619698759.198531, 100
1619698759.215613, 100
1619698759.233822, 101
1619698759.252716, 103
1619698759.269333, 102
1619698759.285206, 101
1619698759.301577, 102
1619698759.317866, 102
1619698759.334794, 102
1619698759.352581, 101
1619698759.370011, 102
1619698759.385606, 101
1619698759.402659, 101
1619698759.430919, 101
1619698759.459295, 103
1619698759.478192, 102
1619698759.494402, 101
1619698759.518364, 102
1619698759.536093, 101
1619698759.555741, 103
1619698759.579445, 99
1619698759.606534, 100
1619698759.664591, 101
1619698759.702442, 102
1619698759.724669, 102
1619698759.742830, 103
1619698759.759091, 103
1619698759.776082, 102
1619698759.792169, 104
1619698759.808634, 102
1619698759.827544, 103
1619698759.848408, 103
1619698759.864668, 101
1619698759.885229, 104
1619698759.901890, 102
1619698759.921538, 102
1619698759.940836, 102
1619698759.959647, 101
1619698759.977747, 102
1619698759.994744, 103
1619698760.014214, 102
1619698760.047385, 102
1619698760.065741, 103
1619698760.083021, 104
1619698760.100579, 103
1619698760.119053, 104
1619698760.135812, 104
1619698760.152110, 104
1619698760.168427, 104
1619698760.185870, 104
1619698760.202783, 104
1619698760.222378, 104
1619698760.238665, 103
1619698760.255619, 105
1619698760.273812, 104
1619698760.290726, 105
1619698760.307799, 104
1619698760.324423, 104
1619698760.341558, 103
1619698760.357817, 102
1619698760.374173, 104
1619698760.393842, 102
1619698760.411263, 102
1619698760.429550, 103
1619698760.445205, 103
1619698760.460826, 104
1619698760.477108, 105
1619698760.493376, 104
1619698760.510721, 104
1619698760.527900, 105
1619698760.545435, 105
1619698760.561482, 104
1619698760.581299, 104
1619698760.597577, 104
1619698760.613916, 103
1619698760.633381, 106
1619698760.666639, 104
1619698760.684860, 103
1619698760.704452, 103
1619698760.722904, 103
1619698760.739127, 104
1619698760.755914, 104
1619698760.772243, 102
1619698760.790730, 103
1619698760.815302, 106
1619698760.836147, 105
1619698760.854286, 105
1619698760.875054, 106
1619698760.893300, 105
1619698760.912293, 106
1619698760.928516, 105
1619698760.947799, 104
1619698760.964414, 105
1619698760.982559, 106
1619698760.999155, 105
1619698761.016210, 106
1619698761.033442, 105
1619698761.049991, 104
1619698761.065482, 104
1619698761.081303, 105
1619698761.096928, 104
1619698761.112584, 104
1619698761.131141, 104
1619698761.150947, 104
1619698761.167647, 105
1619698761.191142, 106
1619698761.207591, 106
1619698761.229915, 105
1619698761.258290, 106
1619698761.275989, 106
1619698761.293771, 107
1619698761.311412, 106
1619698761.328432, 105
1619698761.344651, 106
1619698761.361583, 108
1619698761.378145, 107
1619698761.394414, 106
1619698761.411319, 108
1619698761.427693, 106
1619698761.444048, 106
1619698761.460387, 107
1619698761.478544, 107
1619698761.495429, 105
1619698761.513397, 105
1619698761.529696, 105
1619698761.545859, 105
1619698761.562435, 108
1619698761.579670, 106
1619698761.596671, 105
1619698761.613259, 106
1619698761.629599, 106
1619698761.645885, 107
1619698761.664152, 107
1619698761.685612, 106
1619698761.704758, 107
1619698761.722880, 107
1619698761.744373, 106
1619698761.760753, 106
1619698761.777873, 106
1619698761.795097, 107
1619698761.815867, 104
1619698761.848321, 106
1619698761.865219, 106
1619698761.882122, 106
1619698761.899752, 107
1619698761.917355, 106
1619698761.939810, 106
1619698761.961102, 107
1619698761.978470, 108
1619698761.996914, 106
1619698762.014058, 108
1619698762.031175, 108
1619698762.049072, 107
1619698762.064750, 107
1619698762.080539, 108
1619698762.097395, 107
1619698762.113371, 107
1619698762.129704, 108
1619698762.147674, 107
1619698762.168565, 108
1619698762.185447, 106
1619698762.202370, 106
1619698762.221853, 107
1619698762.240071, 105
1619698762.256838, 107
1619698762.274378, 107
1619698762.291802, 107
1619698762.311446, 107
1619698762.328342, 107
1619698762.345839, 108
1619698762.362944, 107
1619698762.379243, 107
1619698762.394803, 107
1619698762.411086, 109
1619698762.437876, 109
1619698762.461017, 109
1619698762.477567, 108
1619698762.495760, 108
1619698762.512624, 108
1619698762.528856, 108
1619698762.548458, 108
1619698762.565919, 107
1619698762.581570, 107
1619698762.598318, 107
1619698762.614022, 108
1619698762.630950, 108
1619698762.647850, 108
1619698762.665391, 108
1619698762.683787, 107
1619698762.709612, 109
1619698762.725473, 107
1619698762.741636, 108
1619698762.762571, 107
1619698762.778851, 108
1619698762.795870, 108
1619698762.813325, 108
1619698762.830583, 108
1619698762.849063, 109
1619698762.866716, 109
1619698762.884050, 110
1619698762.902213, 109
1619698762.922165, 109
1619698762.939578, 110
1619698762.957264, 109
1619698762.973514, 109
1619698762.989471, 109
1619698763.005828, 109
1619698763.023671, 108
1619698763.052754, 110
1619698763.072662, 109
1619698763.098023, 111
1619698763.116332, 110
1619698763.132837, 109
1619698763.151739, 109
1619698763.169345, 110
1619698763.187086, 109
1619698763.203020, 109
1619698763.218707, 109
1619698763.234690, 109
1619698763.250674, 109
1619698763.266660, 109
1619698763.282796, 110
1619698763.300908, 109
1619698763.317397, 109
1619698763.333279, 109
1619698763.351224, 108
1619698763.367497, 108
1619698763.384604, 108
1619698763.401680, 108
1619698763.419959, 108
1619698763.439220, 108
1619698763.456353, 108
1619698763.474333, 108
1619698763.493072, 109
1619698763.509679, 110
1619698763.527995, 108
1619698763.548714, 111
1619698763.566938, 110
1619698763.587928, 111
1619698763.608704, 111
1619698763.625158, 111
1619698763.661775, 111
1619698763.678403, 112
1619698763.697211, 110
1619698763.713178, 111
1619698763.730304, 110
1619698763.747065, 110
1619698763.763130, 110
1619698763.779447, 110
1619698763.796421, 110
1619698763.813860, 110
1619698763.831517, 109
1619698763.847498, 109
1619698763.863997, 111
1619698763.879953, 110
1619698763.898892, 110
1619698763.916015, 110
1619698763.932565, 110
1619698763.948607, 110
1619698763.968175, 111
1619698763.986378, 111
1619698764.003365, 110
1619698764.020610, 111
1619698764.036637, 110
1619698764.053035, 110
1619698764.069888, 111
1619698764.085694, 111
1619698764.103583, 111
1619698764.119523, 110
1619698764.136854, 110
1619698764.155526, 111
1619698764.173264, 110
1619698764.189883, 109
1619698764.208160, 110
1619698764.224578, 109
1619698764.261313, 111
1619698764.277702, 112
1619698764.294179, 111
1619698764.310665, 112
1619698764.327172, 111
1619698764.344267, 111
1619698764.360264, 112
1619698764.376118, 112
1619698764.392037, 112
1619698764.408672, 112
1619698764.424544, 111
1619698764.441996, 111
1619698764.459908, 111
1619698764.475636, 111
1619698764.493372, 111
1619698764.513820, 112
1619698764.532347, 111
1619698764.549663, 109
1619698764.566148, 110
1619698764.581595, 111
1619698764.597420, 110
1619698764.613474, 109
1619698764.629381, 110
1619698764.646469, 113
1619698764.663394, 112
1619698764.679490, 112
1619698764.694866, 111
1619698764.712605, 113
1619698764.729227, 111
1619698764.745254, 113
1619698764.762953, 114
1619698764.780505, 112
1619698764.798104, 114
1619698764.813555, 113
1619698764.839100, 112
1619698764.865957, 113
1619698764.884487, 114
1619698764.900682, 114
1619698764.917399, 113
1619698764.933199, 112
1619698764.948633, 113
1619698764.965036, 113
1619698764.980980, 112
1619698765.000778, 112
1619698765.017771, 111
1619698765.034838, 112
1619698765.051342, 113
1619698765.068132, 113
1619698765.087452, 112
1619698765.104949, 113
1619698765.120885, 113
1619698765.136813, 112
1619698765.152667, 113
1619698765.171386, 113
1619698765.188630, 113
1619698765.204592, 113
1619698765.224119, 113
1619698765.241380, 114
1619698765.258282, 114
1619698765.275225, 113
1619698765.293628, 114
1619698765.312576, 112
1619698765.330590, 112
1619698765.346600, 113
1619698765.362861, 113
1619698765.378659, 112
1619698765.394661, 113
1619698765.411702, 112
1619698765.427682, 112
1619698765.457729, 113
1619698765.475464, 113
1619698765.4