1619718832.544678, 0
1619718832.579245, 0
1619718832.598179, 0
1619718832.617813, 2
1619718832.634084, 5
1619718832.651243, 4
1619718832.668291, 11
1619718832.686147, 16
1619718832.703145, 19
1619718832.725151, 24
1619718832.742203, 28
1619718832.757501, 33
1619718832.776257, 38
1619718832.794155, 42
1619718832.811009, 48
1619718832.828293, 54
1619718832.845173, 57
1619718832.862183, 63
1619718832.879229, 67
1619718832.898215, 70
1619718832.914138, 79
1619718832.939156, 86
1619718832.955291, 89
1619718832.974884, 100
1619718833.008324, 107
1619718833.029088, 115
1619718833.053197, 119
1619718833.074236, 125
1619718833.097168, 130
1619718833.118437, 135
1619718833.135245, 140
1619718833.154270, 145
1619718833.172330, 151
1619718833.190159, 156
1619718833.208360, 160
1619718833.224286, 163
1619718833.242259, 169
1619718833.258328, 175
1619718833.275284, 179
1619718833.305938, 185
1619718833.330099, 192
1619718833.354025, 197
1619718833.374496, 205
1619718833.398802, 211
1619718833.422501, 216
1619718833.441825, 222
1619718833.464098, 226
1619718833.484359, 236
1619718833.507095, 238
1619718833.525065, 245
1619718833.544356, 251
1619718833.561710, 255
1619718833.584921, 264
1619718833.608570, 268
1619718833.628328, 275
1619718833.645264, 278
1619718833.661133, 284
1619718833.681174, 288
1619718833.699059, 293
1619718833.716247, 298
1619718833.734183, 304
1619718833.754158, 308
1619718833.773865, 314
1619718833.793091, 319
1619718833.813187, 324
1619718833.829201, 328
1619718833.846151, 333
1619718833.862180, 338
1619718833.878135, 344
1619718833.899715, 350
1619718833.916114, 355
1619718833.932211, 358
1619718833.949653, 364
1619718833.965123, 367
1619718833.981150, 372
1619718833.999111, 378
1619718834.017399, 380
1619718834.033593, 386
1619718834.051158, 391
1619718834.067186, 393
1619718834.083311, 399
1619718834.104388, 406
1619718834.123130, 409
1619718834.140337, 418
1619718834.159328, 423
1619718834.177744, 428
1619718834.204751, 438
1619718834.240913, 452
1619718834.293896, 458
1619718834.316003, 464
1619718834.334898, 468
1619718834.356181, 475
1619718834.378096, 481
1619718834.396834, 485
1619718834.415133, 489
1619718834.431700, 494
1619718834.448145, 499
1619718834.467576, 506
1619718834.489443, 513
1619718834.515791, 517
1619718834.535557, 522
1619718834.554316, 526
1619718834.571546, 534
1619718834.588647, 538
1619718834.606568, 543
1619718834.627618, 547
1619718834.645123, 553
1619718834.661547, 556
1619718834.681195, 563
1619718834.698753, 568
1619718834.716853, 572
1619718834.732779, 576
1619718834.748950, 579
1619718834.766952, 589
1619718834.791546, 596
1619718834.811036, 598
1619718834.827318, 605
1619718834.844602, 608
1619718834.861525, 613
1619718834.877760, 619
1619718834.896346, 623
1619718834.912970, 627
1619718834.929571, 633
1619718834.947093, 636
1619718834.962963, 640
1619718834.981375, 646
1619718834.999282, 652
1619718835.016356, 658
1619718835.032984, 662
1619718835.048831, 665
1619718835.064554, 670
1619718835.080835, 676
1619718835.097682, 681
1619718835.116206, 685
1619718835.133680, 689
1619718835.149983, 692
1619718835.165490, 697
1619718835.181680, 700
1619718835.199465, 699
1619718835.216604, 700
1619718835.235077, 699
1619718835.252664, 699
1619718835.269042, 699
1619718835.287338, 699
1619718835.305364, 700
1619718835.323729, 700
1619718835.341583, 700
1619718835.361306, 700
1619718835.389602, 699
1619718835.409929, 700
1619718835.428285, 698
1619718835.447718, 699
1619718835.470842, 700
1619718835.490303, 700
1619718835.510358, 699
1619718835.527331, 700
1619718835.544774, 700
1619718835.565156, 699
1619718835.582958, 700
1619718835.599209, 699
1619718835.620384, 700
1619718835.638793, 699
1619718835.659055, 700
1619718835.681306, 700
1619718835.698383, 699
1619718835.714634, 699
1619718835.733995, 700
1619718835.754107, 700
1619718835.775224, 699
1619718835.795035, 699
1619718835.814095, 700
1619718835.832911, 699
1619718835.850995, 699
1619718835.869028, 700
1619718835.887414, 700
1619718835.904863, 699
1619718835.927657, 699
1619718835.945438, 700
1619718835.963238, 699
1619718835.980455, 699
1619718836.020591, 699
1619718836.040846, 700
1619718836.060903, 700
1619718836.079370, 700
1619718836.100589, 700
1619718836.121939, 699
1619718836.143092, 699
1619718836.161485, 700
1619718836.177806, 700
1619718836.195549, 700
1619718836.216520, 699
1619718836.234294, 700
1619718836.252121, 700
1619718836.274521, 700
1619718836.293091, 700
1619718836.313323, 700
1619718836.330397, 700
1619718836.348209, 700
1619718836.366571, 700
1619718836.384703, 700
1619718836.401625, 699
1619718836.420922, 700
1619718836.439516, 699
1619718836.459521, 700
1619718836.477935, 700
1619718836.496822, 699
1619718836.513952, 700
1619718836.532451, 699
1619718836.550280, 699
1619718836.567024, 700
1619718836.591460, 699
1619718836.616495, 698
1619718836.633057, 699
1619718836.648958, 700
1619718836.665054, 698
1619718836.681478, 700
1619718836.700845, 700
1619718836.720984, 700
1619718836.740456, 700
1619718836.761993, 700
1619718836.778244, 700
1619718836.796460, 700
1619718836.814947, 700
1619718836.832827, 700
1619718836.850754, 699
1619718836.869373, 699
1619718836.893578, 700
1619718836.919962, 700
1619718836.940249, 699
1619718836.959027, 700
1619718836.982852, 700
1619718837.004867, 700
1619718837.022784, 699
1619718837.041354, 700
1619718837.061897, 699
1619718837.078912, 700
1619718837.099195, 699
1619718837.118529, 699
1619718837.137251, 699
1619718837.157174, 700
1619718837.176641, 699
1619718837.214274, 699
1619718837.234331, 700
1619718837.252258, 699
1619718837.269985, 699
1619718837.287016, 699
1619718837.304586, 699
1619718837.322853, 700
1619718837.341705, 700
1619718837.358927, 700
1619718837.376694, 700
1619718837.392905, 700
1619718837.410690, 700
1619718837.428588, 699
1619718837.445521, 700
1619718837.461834, 699
1619718837.478040, 700
1619718837.494319, 700
1619718837.509796, 699
1619718837.526842, 700
1619718837.545784, 700
1619718837.562591, 698
1619718837.580208, 699
1619718837.598345, 699
1619718837.615123, 699
1619718837.630589, 700
1619718837.646420, 699
1619718837.664704, 700
1619718837.681722, 699
1619718837.698777, 699
1619718837.716568, 700
1619718837.732813, 700
1619718837.750248, 699
1619718837.767856, 700
1619718837.790647, 699
1619718837.810272, 700
1619718837.829673, 700
1619718837.846644, 700
1619718837.863162, 700
1619718837.879953, 698
1619718837.896410, 699
1619718837.916059, 700
1619718837.932715, 699
1619718837.948930, 700
1619718837.965429, 699
1619718837.982505, 698
1619718837.999545, 700
1619718838.015036, 699
1619718838.031305, 699
1619718838.047862, 699
1619718838.066158, 699
1619718838.083199, 700
1619718838.099453, 699
1619718838.118126, 699
1619718838.135877, 699
1619718838.156999, 698
1619718838.177792, 700
1619718838.194835, 699
1619718838.214076, 699
1619718838.230398, 699
1619718838.246236, 700
1619718838.266479, 698
1619718838.283164, 700
1619718838.300370, 699
1619718838.317388, 699
1619718838.333626, 699
1619718838.351535, 700
1619718838.369739, 699
1619718838.400984, 700
1619718838.424198, 700
1619718838.444452, 700
1619718838.461548, 700
1619718838.478678, 700
1619718838.496283, 700
1619718838.513193, 700
1619718838.531035, 699
1619718838.547339, 699
1619718838.564565, 698
1619718838.580143, 698
1619718838.597083, 698
1619718838.614849, 697
1619718838.631132, 697
1619718838.648996, 698
1619718838.664428, 700
1619718838.681762, 700
1619718838.698496, 699
1619718838.716405, 699
1619718838.733371, 700
1619718838.750382, 700
1619718838.768343, 699
1619718838.787571, 699
1619718838.806714, 700
1619718838.827090, 699
1619718838.843338, 699
1619718838.860597, 699
1619718838.877432, 699
1619718838.894998, 700
1619718838.911339, 699
1619718838.929469, 699
1619718838.946839, 700
1619718838.971229, 700
1619718839.000069, 699
1619718839.019207, 699
1619718839.038274, 699
1619718839.056784, 700
1619718839.076575, 699
1619718839.097400, 699
1619718839.114219, 700
1619718839.131812, 699
1619718839.147856, 700
1619718839.167584, 700
1619718839.185864, 700
1619718839.204886, 700
1619718839.225315, 699
1619718839.242107, 699
1619718839.258216, 699
1619718839.274602, 700
1619718839.292253, 699
1619718839.307888, 699
1619718839.325940, 699
1619718839.345239, 699
1619718839.361974, 699
1619718839.377912, 700
1619718839.394671, 699
1619718839.410712, 699
1619718839.427542, 700
1619718839.444862, 700
1619718839.462159, 699
1619718839.479553, 700
1619718839.498231, 699
1619718839.514310, 699
1619718839.531295, 699
1619718839.549375, 700
1619718839.565498, 699
1619718839.581647, 700
1619718839.609437, 699
1619718839.628412, 700
1619718839.645958, 700
1619718839.662053, 699
1619718839.680515, 699
1619718839.702185, 699
1619718839.723391, 699
1619718839.744187, 699
1619718839.767799, 699
1619718839.792899, 699
1619718839.815510, 699
1619718839.833684, 699
1619718839.855742, 699
1619718839.882245, 699
1619718839.900579, 699
1619718839.917358, 699
1619718839.937301, 700
1619718839.956872, 700
1619718839.974872, 699
1619718839.993071, 699
1619718840.014221, 700
1619718840.030980, 700
1619718840.048338, 699
1619718840.067418, 700
1619718840.084281, 699
1619718840.099694, 699
1619718840.116728, 699
1619718840.132712, 700
1619718840.150178, 700
1619718840.165603, 699
1619718840.182451, 698
1619718840.210718, 699
1619718840.232464, 700
1619718840.249820, 699
1619718840.268109, 698
1619718840.284228, 697
1619718840.300474, 697
1619718840.317187, 697
1619718840.336226, 699
1619718840.355116, 698
1619718840.371776, 699
1619718840.390022, 698
1619718840.407171, 698
1619718840.425715, 697
1619718840.444391, 695
1619718840.461934, 694
1619718840.480280, 699
1619718840.496360, 695
1619718840.512627, 695
1619718840.528621, 699
1619718840.544812, 699
1619718840.565139, 699
1619718840.582599, 699
1619718840.598704, 698
1619718840.615679, 695
1619718840.631739, 697
1619718840.649231, 696
1619718840.664661, 698
1619718840.682481, 700
1619718840.700626, 699
1619718840.720285, 697
1619718840.740436, 697
1619718840.759082, 699
1619718840.780562, 699
1619718840.814764, 698
1619718840.832891, 699
1619718840.848426, 699
1619718840.867320, 699
1619718840.884429, 698
1619718840.904236, 697
1619718840.924246, 699
1619718840.942871, 699
1619718840.961499, 700
1619718840.977836, 697
1619718840.994007, 699
1619718841.010483, 693
1619718841.028021, 696
1619718841.044722, 700
1619718841.060590, 698
1619718841.077816, 699
1619718841.094864, 699
1619718841.123363, 699
1619718841.141388, 699
1619718841.160134, 700
1619718841.182773, 700
1619718841.198819, 699
1619718841.215380, 699
1619718841.231930, 699
1619718841.248562, 700
1619718841.267876, 698
1619718841.284459, 696
1619718841.302486, 699
1619718841.321146, 700
1619718841.340530, 700
1619718841.359824, 700
1619718841.376486, 699
1619718841.394386, 699
1619718841.417327, 698
1619718841.436713, 700
1619718841.456146, 698
1619718841.475478, 699
1619718841.494806, 700
1619718841.510715, 699
1619718841.526695, 699
1619718841.544752, 699
1619718841.561846, 700
1619718841.581184, 700
1619718841.597827, 699
1619718841.613719, 698
1619718841.629656, 697
1619718841.645260, 699
1619718841.661799, 700
1619718841.678420, 699
1619718841.697781, 699
1619718841.715072, 698
1619718841.733661, 696
1619718841.754433, 700
1619718841.775044, 700
1619718841.793618, 698
1619718841.810952, 699
1619718841.828304, 698
1619718841.846239, 699
1619718841.863449, 700
1619718841.880722, 699
1619718841.896648, 699
1619718841.913164, 700
1619718841.928490, 700
1619718841.946053, 700
1619718841.963288, 700
1619718841.983291, 700
1619718842.011668, 700
1619718842.029621, 698
1619718842.053653, 699
1619718842.074160, 699
1619718842.095586, 699
1619718842.114829, 697
1619718842.134338, 700
1619718842.151482, 697
1619718842.168065, 699
1619718842.184712, 697
1619718842.200569, 699
1619718842.220632, 698
1619718842.239700, 698
1619718842.261489, 698
1619718842.280137, 698
1619718842.298114, 698
1619718842.318084, 698
1619718842.338583, 699
1619718842.357053, 698
1619718842.376781, 700
1619718842.396235, 697
1619718842.427243, 698
1619718842.447253, 698
1619718842.464407, 700
1619718842.485963, 699
1619718842.504739, 697
1619718842.523414, 696
1619718842.544861, 696
1619718842.562062, 696
1619718842.578622, 697
1619718842.598602, 695
1619718842.621404, 696
1619718842.645589, 700
1619718842.662895, 695
1619718842.680608, 697
1619718842.697450, 695
1619718842.716194, 696
1619718842.732782, 699
1619718842.749260, 695
1619718842.765832, 695
1619718842.783140, 698
1619718842.801179, 696
1619718842.820514, 696
1619718842.837765, 696
1619718842.855013, 695
1619718842.875692, 695
1619718842.897633, 695
1619718842.914632, 696
1619718842.932609, 695
1619718842.954033, 696
1619718842.971572, 696
1619718842.990576, 696
1619718843.009777, 698
1619718843.027121, 699
1619718843.045629, 697
1619718843.062540, 695
1619718843.079057, 696
1619718843.096306, 696
1619718843.117628, 696
1619718843.137759, 698
1619718843.157794, 696
1619718843.176184, 697
1619718843.198215, 697
1619718843.228913, 697
1619718843.251105, 697
1619718843.271640, 698
1619718843.290177, 697
1619718843.311610, 699
1619718843.328651, 698
1619718843.346621, 698
1619718843.366101, 696
1619718843.382777, 699
1619718843.404222, 697
1619718843.426447, 697
1619718843.447710, 697
1619718843.467692, 698
1619718843.486641, 696
1619718843.506198, 699
1619718843.525390, 697
1619718843.545230, 696
1619718843.566718, 698
1619718843.587160, 694
1619718843.606268, 695
1619718843.629780, 695
1619718843.647154, 697
1619718843.664805, 696
1619718843.681212, 694
1619718843.698204, 695
1619718843.715732, 696
1619718843.734202, 695
1619718843.755205, 696
1619718843.776213, 695
1619718843.798412, 695
1619718843.830455, 694
1619718843.853509, 695
1619718843.872310, 695
1619718843.891693, 695
1619718843.911834, 695
1619718843.928712, 696
1619718843.947242, 700
1619718843.965192, 698
1619718843.982372, 694
1619718844.003286, 695
1619718844.021754, 696
1619718844.039776, 697
1619718844.058779, 695
1619718844.075458, 695
1619718844.095070, 695
1619718844.113235, 695
1619718844.129870, 695
1619718844.146285, 694
1619718844.161872, 695
1619718844.177823, 695
1619718844.194409, 695
1619718844.211344, 695
1619718844.228755, 696
1619718844.248779, 695
1619718844.267792, 698
1619718844.284409, 695
1619718844.303822, 696
1619718844.323430, 694
1619718844.342469, 698
1619718844.361387, 695
1619718844.378077, 695
1619718844.396338, 694
1619718844.429467, 696
1619718844.451806, 695
1619718844.470824, 696
1619718844.488831, 699
1619718844.509511, 695
1619718844.529604, 696
1619718844.546316, 694
1619718844.562858, 695
1619718844.582066, 697
1619718844.599370, 694
1619718844.617932, 695
1619718844.634362, 697
1619718844.651885, 695
1619718844.668442, 697
1619718844.686867, 694
1619718844.704997, 696
1619718844.724615, 696
1619718844.746754, 696
1619718844.763367, 695
1619718844.788594, 696
1619718844.807571, 695
1619718844.827023, 696
1619718844.846390, 696
1619718844.862894, 697
1619718844.879109, 699
1619718844.895103, 696
1619718844.912158, 695
1619718844.929155, 694
1619718844.946617, 695
1619718844.963751, 697
1619718844.981164, 698
1619718844.998649, 696
1619718845.021653, 696
1619718845.049662, 695
1619718845.070164, 696
1619718845.088287, 697
1619718845.106140, 698
1619718845.126664, 696
1619718845.144252, 698
1619718845.163926, 697
1619718845.181135, 700
1619718845.198658, 695
1619718845.215249, 696
1619718845.231673, 698
1619718845.249946, 696
1619718845.268633, 698
1619718845.289232, 696
1619718845.310795, 696
1619718845.327226, 696
1619718845.346860, 699
1619718845.364188, 696
1619718845.381721, 697
1619718845.398337, 696
1619718845.433760, 693
1619718845.474357, 696
1619718845.497683, 694
1619718845.514174, 697
1619718845.531177, 697
1619718845.546723, 694
1619718845.562607, 695
1619718845.578284, 697
1619718845.597527, 695
1619718845.625852, 695
1619718845.644795, 695
1619718845.661763, 695
1619718845.678242, 696
1619718845.694819, 695
1619718845.713781, 695
1619718845.732306, 695
1619718845.748748, 694
1619718845.764332, 696
1619718845.781319, 694
1619718845.800771, 696
1619718845.819772, 698
1619718845.837858, 695
1619718845.855346, 695
1619718845.875142, 695
1619718845.897375, 695
1619718845.916482, 698
1619718845.932884, 695
1619718845.948986, 694
1619718845.965362, 696
1619718845.981449, 694
1619718845.997922, 695
1619718846.013903, 696
1619718846.032501, 696
1619718846.047927, 696
1619718846.065428, 694
1619718846.080923, 696
1619718846.097473, 695
1619718846.113479, 695
1619718846.129399, 697
1619718846.147091, 695
1619718846.164936, 696
1619718846.181948, 697
1619718846.197470, 696
1619718846.215421, 697
1619718846.244073, 696
1619718846.262529, 695
1619718846.280205, 698
1619718846.298113, 699
1619718846.314529, 696
1619718846.330969, 696
1619718846.347034, 697
1619718846.362498, 697
1619718846.379005, 698
1619718846.394526, 696
1619718846.412626, 697
1619718846.429503, 699
1619718846.447075, 697
1619718846.466959, 697
1619718846.484108, 698
1619718846.503503, 696
1619718846.524806, 696
1619718846.544134, 696
1619718846.561570, 696
1619718846.578504, 696
1619718846.597823, 695
1619718846.614492, 695
1619718846.632121, 696
1619718846.648134, 697
1619718846.666040, 696
1619718846.687555, 697
1619718846.706047, 695
1619718846.726746, 699
1619718846.744545, 698
1619718846.764129, 695
1619718846.781050, 694
1619718846.797580, 694
1619718846.815039, 696
1619718846.845995, 694
1619718846.866547, 695
1619718846.882545, 694
1619718846.899454, 694
1619718846.915542, 695
1619718846.937803, 695
1619718846.956192, 695
1619718846.975129, 694
1619718846.992135, 695
1619718847.011195, 696
1619718847.030091, 695
1619718847.046114, 696
1619718847.062738, 695
1619718847.079620, 695
1619718847.096190, 695
1619718847.113594, 697
1619718847.130103, 697
1619718847.146126, 695
1619718847.163200, 693
1619718847.180231, 695
1619718847.198450, 697
1619718847.216492, 695
1619718847.233620, 694
1619718847.251638, 694
1619718847.272401, 696
1619718847.291629, 688
1619718847.309178, 680
1619718847.327378, 672
1619718847.347688, 668
1619718847.367942, 660
1619718847.389118, 652
1619718847.407936, 645
1619718847.428995, 639
1619718847.447294, 630
1619718847.468633, 623
1619718847.489204, 615
1619718847.506692, 607
1619718847.526241, 599
1619718847.544249, 591
1619718847.562262, 584
1619718847.582719, 575
1619718847.598712, 569
1619718847.615676, 563
1619718847.633214, 558
1619718847.653432, 553
1619718847.673686, 546
1619718847.692885, 536
1619718847.716299, 530
1619718847.732352, 524
1619718847.753088, 516
1619718847.776314, 509
1619718847.794729, 499
1619718847.817397, 491
1619718847.833705, 487
1619718847.852759, 488
1619718847.870252, 489
1619718847.887735, 488
1619718847.907781, 489
1619718847.925770, 487
1619718847.955249, 490
1619718847.978570, 490
1619718847.995738, 490
1619718848.015792, 489
1619718848.033756, 490
1619718848.056318, 490
1619718848.076459, 489
1619718848.093308, 489
1619718848.111296, 492
1619718848.135323, 490
1619718848.152334, 489
1619718848.171343, 491
1619718848.191482, 490
1619718848.210359, 489
1619718848.226351, 490
1619718848.246839, 489
1619718848.263192, 490
1619718848.281616, 490
1619718848.298290, 490
1619718848.315867, 490
1619718848.332418, 489
1619718848.348430, 490
1619718848.364400, 490
1619718848.382301, 486
1619718848.399302, 481
1619718848.418359, 477
1619718848.436476, 470
1619718848.455802, 463
1619718848.477989, 457
1619718848.494340, 451
1619718848.512835, 445
1619718848.528939, 439
1619718848.547405, 433
1619718848.565756, 424
1619718848.583395, 418
1619718848.603551, 411
1619718848.625497, 398
1619718848.658420, 391
1619718848.680865, 384
1619718848.698982, 378
1619718848.718924, 370
1619718848.741846, 365
1619718848.760943, 357
1619718848.782901, 349
1619718848.799969, 344
1619718848.817390, 338
1619718848.837872, 328
1619718848.856422, 320
1619718848.878902, 314
1619718848.895414, 306
1619718848.912530, 300
1619718848.928941, 293
1619718848.945418, 286
1619718848.963473, 280
1619718848.980987, 272
1619718848.999473, 269
1619718849.015972, 268
1619718849.032622, 265
1619718849.052989, 264
1619718849.072089, 262
1619718849.090716, 260
1619718849.109444, 259
1619718849.126467, 259
1619718849.145025, 259
1619718849.161951, 259
1619718849.179054, 260
1619718849.197953, 259
1619718849.219557, 257
1619718849.243542, 260
1619718849.264968, 259
1619718849.283549, 258
1619718849.300757, 259
1619718849.319538, 257
1619718849.344158, 257
1619718849.362485, 258
1619718849.381586, 257
1619718849.400842, 258
1619718849.419527, 257
1619718849.443568, 257
1619718849.460702, 259
1619718849.480113, 258
1619718849.496650, 259
1619718849.513491, 260
1619718849.532186, 258
1619718849.549537, 259
1619718849.565587, 261
1619718849.583010, 259
1619718849.599021, 259
1619718849.615593, 259
1619718849.632595, 260
1619718849.649138, 260
1619718849.668315, 260
1619718849.687546, 260
1619718849.706635, 261
1619718849.726769, 261
1619718849.749554, 261
1619718849.766628, 261
1619718849.787160, 260
1619718849.811073, 260
1619718849.829568, 259
1619718849.871065, 260
1619718849.892684, 261
1619718849.909764, 260
1619718849.927147, 260
1619718849.945270, 260
1619718849.962584, 260
1619718849.980189, 260
1619718849.996589, 260
1619718850.018625, 260
1619718850.038786, 260
1619718850.057707, 259
1619718850.082103, 260
1619718850.098671, 260
1619718850.116267, 259
1619718850.132643, 259
1619718850.149180, 259
1619718850.166026, 259
1619718850.186167, 259
1619718850.205262, 260
1619718850.223108, 259
1619718850.241708, 259
1619718850.260265, 258
1619718850.277823, 258
1619718850.294264, 260
1619718850.312265, 259
1619718850.331701, 259
1619718850.348201, 260
1619718850.364234, 259
1619718850.380637, 259
1619718850.396714, 259
1619718850.414898, 259
1619718850.446674, 260
1619718850.468297, 261
1619718850.486191, 261
1619718850.506815, 261
1619718850.526217, 260
1619718850.547174, 262
1619718850.568287, 260
1619718850.586187, 260
1619718850.606708, 262
1619718850.626665, 260
1619718850.645707, 261
1619718850.663764, 261
1619718850.683740, 260
1619718850.704365, 262
1619718850.726695, 259
1619718850.748711, 260
1619718850.766752, 261
1619718850.786751, 260
1619718850.806446, 260
1619718850.826358, 260
1619718850.845782, 259
1619718850.864788, 260
1619718850.883255, 260
1619718850.906417, 260
1619718850.930032, 259
1619718850.947783, 261
1619718850.964317, 261
1619718850.981619, 261
1619718850.999767, 261
1619718851.016124, 259
1619718851.050856, 261
1619718851.069838, 260
1619718851.086319, 261
1619718851.104794, 261
1619718851.124137, 261
1619718851.142798, 260
1619718851.160885, 260
1619718851.177303, 260
1619718851.193862, 260
1619718851.212430, 260
1619718851.227863, 259
1619718851.244612, 261
1619718851.261939, 261
1619718851.278853, 260
1619718851.295341, 260
1619718851.311870, 260
1619718851.328407, 260
1619718851.346417, 260
1619718851.364835, 260
1619718851.381354, 260
1619718851.400504, 259
1619718851.417846, 261
1619718851.435360, 260
1619718851.454981, 261
1619718851.474532, 260
1619718851.495444, 260
1619718851.512478, 261
1619718851.529369, 260
1619718851.545921, 258
1619718851.564434, 260
1619718851.583509, 258
1619718851.599416, 259
1619718851.616462, 259
1619718851.646195, 259
1619718851.669682, 259
1619718851.688537, 261
1619718851.707592, 262
1619718851.731087, 260
1619718851.749967, 260
1619718851.769121, 260
1619718851.786964, 261
1619718851.805934, 261
1619718851.824262, 260
1619718851.844528, 261
1619718851.863432, 261
1619718851.880914, 260
1619718851.896979, 260
1619718851.913932, 260
1619718851.930942, 260
1619718851.947476, 260
1619718851.963548, 260
1619718851.980512, 261
1619718851.996947, 261
1619718852.013529, 261
1619718852.031437, 261
1619718852.049568, 260
1619718852.066488, 260
1619718852.082580, 261
1619718852.099946, 261
1619718852.116124, 261
1619718852.132582, 260
1619718852.149518, 262
1619718852.165512, 261
1619718852.182020, 261
1619718852.202546, 261
1619718852.219764, 261
1619718852.259089, 263
1619718852.279121, 262
1619718852.295037, 260
1619718852.311619, 261
1619718852.328243, 261
1619718852.346552, 262
1619718852.365731, 262
1619718852.382002, 262
1619718852.399616, 261
1619718852.416603, 263
1619718852.435604, 263
1619718852.453412, 263
1619718852.474119, 263
1619718852.494181, 262
1619718852.511084, 262
1619718852.528192, 263
1619718852.543604, 262
1619718852.562607, 263
1619718852.580553, 261
1619718852.597083, 263
1619718852.616200, 262
1619718852.633226, 263
1619718852.649646, 260
1619718852.667079, 261
1619718852.686076, 262
1619718852.703630, 262
1619718852.726643, 262
1619718852.745614, 261
1619718852.762129, 263
1619718852.781144, 263
1619718852.801839, 261
1619718852.818192, 262
1619718852.845130, 262
1619718852.864606, 261
1619718852.881647, 261
1619718852.897637, 261
1619718852.914632, 262
1619718852.931619, 261
1619718852.948264, 261
1619718852.966658, 261
1619718852.984271, 261
1619718853.001175, 261
1619718853.017621, 262
1619718853.033645, 262
1619718853.049158, 261
1619718853.066122, 260
1619718853.081643, 260
1619718853.099166, 261
1619718853.115240, 260
1619718853.132159, 260
1619718853.149149, 261
1619718853.166333, 261
1619718853.183652, 262
1619718853.201292, 262
1619718853.217700, 262
1619718853.235216, 262
1619718853.252231, 261
1619718853.269697, 260
1619718853.288198, 262
1619718853.306226, 262
1619718853.327665, 261
1619718853.346671, 261
1619718853.364236, 261
1619718853.381270, 261
1619718853.397714, 262
1619718853.413766, 262
1619718853.431680, 261
1619718853.463247, 261
1619718853.482211, 261
1619718853.501853, 262
1619718853.521788, 261
1619718853.540513, 262
1619718853.560377, 263
1619718853.577266, 262
1619718853.596367, 261
1619718853.613772, 263
1619718853.635593, 261
1619718853.655244, 262
1619718853.675774, 262
1619718853.693869, 262
1619718853.713986, 263
1619718853.731817, 263
1619718853.749840, 263
1619718853.769807, 262
1619718853.789871, 261
1619718853.812338, 262
1619718853.829467, 261
1619718853.851331, 261
1619718853.870855, 261
1619718853.889817, 260
1619718853.909384, 262
1619718853.931781, 262
1619718853.949066, 263
1619718853.965324, 263
1619718853.981825, 262
1619718853.999826, 262
1619718854.017361, 262
1619718854.043828, 262
1619718854.064431, 262
1619718854.090046, 263
1619718854.109837, 262
1619718854.128492, 262
1619718854.146919, 262
1619718854.163842, 262
1619718854.180444, 261
1619718854.198389, 263
1619718854.216366, 262
1619718854.233451, 262
1619718854.250913, 263
1619718854.266555, 263
1619718854.284407, 264
1619718854.300856, 262
1619718854.317433, 263
1619718854.333914, 262
1619718854.350447, 263
1619718854.366430, 261
1619718854.382864, 262
1619718854.399876, 263
1619718854.416510, 262
1619718854.433888, 262
1619718854.453413, 263
1619718854.471405, 262
1619718854.489391, 264
1619718854.508445, 263
1619718854.526919, 262
1619718854.544605, 262
1619718854.562460, 261
1619718854.580941, 260
1619718854.597399, 263
1619718854.614960, 263
1619718854.631413, 263
1619718854.666915, 264
1619718854.688685, 264
1619718854.708931, 265
1619718854.727814, 263
1619718854.745015, 264
1619718854.764000, 262
1619718854.781032, 263
1619718854.803492, 263
1619718854.820674, 264
1619718854.839942, 264
1619718854.861480, 263
1619718854.877966, 264
1619718854.894481, 264
1619718854.914568, 265
1619718854.932485, 264
1619718854.950567, 263
1619718854.967470, 264
1619718854.983978, 264
1619718855.000294, 264
1619718855.017482, 264
1619718855.034009, 264
1619718855.055491, 264
1619718855.075047, 264
1619718855.092558, 264
1619718855.112090, 263
1619718855.130449, 264
1619718855.147009, 264
1619718855.165072, 264
1619718855.181599, 265
1619718855.198148, 264
1619718855.214567, 263
1619718855.232571, 263
1619718855.263365, 263
1619718855.287607, 263
1619718855.306068, 262
1619718855.324565, 261
1619718855.342089, 262
1619718855.359116, 262
1619718855.378069, 263
1619718855.395542, 263
1619718855.418574, 262
1619718855.438881, 263
1619718855.459077, 263
1619718855.479620, 263
1619718855.496617, 264
1619718855.512571, 263
1619718855.528621, 263
1619718855.545658, 265
1619718855.565462, 263
1619718855.585567, 265
1619718855.604231, 266
1619718855.622088, 265
1619718855.640700, 264
1619718855.662305, 266
1619718855.679625, 265
1619718855.696659, 265
1619718855.714612, 265
1619718855.736239, 264
1619718855.755140, 264
1619718855.774714, 265
1619718855.792832, 264
1619718855.811663, 265
1619718855.831802, 264
1619718855.860248, 265
1619718855.883687, 266
1619718855.902143, 264
1619718855.923763, 265
1619718855.942538, 265
1619718855.960337, 264
1619718855.978771, 264
1619718855.995865, 265
1619718856.013664, 264
1619718856.032657, 265
1619718856.051245, 264
1619718856.068315, 264
1619718856.085237, 264
1619718856.102698, 265
1619718856.120865, 263
1619718856.139155, 263
1619718856.156489, 263
1619718856.178254, 264
1619718856.193714, 266
1619718856.211213, 266
1619718856.228290, 267
1619718856.245885, 265
1619718856.263589, 266
1619718856.282196, 265
1619718856.298723, 265
1619718856.315725, 267
1619718856.334348, 266
1619718856.352735, 265
1619718856.375756, 266
1619718856.392385, 265
1619718856.409319, 266
1619718856.426806, 266
1619718856.452644, 265
1619718856.473233, 265
1619718856.494783, 266
1619718856.512922, 265
1619718856.530747, 266
1619718856.547393, 264
1619718856.565292, 264
1619718856.584768, 265
1619718856.604299, 266
1619718856.623277, 266
1619718856.643855, 265
1619718856.661776, 265
1619718856.679301, 265
1619718856.697280, 265
1619718856.714332, 264
1619718856.731373, 265
1619718856.748654, 266
1619718856.767542, 263
1619718856.789354, 265
1619718856.810471, 264
1619718856.828783, 263
1619718856.845874, 265
1619718856.862389, 264
1619718856.878403, 264
1619718856.896399, 262
1619718856.913894, 264
1619718856.932381, 265
1619718856.950854, 264
1619718856.966431, 264
1619718856.984471, 265
1619718857.001330, 265
1619718857.018861, 264
1619718857.035831, 264
1619718857.058837, 265
1619718857.082371, 264
1619718857.100545, 264
1619718857.119665, 265
1619718857.141417, 264
1619718857.159939, 264
1619718857.176866, 266
1619718857.193928, 266
1619718857.212383, 265
1619718857.230866, 263
1619718857.247383, 264
1619718857.263400, 264
1619718857.279952, 265
1619718857.299516, 265
1619718857.320572, 266
1619718857.338913, 264
1619718857.357967, 264
1619718857.375924, 265
1619718857.393568, 264
1619718857.411429, 265
1619718857.428427, 265
1619718857.445936, 265
1619718857.463895, 265
1619718857.481472, 265
1619718857.498315, 265
1619718857.518935, 266
1619718857.535937, 265
1619718857.553476, 265
1619718857.571173, 265
1619718857.593441, 264
1619718857.610218, 264
1619718857.628064, 264
1619718857.656108, 264
1619718857.682245, 265
1619718857.701521, 265
1619718857.718741, 265
1619718857.739518, 265
1619718857.760734, 263
1619718857.777060, 267
1619718857.802382, 266
1619718857.822478, 265
1619718857.840553, 266
1619718857.859559, 265
1619718857.877589, 265
1619718857.895642, 265
1619718857.913771, 266
1619718857.930343, 266
1619718857.947625, 265
1619718857.964185, 266
1619718857.981515, 266
1619718857.999878, 265
1619718858.016118, 265
1619718858.031848, 265
1619718858.048481, 265
1619718858.064983, 265
1619718858.081525, 266
1619718858.098795, 264
1619718858.115382, 265
1619718858.131886, 266
1619718858.152503, 265
1619718858.170451, 266
1619718858.187758, 265
1619718858.206688, 266
1619718858.225593, 267
1619718858.253109, 266
1619718858.273571, 267
1619718858.295623, 266
1619718858.314521, 266
1619718858.332702, 266
1619718858.350004, 264
1619718858.366549, 264
1619718858.383864, 266
1619718858.403572, 265
1619718858.422923, 265
1619718858.442613, 264
1619718858.460241, 266
1619718858.479674, 266
1619718858.496607, 266
1619718858.514982, 266
1619718858.531568, 266
1619718858.548246, 265
1619718858.567018, 265
1619718858.583603, 265
1619718858.600868, 265
1619718858.620605, 265
1619718858.641362, 267
1619718858.658546, 267
1619718858.677407, 266
1619718858.695435, 266
1619718858.714190, 266
1619718858.732459, 265
1619718858.748791, 266
1619718858.765431, 266
1619718858.784353, 266
1619718858.822090, 268
1619718858.861505, 267
1619718858.900171, 267
1619718858.916570, 266
1619718858.933512, 267
1619718858.950089, 266
1619718858.967807, 267
1619718858.986172, 266
1619718859.003020, 267
1619718859.019175, 267
1619718859.036624, 266
1619718859.056369, 266
1619718859.076225, 265
1619718859.092282, 266
1619718859.108996, 267
1619718859.125824, 266
1619718859.144428, 267
1619718859.161671, 266
1619718859.177485, 266
1619718859.194414, 266
1619718859.212638, 266
1619718859.231251, 266
1619718859.248521, 268
1619718859.264668, 267
1619718859.280887, 266
1619718859.298897, 267
1619718859.314397, 267
1619718859.332334, 267
1619718859.349143, 267
1619718859.366084, 267
1619718859.383184, 266
1619718859.402823, 266
1619718859.422527, 267
1619718859.443416, 267
1619718859.462162, 267
1619718859.479471, 268
1619718859.497324, 268
1619718859.514764, 269
1619718859.532374, 268
1619718859.549034, 269
1619718859.565214, 268
1619718859.581427, 269
1619718859.598491, 269
1619718859.616141, 268
1619718859.637050, 268
1619718859.656446, 268
1619718859.676246, 269
1619718859.693750, 268
1619718859.712981, 268
1619718859.732755, 268
1619718859.752619, 267
1619718859.772457, 267
1619718859.796320, 268
1619718859.816167, 269
1619718859.833598, 267
1619718859.853360, 268
1619718859.871904, 266
1619718859.892395, 267
1619718859.909239, 267
1619718859.926418, 268
1619718859.944145, 268
1619718859.961015, 267
1619718859.979848, 266
1619718859.996423, 268
1619718860.016512, 269
1619718860.032709, 269
1619718860.052749, 267
1619718860.072900, 269
1619718860.093339, 269
1619718860.113089, 269
1619718860.130091, 271
1619718860.147462, 270
1619718860.163893, 269
1619718860.182263, 269
1619718860.199956, 268
1619718860.217978, 269
1619718860.237258, 267
1619718860.255568, 269
1619718860.274763, 269
1619718860.295059, 268
1619718860.313033, 269
1619718860.330308, 268
1619718860.346501, 268
1619718860.363486, 269
1619718860.380599, 269
1619718860.396340, 269
1619718860.415955, 269
1619718860.435115, 268
1619718860.454623, 268
1619718860.474495, 269
1619718860.492541, 269
1619718860.512290, 269
1619718860.531267, 270
1619718860.547752, 268
1619718860.564659, 268
1619718860.582697, 268
1619718860.598497, 269
1619718860.616283, 268
1619718860.635713, 267
1619718860.654048, 267
1619718860.690960, 266
1619718860.713120, 267
1619718860.730182, 266
1619718860.747170, 265
1619718860.764184, 267
1619718860.780456, 267
1619718860.797182, 267
1619718860.816425, 269
1619718860.834667, 267
1619718860.852892, 268
1619718860.875594, 267
1619718860.892623, 268
1619718860.910141, 267
1619718860.928441, 267
1619718860.946722, 268
1619718860.963631, 266
1619718860.979894, 267
1619718860.999038, 268
1619718861.020146, 268
1619718861.038086, 267
1619718861.057933, 269
1619718861.076257, 268
1619718861.096024, 267
1619718861.114577, 268
1619718861.131273, 267
1619718861.149343, 268
1619718861.165706, 268
1619718861.181264, 267
1619718861.197458, 267
1619718861.213719, 268
1619718861.230683, 267
1619718861.249333, 267
1619718861.274613, 268
1619718861.298398, 268
1619718861.315328, 268
1619718861.332926, 268
1619718861.350857, 268
1619718861.371288, 268
1619718861.390008, 268
1619718861.409201, 267
1619718861.428495, 267
1619718861.445339, 267
1619718861.462652, 266
1619718861.478903, 268
1619718861.495882, 268
1619718861.514158, 269
1619718861.535853, 269
1619718861.554904, 269
1619718861.574313, 268
1619718861.593092, 269
1619718861.612328, 270
1619718861.629794, 270
1619718861.646717, 270
1619718861.665068, 269
1619718861.681978, 269
1619718861.697622, 268
1619718861.715107, 271
1619718861.733430, 271
1619718861.751778, 269
1619718861.771669, 270
1619718861.791688, 269
1619718861.813531, 270
1619718861.832236, 269
1619718861.848491, 269
1619718861.897830, 270
1619718861.916870, 269
1619718861.935224, 270
1619718861.952723, 269
1619718861.973812, 268
1619718861.992307, 270
1619718862.009762, 270
1619718862.028052, 270
1619718862.044262, 269
1619718862.062477, 270
1619718862.080788, 269
1619718862.097797, 270
1619718862.118907, 270
1619718862.137071, 269
1619718862.154466, 270
1619718862.172314, 270
1619718862.191414, 269
1619718862.209689, 268
1619718862.225909, 270
1619718862.243688, 268
1619718862.261569, 267
1619718862.280322, 269
1619718862.302835, 269
1619718862.320491, 269
1619718862.338066, 270
1619718862.354863, 269
1619718862.373235, 268
1619718862.392606, 269
1619718862.411399, 269
1619718862.430353, 268
1619718862.448605, 270
1619718862.478733, 270
1619718862.498597, 269
1619718862.516222, 267
1619718862.534050, 269
1619718862.552627, 267
1619718862.570423, 269
1619718862.590253, 270
1619718862.610048, 269
1619718862.627321, 269
1619718862.646437, 269
1619718862.663404, 267
1619718862.680300, 269
1619718862.697392, 269
1619718862.717645, 269
1619718862.735424, 269
1619718862.753725, 270
1619718862.773388, 269
1619718862.791291, 269
1619718862.812275, 270
1619718862.836300, 269
1619718862.856701, 269
1619718862.875770, 269
1619718862.894032, 269
1619718862.912372, 270
1619718862.929287, 269
1619718862.946861, 267
1619718862.963855, 270
1619718862.980772, 270
1619718862.997685, 269
1619718863.013939, 268
1619718863.030156, 267
1619718863.046351, 269
1619718863.079000, 270
1619718863.101738, 269
1619718863.120656, 270
1619718863.141513, 271
1619718863.159758, 270
1619718863.180188, 269
1619718863.196476, 269
1619718863.214019, 269
1619718863.232242, 269
1619718863.248403, 270
1619718863.266051, 270
1619718863.283697, 269
1619718863.302004, 271
1619718863.319666, 270
1619718863.337951, 270
1619718863.355617, 269
1619718863.376293, 268
1619718863.393803, 270
1619718863.413504, 270
1619718863.431870, 270
1619718863.448189, 269
1619718863.464400, 270
1619718863.480736, 271
1619718863.497463, 270
1619718863.513674, 270
1619718863.530737, 270
1619718863.547641, 270
1619718863.568016, 269
1619718863.589196, 270
1619718863.612302, 267
1619718863.633968, 268
1619718863.655473, 270
1619718863.694690, 270
1619718863.712858, 268
1619718863.734757, 269
1619718863.753089, 269
1619718863.772872, 269
1619718863.790513, 269
1619718863.809553, 268
1619718863.829858, 269
1619718863.851046, 270
1619718863.869243, 269
1619718863.887402, 269
1619718863.907811, 269
1619718863.928345, 268
1619718863.945085, 270
1619718863.963010, 270
1619718863.979338, 269
1619718864.000247, 269
1619718864.019418, 269
1619718864.036270, 270
1619718864.058037, 270
1619718864.075510, 271
1619718864.093733, 270
1619718864.111664, 270
1619718864.128092, 270
1619718864.146499, 270
1619718864.163379, 270
1619718864.179547, 269
1619718864.195884, 271
1619718864.212566, 271
1619718864.228885, 271
1619718864.244466, 271
1619718864.264509, 271
1619718864.288291, 270
1619718864.308633, 271
1619718864.325982, 271
1619718864.343684, 271
1619718864.360805, 271
1619718864.377584, 270
1619718864.395143, 271
1619718864.412108, 270
1619718864.429002, 272
1619718864.446586, 273
1619718864.464322, 272
1619718864.481840, 272
1619718864.498158, 272
1619718864.514314, 271
1619718864.531216, 271
1619718864.547563, 272
1619718864.568413, 269
1619718864.586252, 271
1619718864.605322, 273
1619718864.624434, 274
1619718864.643373, 272
1619718864.663430, 273
1619718864.680120, 273
1619718864.696973, 272
1619718864.714002, 273
1619718864.732979, 273
1619718864.749948, 272
1619718864.766085, 274
1619718864.783062, 273
1619718864.799967, 273
1619718864.820504, 273
1619718864.839426, 273
1619718864.859146, 273
1619718864.879277, 273
1619718864.905445, 273
1619718864.925974, 273
1619718864.943038, 273
1619718864.960534, 273
1619718864.979534, 273
1619718864.996317, 274
1619718865.014679, 273
1619718865.032956, 273
1619718865.049995, 272
1619718865.067505, 273
1619718865.085157, 272
1619718865.103495, 272
1619718865.122177, 272
1619718865.143716, 272
1619718865.160767, 271
1619718865.178219, 272
1619718865.197316, 271
1619718865.214222, 272
1619718865.230460, 272
1619718865.248736, 271
1619718865.267366, 270
1619718865.285418, 271
1619718865.303256, 271
1619718865.322058, 270
1619718865.344232, 271
1619718865.361250, 271
1619718865.387484, 272
1619718865.406005, 273
1619718865.426015, 272
1619718865.446960, 271
1619718865.463576, 272
1619718865.488676, 271
1619718865.510377, 271
1619718865.529164, 272
1619718865.546132, 271
1619718865.563765, 272
1619718865.579947, 272
1619718865.596273, 271
1619718865.612976, 271
1619718865.629926, 272
1619718865.646125, 272
1619718865.663310, 272
1619718865.682909, 270
1619718865.703104, 271
1619718865.724771, 271
1619718865.744588, 271
1619718865.765199, 271
1619718865.793121, 271
1619718865.810500, 271
1619718865.832422, 271
1619718865.849296, 272
1619718865.872603, 272
1619718865.893462, 272
1619718865.911763, 270
1619718865.932580, 270
1619718865.949792, 271
1619718865.967889, 271
1619718865.986570, 271
1619718866.006117, 272
1619718866.025396, 271
1619718866.043904, 270
1619718866.062455, 269
1619718866.092423, 271
1619718866.111249, 270
1619718866.128214, 271
1619718866.147251, 272
1619718866.164978, 272
1619718866.181565, 272
1619718866.199988, 272
1619718866.218140, 271
1619718866.235235, 272
1619718866.253980, 273
1619718866.272234, 272
1619718866.290243, 271
1619718866.309952, 272
1619718866.327634, 273
1619718866.345967, 272
1619718866.362128, 272
1619718866.378454, 272
1619718866.394480, 272
1619718866.412020, 272
1619718866.429721, 272
1619718866.445923, 272
1619718866.464292, 273
1619718866.482593, 273
1619718866.498678, 273
1619718866.514931, 272
1619718866.532578, 273
1619718866.548775, 273
1619718866.566297, 272
1619718866.585426, 273
1619718866.604496, 273
1619718866.624998, 273
1619718866.646022, 273
1619718866.662427, 272
1619718866.698164, 273
1619718866.719351, 274
1619718866.737659, 275
1619718866.756099, 273
1619718866.775169, 275
1619718866.795716, 272
1619718866.816067, 272
1619718866.832913, 272
1619718866.849181, 273
1619718866.865412, 273
1619718866.881632, 272
1619718866.899996, 273
1619718866.918596, 273
1619718866.936598, 274
1619718866.954891, 274
1619718866.974062, 272
1619718866.991560, 273
1619718867.010002, 274
1619718867.029851, 273
1619718867.047992, 273
1619718867.064270, 274
1619718867.080557, 273
1619718867.098773, 273
1619718867.115029, 273
1619718867.133386, 272
1619718867.150303, 273
1619718867.167970, 272
1619718867.184254, 271
1619718867.201094, 272
1619718867.221508, 271
1619718867.240250, 272
1619718867.258901, 272
1619718867.276585, 272
1619718867.312597, 272
1619718867.330786, 273
1619718867.347000, 272
1619718867.366079, 273
1619718867.384250, 273
1619718867.402685, 273
1619718867.424794, 273
1619718867.445039, 273
1619718867.462659, 274
1619718867.479633, 272
1619718867.496569, 273
1619718867.513426, 273
1619718867.530360, 273
1619718867.547289, 273
1619718867.563554, 273
1619718867.580532, 273
1619718867.599582, 272
1619718867.617776, 272
1619718867.636262, 273
1619718867.656672, 272
1619718867.674309, 272
1619718867.693178, 273
1619718867.716784, 274
1619718867.735746, 274
1619718867.753389, 274
1619718867.773006, 274
1619718867.791690, 273
1619718867.812018, 274
1619718867.832695, 274
1619718867.849947, 274
1619718867.869808, 273
1619718867.903965, 273
1619718867.924311, 274
1619718867.942715, 273
1619718867.959585, 275
1619718867.980521, 274
1619718867.999556, 274
1619718868.016290, 273
1619718868.033098, 273
1619718868.049859, 274
1619718868.066668, 274
1619718868.084350, 275
1619718868.104937, 275
1619718868.125054, 274
1619718868.145632, 274
1619718868.161628, 274
1619718868.179237, 275
1619718868.195225, 274
1619718868.215303, 275
1619718868.234372, 275
1619718868.251846, 275
1619718868.272241, 275
1619718868.290508, 273
1619718868.310478, 274
1619718868.328233, 274
1619718868.346500, 273
1619718868.364161, 272
1619718868.380925, 273
1619718868.397055, 271
1619718868.415784, 273
1619718868.432387, 273
1619718868.448345, 272
1619718868.464925, 273
1619718868.496675, 273
1619718868.516938, 273
1619718868.533012, 274
1619718868.552166, 274
1619718868.571326, 273
1619718868.592383, 275
1619718868.609797, 273
1619718868.625806, 273
1619718868.644341, 275
1619718868.663732, 273
1619718868.680309, 273
1619718868.696437, 274
1619718868.715713, 273
1619718868.733008, 274
1619718868.751722, 273
1619718868.772225, 274
1619718868.791515, 274
1619718868.812350, 274
1619718868.830564, 274
1619718868.847503, 274
1619718868.867110, 274
1619718868.888512, 274
1619718868.908764, 273
1619718868.926403, 273
1619718868.944029, 274
1619718868.962528, 274
1619718868.984644, 275
1619718869.002069, 274
1619718869.019666, 275
1619718869.037201, 274
1619718869.058451, 275
1619718869.079688, 274
1619718869.098103, 274
1619718869.119168, 274
1619718869.140784, 274
1619718869.158260, 274
1619718869.176840, 274
1619718869.195260, 273
1619718869.212751, 274
1619718869.229558, 273
1619718869.246373, 274
1619718869.263136, 275
1619718869.279912, 276
1619718869.301012, 275
1619718869.317679, 276
1619718869.334631, 275
1619718869.352918, 275
1619718869.372270, 276
1619718869.392685, 275
1619718869.410065, 275
1619718869.428754, 276
1619718869.447135, 275
1619718869.464221, 275
1619718869.481034, 276
1619718869.498620, 276
1619718869.516286, 277
1619718869.532990, 275
1619718869.548866, 276
1619718869.566514, 276
1619718869.583139, 276
1619718869.600402, 274
1619718869.616713, 277
1619718869.635101, 276
1619718869.653360, 276
1619718869.672264, 276
1619718869.698721, 276
1619718869.720756, 275
1619718869.740066, 276
1619718869.757612, 276
1619718869.776167, 275
1619718869.795553, 276
1619718869.818153, 275
1619718869.836942, 276
1619718869.856434, 276
1619718869.878313, 275
1619718869.895301, 275
1619718869.913348, 275
1619718869.930314, 273
1619718869.946121, 273
1619718869.963342, 273
1619718869.980448, 274
1619718869.997321, 272
1619718870.014336, 273
1619718870.032968, 273
1619718870.052421, 275
1619718870.075548, 275
1619718870.093395, 275
1619718870.112355, 275
1619718870.129418, 273
1619718870.146528, 276
1619718870.163581, 276
1619718870.180400, 276
1619718870.199607, 276
1619718870.217495, 275
1619718870.234744, 275
1619718870.254457, 276
1619718870.273073, 277
1619718870.309150, 276
1619718870.330936, 275
1619718870.348831, 275
1619718870.365738, 276
1619718870.384904, 275
1619718870.402551, 276
1619718870.421883, 276
1619718870.439785, 276
1619718870.456986, 275
1619718870.475956, 276
1619718870.493888, 276
1619718870.514761, 276
1619718870.532815, 277
1619718870.551673, 276
1619718870.570788, 275
1619718870.588928, 276
1619718870.607731, 275
1619718870.629711, 276
1619718870.648642, 276
1619718870.666641, 276
1619718870.683281, 276
1619718870.701308, 276
1619718870.722748, 274
1619718870.741758, 275
1619718870.762536, 275
1619718870.780843, 275
1619718870.796785, 275
1619718870.813756, 275
1619718870.830889, 274
1619718870.847933, 276
1619718870.866774, 276
1619718870.883752, 276
1619718870.915585, 276
1619718870.936644, 276
1619718870.955267, 276
1619718870.973249, 277
1619718870.992775, 277
1619718871.010406, 277
1619718871.029269, 276
1619718871.046241, 276
1619718871.062692, 276
1619718871.079774, 277
1619718871.096991, 277
1619718871.114171, 277
1619718871.130982, 277
1619718871.149214, 276
1619718871.165595, 276
1619718871.181933, 276
1619718871.198316, 277
1619718871.214548, 278
1619718871.233335, 277
1619718871.251827, 276
1619718871.274560, 276
1619718871.293212, 276
1619718871.311195, 277
1619718871.332995, 276
1619718871.353571, 276
1619718871.372277, 277
1619718871.400911, 276
1619718871.416865, 278
1619718871.434156, 277
1619718871.452841, 277
1619718871.471470, 277
1619718871.510197, 276
1619718871.535391, 276
1619718871.553610, 276
1619718871.572903, 275
1619718871.592027, 277
1619718871.610517, 274
1619718871.636357, 277
1619718871.657362, 277
1619718871.676243, 275
1619718871.694278, 276
1619718871.715950, 276
1619718871.736810, 275
1619718871.755480, 276
1619718871.775078, 276
1619718871.794567, 277
1619718871.813247, 276
1619718871.831909, 275
1619718871.849324, 274
1619718871.867067, 276
1619718871.884221, 275
1619718871.902072, 276
1619718871.920881, 276
1619718871.941919, 276
1619718871.958333, 276
1619718871.976464, 276
1619718871.994903, 276
1619718872.012121, 276
1619718872.030006, 276
1619718872.046358, 277
1619718872.063497, 278
1619718872.079811, 279
1619718872.120501, 277
1619718872.141779, 276
1619718872.160432, 277
1619718872.177858, 276
1619718872.194619, 276
1619718872.212681, 276
1619718872.233641, 276
1619718872.250746, 276
1619718872.271236, 276
1619718872.291529, 274
1619718872.314052, 276
1619718872.332000, 274
1619718872.348486, 275
1619718872.367845, 274
1619718872.385021, 276
1619718872.403770, 275
1619718872.421750, 276
1619718872.440500, 277
1619718872.460862, 276
1619718872.478618, 277
1619718872.496585, 277
1619718872.512887, 276
1619718872.530069, 276
1619718872.546453, 276
1619718872.562863, 276
1619718872.580032, 276
1619718872.596470, 276
1619718872.615969, 276
1619718872.635397, 275
1619718872.657203, 277
1619718872.675129, 277
1619718872.706399, 278
1619718872.735956, 276
1619718872.754662, 277
1619718872.776571, 277
1619718872.796186, 278
1619718872.813074, 277
1619718872.831065, 277
1619718872.848302, 277
1619718872.866271, 276
1619718872.882701, 277
1619718872.899985, 277
1619718872.920285, 277
1619718872.937507, 277
1619718872.959179, 278
1619718873.009745, 277
1619718873.031397, 278
1619718873.061754, 276
1619718873.078373, 279
1619718873.095743, 277
1619718873.113719, 276
1619718873.130973, 277
1619718873.147595, 277
1619718873.164902, 277
1619718873.180818, 276
1619718873.197475, 277
1619718873.216057, 277
1619718873.237179, 278
1619718873.253794, 278
1619718873.270358, 278
1619718873.292148, 277
1619718873.319425, 278
1619718873.338902, 278
1619718873.360054, 279
1619718873.377170, 278
1619718873.394551, 277
1619718873.410749, 278
1619718873.430287, 278
1619718873.446876, 278
1619718873.465195, 278
1619718873.482209, 279
1619718873.498378, 278
1619718873.514204, 279
1619718873.530804, 279
1619718873.549621, 278
1619718873.567022, 279
1619718873.584468, 278
1619718873.602288, 278
1619718873.624860, 278
1619718873.648631, 279
1619718873.664508, 278
1619718873.682439, 279
1619718873.699769, 279
1619718873.717254, 277
1619718873.739464, 277
1619718873.761497, 279
1619718873.781474, 278
1619718873.799430, 278
1619718873.824076, 278
1619718873.842723, 279
1619718873.860364, 278
1619718873.877465, 277
1619718873.906086, 277
1619718873.928569, 278
1619718873.946450, 277
1619718873.963226, 277
1619718873.979671, 277
1619718873.996980, 277
1619718874.014289, 277
1619718874.030727, 278
1619718874.046658, 278
1619718874.064184, 278
1619718874.082085, 279
1619718874.100763, 279
1619718874.118701, 279
1619718874.138100, 278
1619718874.156310, 279
1619718874.175760, 278
1619718874.194467, 280
1619718874.213968, 280
1619718874.231350, 280
1619718874.247201, 279
1619718874.263841, 280
1619718874.281891, 281
1619718874.297722, 279
1619718874.314374, 280
1619718874.332716, 279
1619718874.350487, 280
1619718874.368671, 279
1619718874.388030, 279
1619718874.406158, 279
1619718874.424947, 279
1619718874.442360, 279
1619718874.460967, 279
1619718874.478185, 279
1619718874.503131, 280
1619718874.528482, 280
1619718874.546154, 280
1619718874.563766, 281
1619718874.581532, 280
1619718874.597341, 280
1619718874.613976, 281
1619718874.630598, 280
1619718874.647251, 279
1619718874.663815, 280
1619718874.680593, 279
1619718874.697868, 278
1619718874.715043, 279
1619718874.732482, 279
1619718874.750819, 280
1619718874.769584, 279
1619718874.792581, 280
1619718874.812315, 280
1619718874.830155, 279
1619718874.848337, 279
1619718874.865282, 281
1619718874.883121, 279
1619718874.899644, 279
1619718874.916913, 281
1619718874.936422, 279
1619718874.954610, 279
1619718874.971785, 280
1619718874.990196, 280
1619718875.008387, 278
1619718875.026125, 281
1619718875.044792, 279
1619718875.062815, 279
1619718875.079461, 279
1619718875.104041, 279
1619718875.125711, 279
1619718875.143765, 279
1619718875.161116, 280
1619718875.177722, 280
1619718875.195102, 279
1619718875.212436, 279
1619718875.228324, 278
1619718875.247050, 280
1619718875.264375, 278
1619718875.282355, 278
1619718875.300652, 278
1619718875.320309, 278
1619718875.339370, 278
1619718875.358243, 279
1619718875.375513, 279
1619718875.394377, 279
1619718875.411660, 279
1619718875.428568, 279
1619718875.447798, 279
1619718875.469343, 278
1619718875.491236, 278
1619718875.511980, 279
1619718875.529125, 278
1619718875.548933, 278
1619718875.565935, 279
1619718875.582683, 278
1619718875.602135, 280
1619718875.620125, 279
1619718875.640671, 279
1619718875.659044, 280
1619718875.675810, 280
1619718875.693222, 279
1619718875.726897, 279
1619718875.747096, 278
1619718875.764417, 279
1619718875.781786, 279
1619718875.798344, 278
1619718875.815669, 277
1619718875.832962, 280
1619718875.850342, 279
1619718875.872834, 279
1619718875.892385, 279
1619718875.913128, 278
1619718875.929779, 279
1619718875.946423, 279
1619718875.963745, 279
1619718875.980991, 279
1619718875.998373, 279
1619718876.015755, 278
1619718876.036780, 278
1619718876.057834, 280
1619718876.074235, 279
1619718876.091597, 280
1619718876.110296, 279
1619718876.128620, 280
1619718876.145419, 278
1619718876.165933, 280
1619718876.183125, 280
1619718876.199654, 279
1619718876.216336, 279
1619718876.232782, 280
1619718876.249376, 280
1619718876.268295, 277
1619718876.289207, 278
1619718876.306802, 278
1619718876.327678, 279
1619718876.345794, 279
1619718876.361779, 279
1619718876.380616, 279
1619718876.402741, 280
1619718876.420913, 279
1619718876.440069, 280
1619718876.459113, 280
1619718876.476604, 279
1619718876.494886, 280
1619718876.510990, 279
1619718876.529852, 279
1619718876.549488, 280
1619718876.568635, 280
1619718876.587030, 279
1619718876.604868, 280
1619718876.623368, 279
1619718876.641355, 279
1619718876.660447, 280
1619718876.679776, 280
1619718876.699265, 280
1619718876.719276, 281
1619718876.739548, 280
1619718876.760555, 280
1619718876.779173, 281
1619718876.796877, 280
1619718876.819664, 281
1619718876.839026, 281
1619718876.859205, 281
1619718876.876779, 281
1619718876.898439, 281
1619718876.919136, 281
1619718876.947399, 282
1619718876.964762, 281
1619718876.982657, 281
1619718876.999386, 281
1619718877.020332, 281
1619718877.039289, 282
1619718877.058383, 279
1619718877.076465, 280
1619718877.095847, 279
1619718877.116815, 280
1619718877.137247, 281
1619718877.156662, 280
1619718877.174457, 280
1619718877.201730, 282
1619718877.220499, 280
1619718877.240088, 282
1619718877.258791, 281
1619718877.276762, 282
1619718877.294002, 281
1619718877.311346, 281
1619718877.328572, 281
1619718877.347414, 280
1619718877.363955, 281
1619718877.380644, 280
1619718877.397107, 280
1619718877.414447, 280
1619718877.432503, 281
1619718877.449630, 279
1619718877.466257, 280
1619718877.483603, 280
1619718877.500822, 281
1619718877.519561, 280
1619718877.549005, 281
1619718877.566392, 281
1619718877.582987, 281
1619718877.599566, 280
1619718877.618520, 281
1619718877.637615, 280
1619718877.656624, 280
1619718877.674572, 280
1619718877.692522, 278
1619718877.712079, 281
1619718877.730811, 280
1619718877.751632, 282
1619718877.770370, 281
1619718877.789831, 280
1619718877.812349, 280
1619718877.830179, 282
1619718877.847863, 281
1619718877.866278, 279
1619718877.885024, 281
1619718877.902981, 281
1619718877.920383, 281
1619718877.940962, 282
1619718877.960046, 281
1619718877.978052, 281
1619718877.998198, 283
1619718878.015406, 282
1619718878.033535, 281
1619718878.051524, 281
1619718878.070968, 282
1619718878.091457, 281
1619718878.117062, 281
1619718878.140218, 281
1619718878.158900, 282
1619718878.176336, 283
1619718878.192228, 282
1619718878.210765, 282
1619718878.229491, 282
1619718878.245978, 282
1619718878.263395, 282
1619718878.283470, 282
1619718878.301460, 283
1619718878.320584, 283
1619718878.339440, 282
1619718878.357694, 282
1619718878.376645, 281
1619718878.393361, 281
1619718878.412525, 281
1619718878.428916, 280
1619718878.444824, 282
1619718878.463102, 282
1619718878.480486, 283
1619718878.498149, 282
1619718878.514660, 282
1619718878.531948, 282
1619718878.547896, 282
1619718878.564469, 281
1619718878.581702, 281
1619718878.598942, 281
1619718878.620710, 281
1619718878.640284, 282
1619718878.657125, 281
1619718878.676641, 281
1619718878.693773, 282
1619718878.730382, 281
1619718878.755590, 280
1619718878.774370, 281
1619718878.800284, 283
1619718878.819151, 281
1619718878.840880, 282
1619718878.860247, 282
1619718878.877376, 283
1619718878.894732, 283
1619718878.911912, 282
1619718878.929061, 284
1619718878.945653, 283
1619718878.962316, 282
1619718878.978192, 282
1619718878.994072, 282
1619718879.010595, 282
1619718879.026759, 282
1619718879.043497, 284
1619718879.060638, 282
1619718879.077192, 282
1619718879.094046, 284
1619718879.111814, 283
1619718879.131311, 282
1619718879.147920, 283
1619718879.163782, 282
1619718879.180411, 281
1619718879.196206, 282
1619718879.214155, 282
1619718879.232249, 283
1619718879.248070, 284
1619718879.268411, 283
1619718879.287759, 283
1619718879.304952, 282
1619718879.336146, 282
1619718879.357851, 282
1619718879.375147, 283
1619718879.393103, 282
1619718879.411894, 283
1619718879.429420, 283
1619718879.446379, 283
1619718879.464483, 283
1619718879.481003, 282
1619718879.498338, 281
1619718879.516402, 281
1619718879.535270, 281
1619718879.553338, 282
1619718879.571964, 282
1619718879.591365, 282
1619718879.609487, 283
1619718879.628166, 283
1619718879.647367, 282
1619718879.668549, 283
1619718879.686473, 283
1619718879.704540, 283
1619718879.723225, 283
1619718879.746240, 284
1619718879.767861, 282
1619718879.788255, 283
1619718879.807691, 284
1619718879.829560, 283
1619718879.847708, 283
1619718879.867230, 283
1619718879.888059, 282
1619718879.907514, 281
1619718879.944308, 283
1619718879.963320, 283
1619718879.979500, 283
1619718879.997590, 282
1619718880.014095, 282
1619718880.029856, 282
1619718880.046384, 282
1619718880.062965, 282
1619718880.079514, 283
1619718880.096426, 281
1619718880.117833, 282
1619718880.135015, 281
1619718880.153355, 281
1619718880.171104, 282
1619718880.188570, 282
1619718880.210095, 281
1619718880.226614, 282
1619718880.245518, 283
1619718880.262126, 283
1619718880.278325, 281
1619718880.295515, 282
1619718880.312882, 282
1619718880.334383, 281
1619718880.352483, 282
1619718880.371846, 281
1619718880.390891, 282
1619718880.409313, 283
1619718880.427323, 283
1619718880.444764, 282
1619718880.463450, 283
1619718880.483514, 283
1619718880.500297, 284
1619718880.546239, 282
1619718880.567257, 282
1619718880.585128, 283
1619718880.601832, 281
1619718880.620479, 284
1619718880.640813, 282
1619718880.660577, 283
1619718880.678155, 282
1619718880.695947, 283
1619718880.712690, 283
1619718880.730019, 282
1619718880.746413, 283
1619718880.765848, 283
1619718880.784491, 283
1619718880.801237, 284
1619718880.820710, 281
1619718880.839713, 282
1619718880.859553, 283
1619718880.876144, 282
1619718880.895306, 282
1619718880.912872, 283
1619718880.930196, 282
1619718880.946533, 283
1619718880.963825, 283
1619718880.980465, 283
1619718880.997000, 283
1619718881.014445, 283
1619718881.031617, 284
1619718881.048387, 283
1619718881.067643, 282
1619718881.084399, 282
1619718881.102336, 282
1619718881.128541, 282
1619718881.147627, 282
1619718881.164802, 283
1619718881.181157, 282
1619718881.197519, 283
1619718881.214488, 283
1619718881.231076, 283
1619718881.247829, 282
1619718881.265921, 283
1619718881.283722, 283
1619718881.300605, 283
1619718881.318494, 283
1619718881.337661, 284
1619718881.361893, 283
1619718881.379309, 284
1619718881.398866, 282
1619718881.417976, 283
1619718881.436426, 283
1619718881.455540, 283
1619718881.473718, 283
1619718881.492524, 283
1619718881.512405, 283
1619718881.530413, 283
1619718881.550778, 283
1619718881.570601, 283
1619718881.588701, 284
1619718881.609212, 284
1619718881.626474, 285
1619718881.643707, 283
1619718881.660467, 284
1619718881.678302, 282
1619718881.695627, 284
1619718881.715028, 284
1619718881.750928, 283
1619718881.771142, 284
1619718881.790593, 284
1619718881.809513, 284
1619718881.830287, 284
1619718881.851786, 284
1619718881.869574, 283
1619718881.891954, 283
1619718881.908619, 284
1619718881.926144, 284
1619718881.943883, 285
1619718881.960676, 284
1619718881.977885, 283
1619718881.994392, 285
1619718882.010209, 285
1619718882.027496, 285
1619718882.043178, 283
1619718882.059942, 284
1619718882.076497, 285
1619718882.094814, 284
1619718882.111485, 285
1619718882.128010, 285
1619718882.150127, 284
1619718882.168415, 286
1619718882.186202, 283
1619718882.202735, 284
1619718882.220139, 285
1619718882.237326, 285
1619718882.255014, 285
1619718882.273048, 285
1619718882.290720, 285
1619718882.308777, 286
1619718882.344272, 286
1619718882.366314, 286
1619718882.383629, 285
1619718882.399540, 284
1619718882.416179, 283
1619718882.432157, 283
1619718882.448569, 282
1619718882.464439, 284
1619718882.480956, 285
1619718882.497349, 285
1619718882.514591, 286
1619718882.535560, 285
1619718882.555928, 286
1619718882.575125, 285
1619718882.596536, 285
1619718882.614573, 285
1619718882.629548, 285
1619718882.644689, 285
1619718882.662133, 284
1619718882.682048, 285
1619718882.700889, 284
1619718882.721818, 285
1619718882.741781, 284
1619718882.762567, 284
1619718882.781595, 285
1619718882.799638, 285
1619718882.816262, 285
1619718882.832878, 285
1619718882.850859, 285
1619718882.870532, 285
1619718882.889785, 285
1619718882.907152, 285
1619718882.936450, 285
1619718882.957328, 286
1619718882.974612, 285
1619718882.992715, 285
1619718883.008598, 285
1619718883.028059, 286
1619718883.045612, 286
1619718883.065821, 285
1619718883.082389, 285
1619718883.101376, 284
1619718883.120995, 287
1619718883.138734, 287
1619718883.159565, 285
1619718883.176817, 286
1619718883.195500, 284
1619718883.212839, 285
1619718883.230073, 286
1619718883.249553, 285
1619718883.266138, 285
1619718883.284879, 285
1619718883.303743, 285
1619718883.322332, 286
1619718883.341258, 285
1619718883.360180, 286
1619718883.377157, 285
1619718883.395240, 286
1619718883.411732, 286
1619718883.428526, 285
1619718883.444864, 285
1619718883.460946, 285
1619718883.478767, 283
1619718883.496137, 283
1619718883.514303, 284
1619718883.542126, 285
1619718883.563145, 284
1619718883.581040, 284
1619718883.596325, 286
1619718883.615061, 285
1619718883.632315, 285
1619718883.651749, 284
1619718883.670424, 285
1619718883.688660, 285
1619718883.708694, 287
1619718883.725956, 286
1619718883.744918, 286
1619718883.764860, 286
1619718883.781506, 285
1619718883.799435, 284
1619718883.815989, 286
1619718883.833071, 284
1619718883.852996, 284
1619718883.870305, 287
1619718883.890498, 286
1619718883.912277, 286
1619718883.929845, 286
1619718883.947896, 286
1619718883.963742, 285
1619718883.981761, 286
1619718883.998459, 286
1619718884.015752, 286
1619718884.032291, 285
1619718884.049090, 286
1619718884.070512, 284
1619718884.090389, 284
1619718884.108933, 285
1619718884.133130, 285
1619718884.159543, 285
1619718884.178395, 286
1619718884.196526, 285
1619718884.216028, 284
1619718884.232542, 285
1619718884.250614, 285
1619718884.267968, 283
1619718884.289512, 284
1619718884.306833, 285
1619718884.324702, 284
1619718884.342748, 284
1619718884.362213, 284
1619718884.378527, 284
1619718884.398199, 285
1619718884.416222, 286
1619718884.434846, 285
1619718884.450762, 285
1619718884.474000, 286
1619718884.493248, 286
1619718884.515655, 285
1619718884.532228, 286
1619718884.548837, 285
1619718884.567563, 286
1619718884.586436, 285
1619718884.604698, 283
1619718884.625662, 285
1619718884.642970, 285
1619718884.660366, 286
1619718884.677577, 285
1619718884.696163, 285
1619718884.716023, 285
1619718884.761091, 286
1619718884.780730, 285
1619718884.797804, 286
1619718884.814325, 285
1619718884.831051, 285
1619718884.847452, 286
1619718884.866264, 286
1619718884.884768, 286
1619718884.904545, 288
1619718884.923315, 286
1619718884.942304, 286
1619718884.961308, 287
1619718884.977850, 287
1619718884.995214, 286
1619718885.012394, 287
1619718885.028844, 288
1619718885.045428, 286
1619718885.064299, 286
1619718885.080884, 287
1619718885.097121, 285
1619718885.115182, 287
1619718885.132519, 286
1619718885.152651, 285
1619718885.171448, 287
1619718885.191598, 286
1619718885.221882, 288
1619718885.243429, 287
1619718885.260803, 288
1619718885.277322, 287
1619718885.293986, 287
1619718885.311873, 287
1619718885.336504, 286
1619718885.366167, 288
1619718885.383676, 287
1619718885.400006, 287
1619718885.417317, 287
1619718885.439396, 287
1619718885.458387, 288
1619718885.475867, 289
1619718885.494440, 288
1619718885.512962, 288
1619718885.529556, 287
1619718885.545451, 287
1619718885.564103, 287
1619718885.581451, 287
1619718885.599316, 287
1619718885.615807, 288
1619718885.631643, 287
1619718885.648351, 288
1619718885.664807, 288
1619718885.683791, 287
1619718885.703586, 287
1619718885.723823, 287
1619718885.743309, 287
1619718885.763260, 287
1619718885.782743, 287
1619718885.799277, 287
1619718885.818046, 287
1619718885.838128, 289
1619718885.857433, 288
1619718885.875660, 287
1619718885.894393, 287
1619718885.910241, 287
1619718885.936431, 287
1619718885.957048, 286
1619718885.977093, 286
1619718885.993789, 287
1619718886.012598, 286
1619718886.029135, 287
1619718886.044984, 287
1619718886.062256, 288
1619718886.078160, 288
1619718886.096173, 288
1619718886.116375, 288
1619718886.137288, 285
1619718886.157907, 287
1619718886.176838, 287
1619718886.193557, 286
1619718886.210843, 287
1619718886.229511, 288
1619718886.246898, 287
1619718886.266315, 287
1619718886.283874, 287
1619718886.302992, 286
1619718886.321730, 287
1619718886.340524, 285
1619718886.359981, 286
1619718886.380341, 286
1619718886.396148, 287
1619718886.413430, 287
1619718886.429898, 288
1619718886.447027, 287
1619718886.464561, 286
1619718886.481851, 286
1619718886.498884, 288
1619718886.514925, 286
1619718886.552527, 287
1619718886.574662, 287
1619718886.591157, 287
1619718886.612842, 287
1619718886.629213, 287
1619718886.645805, 287
1619718886.664652, 288
1619718886.683552, 288
1619718886.703467, 287
1619718886.721498, 287
1619718886.740973, 286
1619718886.763398, 287
1619718886.780695, 287
1619718886.799320, 287
1619718886.816634, 288
1619718886.837622, 288
1619718886.857071, 286
1619718886.876321, 288
1619718886.893598, 288
1619718886.910868, 287
1619718886.928178, 288
1619718886.944193, 287
1619718886.970260, 288
1619718886.988212, 288
1619718887.007344, 288
1619718887.031493, 287
1619718887.049335, 288
1619718887.066427, 287
1619718887.086882, 287
1619718887.105344, 289
1619718887.123554, 288
1619718887.143420, 288
1619718887.167965, 288
1619718887.185775, 287
1619718887.203110, 287
1619718887.222945, 287
1619718887.241340, 287
1619718887.259303, 288
1619718887.276624, 287
1619718887.295682, 287
1619718887.312290, 287
1619718887.328318, 287
1619718887.346179, 287
1619718887.363950, 287
1619718887.384540, 287
1619718887.401896, 287
1619718887.421513, 287
1619718887.440771, 287
1619718887.457898, 288
1619718887.475100, 287
1619718887.492586, 287
1619718887.512342, 286
1619718887.531912, 287
1619718887.549824, 286
1619718887.567677, 286
1619718887.585541, 286
1619718887.605315, 286
1619718887.625188, 288
1619718887.647193, 290
1619718887.664343, 288
1619718887.685211, 288
1619718887.703112, 288
1619718887.721634, 288
1619718887.759631, 288
1619718887.781932, 287
1619718887.807582, 289
1619718887.829170, 288
1619718887.847742, 288
1619718887.866278, 289
1619718887.886653, 289
1619718887.904533, 289
1619718887.923026, 289
1619718887.940412, 288
1619718887.961003, 290
1619718887.978457, 289
1619718887.998265, 289
1619718888.017691, 289
1619718888.036865, 289
1619718888.057922, 289
1619718888.074476, 289
1619718888.093650, 289
1619718888.110247, 289
1619718888.126839, 289
1619718888.146839, 289
1619718888.165121, 289
1619718888.182110, 289
1619718888.198993, 291
1619718888.217518, 290
1619718888.234124, 289
1619718888.253102, 289
1619718888.274796, 289
1619718888.293593, 290
1619718888.311445, 290
1619718888.332096, 289
1619718888.368801, 289
1619718888.386667, 288
1619718888.408897, 288
1619718888.427199, 288
1619718888.445473, 289
1619718888.461625, 289
1619718888.478322, 290
1619718888.494277, 289
1619718888.513314, 288
1619718888.534723, 288
1619718888.553176, 289
1619718888.572072, 288
1619718888.590624, 289
1619718888.607940, 289
1619718888.628547, 289
1619718888.646652, 289
1619718888.664501, 288
1619718888.682214, 290
1619718888.702666, 288
1619718888.721607, 288
1619718888.741280, 290
1619718888.762679, 289
1619718888.779458, 289
1619718888.795518, 290
1619718888.812699, 290
1619718888.830523, 289
1619718888.847793, 291
1619718888.865657, 290
1619718888.882254, 289
1619718888.898887, 289
1619718888.915352, 290
1619718888.936543, 290
1619718888.960175, 291
1619718888.981704, 290
1619718888.999289, 289
1619718889.015853, 289
1619718889.032646, 290
1619718889.049062, 290
1619718889.065687, 289
1619718889.081634, 291
1619718889.098896, 290
1619718889.117551, 291
1619718889.134717, 291
1619718889.153532, 289
1619718889.172468, 288
1619718889.193185, 288
1619718889.213803, 288
1619718889.234224, 289
1619718889.260181, 288
1619718889.286991, 290
1619718889.309435, 290
1619718889.330132, 290
1619718889.347575, 291
1619718889.366125, 290
1619718889.383084, 290
1619718889.402515, 291
1619718889.422026, 291
1619718889.438903, 290
1619718889.456276, 289
1619718889.472199